0	0.0490075 	0.0219193 	-2.01088 	0.262299 	0.529812 	-0.011542 	
0.005	0.0490075 	0.0219193 	-2.01088 	0.262299 	0.529812 	-0.011542 	
0.01	0.0490075 	0.0219151 	-2.01088 	0.262299 	0.529812 	-0.0115417 	
0.015	0.0490075 	0.0219095 	-2.01087 	0.262299 	0.529814 	-0.0115414 	
0.02	0.0490075 	0.0219017 	-2.01087 	0.2623 	0.529815 	-0.0115408 	
0.025	0.0490075 	0.0218915 	-2.01086 	0.2623 	0.529817 	-0.0115402 	
0.03	0.0490075 	0.0218791 	-2.01085 	0.2623 	0.52982 	-0.0115394 	
0.035	0.0490075 	0.0218643 	-2.01084 	0.262301 	0.529823 	-0.0115384 	
0.04	0.0490075 	0.0218473 	-2.01083 	0.262301 	0.529827 	-0.0115373 	
0.045	0.0490075 	0.0218279 	-2.01081 	0.262302 	0.529831 	-0.0115361 	
0.05	0.0490075 	0.0218062 	-2.01079 	0.262303 	0.529835 	-0.0115347 	
0.055	0.0490075 	0.0217822 	-2.01077 	0.262304 	0.52984 	-0.0115331 	
0.06	0.0490076 	0.0217559 	-2.01075 	0.262304 	0.529846 	-0.0115314 	
0.065	0.0490076 	0.0217273 	-2.01073 	0.262305 	0.529852 	-0.0115296 	
0.07	0.0490076 	0.0216964 	-2.01071 	0.262306 	0.529858 	-0.0115276 	
0.075	0.0490076 	0.0216632 	-2.01068 	0.262307 	0.529865 	-0.0115255 	
0.08	0.0490076 	0.0216277 	-2.01065 	0.262309 	0.529873 	-0.0115232 	
0.085	0.0490077 	0.0215899 	-2.01062 	0.26231 	0.52988 	-0.0115208 	
0.09	0.0490077 	0.0215458 	-2.01059 	0.262311 	0.52989 	-0.0115179 	
0.095	0.0490077 	0.0215032 	-2.01056 	0.262313 	0.529899 	-0.0115152 	
0.1	0.0490078 	0.0214583 	-2.01052 	0.262314 	0.529908 	-0.0115123 	
0.105	0.0490078 	0.0214111 	-2.01048 	0.262316 	0.529918 	-0.0115093 	
0.11	0.0490078 	0.0213616 	-2.01044 	0.262317 	0.529928 	-0.0115061 	
0.115	0.0490079 	0.0213098 	-2.0104 	0.262319 	0.529939 	-0.0115028 	
0.12	0.0490079 	0.0212557 	-2.01036 	0.262321 	0.52995 	-0.0114993 	
0.125	0.049008 	0.0211994 	-2.01032 	0.262323 	0.529962 	-0.0114957 	
0.13	0.049008 	0.0211407 	-2.01027 	0.262325 	0.529974 	-0.011492 	
0.135	0.0490081 	0.0210798 	-2.01022 	0.262326 	0.529987 	-0.0114881 	
0.14	0.0490081 	0.0210167 	-2.01017 	0.262329 	0.53 	-0.0114841 	
0.145	0.0490082 	0.0209512 	-2.01012 	0.262331 	0.530014 	-0.0114799 	
0.15	0.0490083 	0.0208835 	-2.01007 	0.262333 	0.530028 	-0.0114756 	
0.155	0.0490084 	0.0208135 	-2.01001 	0.262335 	0.530042 	-0.0114711 	
0.16	0.0491108 	0.0205167 	-2.01014 	0.262434 	0.53164 	-0.0108284 	
0.165	0.0491109 	0.0204421 	-2.01008 	0.262436 	0.531655 	-0.0108236 	
0.17	0.049111 	0.0203653 	-2.01002 	0.262439 	0.531671 	-0.0108188 	
0.175	0.0491111 	0.0202863 	-2.00996 	0.262441 	0.531688 	-0.0108138 	
0.18	0.0491112 	0.020205 	-2.00989 	0.262444 	0.531704 	-0.0108086 	
0.185	0.0491113 	0.0201215 	-2.00983 	0.262446 	0.531722 	-0.0108034 	
0.19	0.0491114 	0.0200357 	-2.00976 	0.262449 	0.531739 	-0.010798 	
0.195	0.0491115 	0.0199477 	-2.00969 	0.262452 	0.531758 	-0.0107924 	
0.2	0.0491117 	0.0198574 	-2.00962 	0.262455 	0.531776 	-0.0107867 	
0.205	0.0491118 	0.0197649 	-2.00955 	0.262458 	0.531796 	-0.0107809 	
0.21	0.049112 	0.0196702 	-2.00947 	0.262461 	0.531815 	-0.010775 	
0.215	0.0491121 	0.0195733 	-2.0094 	0.262464 	0.531835 	-0.0107689 	
0.22	0.0492141 	0.0192526 	-2.0095 	0.262568 	0.533414 	-0.0101323 	
0.225	0.0492143 	0.0191512 	-2.00942 	0.262571 	0.533435 	-0.0101259 	
0.23	0.0492144 	0.0190476 	-2.00933 	0.262575 	0.533456 	-0.0101195 	
0.235	0.0492146 	0.0189418 	-2.00925 	0.262578 	0.533478 	-0.0101129 	
0.24	0.0492148 	0.0188338 	-2.00917 	0.262582 	0.5335 	-0.0101062 	
0.245	0.0492151 	0.0187236 	-2.00908 	0.262585 	0.533523 	-0.0100993 	
0.25	0.0492153 	0.0186112 	-2.00899 	0.262589 	0.533546 	-0.0100924 	
0.255	0.0492155 	0.0184966 	-2.0089 	0.262593 	0.53357 	-0.0100853 	
0.26	0.0492158 	0.0183798 	-2.00881 	0.262596 	0.533594 	-0.0100781 	
0.265	0.0492161 	0.0182608 	-2.00871 	0.2626 	0.533618 	-0.0100708 	
0.27	0.0493253 	0.0179047 	-2.0088 	0.262717 	0.535294 	-0.00939344 	
0.275	0.0493255 	0.0177813 	-2.00871 	0.262721 	0.535319 	-0.00938587 	
0.28	0.0493258 	0.0176558 	-2.00861 	0.262725 	0.535345 	-0.00937818 	
0.285	0.0493261 	0.0175282 	-2.00851 	0.262729 	0.535371 	-0.00937038 	
0.29	0.0493265 	0.0173984 	-2.00841 	0.262734 	0.535398 	-0.00936247 	
0.295	0.0493268 	0.0172664 	-2.0083 	0.262738 	0.535424 	-0.00935444 	
0.3	0.0493272 	0.0171323 	-2.0082 	0.262742 	0.535452 	-0.0093463 	
0.305	0.0493276 	0.0169961 	-2.00809 	0.262746 	0.535479 	-0.00933805 	
0.31	0.0494327 	0.0166336 	-2.00815 	0.262865 	0.53708 	-0.00868994 	
0.315	0.0494331 	0.0164931 	-2.00804 	0.262869 	0.537109 	-0.00868145 	
0.32	0.0494335 	0.0163505 	-2.00793 	0.262874 	0.537137 	-0.00867287 	
0.325	0.0494339 	0.0162058 	-2.00782 	0.262878 	0.537167 	-0.00866417 	
0.33	0.0494344 	0.0160589 	-2.0077 	0.262883 	0.537196 	-0.00865537 	
0.335	0.0494349 	0.01591 	-2.00758 	0.262888 	0.537227 	-0.00864647 	
0.34	0.0494354 	0.0157589 	-2.00746 	0.262893 	0.537257 	-0.00863747 	
0.345	0.0495394 	0.0153861 	-2.00751 	0.263015 	0.538827 	-0.00800029 	
0.35	0.0495399 	0.0152309 	-2.00739 	0.26302 	0.538859 	-0.00799107 	
0.355	0.0495405 	0.0150736 	-2.00727 	0.263025 	0.53889 	-0.00798176 	
0.36	0.0495411 	0.0149142 	-2.00714 	0.26303 	0.538922 	-0.00797235 	
0.365	0.0495417 	0.0147527 	-2.00701 	0.263035 	0.538955 	-0.00796284 	
0.37	0.0495423 	0.0145892 	-2.00688 	0.26304 	0.538987 	-0.00795325 	
0.375	0.0495429 	0.0144237 	-2.00675 	0.263045 	0.539021 	-0.00794356 	
0.38	0.0496572 	0.0140169 	-2.0068 	0.263185 	0.540728 	-0.00724879 	
0.385	0.0496579 	0.0138473 	-2.00667 	0.26319 	0.540762 	-0.0072389 	
0.39	0.0496586 	0.0136756 	-2.00653 	0.263195 	0.540796 	-0.00722892 	
0.395	0.0496593 	0.0135019 	-2.00639 	0.263201 	0.540831 	-0.00721886 	
0.4	0.0496601 	0.0133262 	-2.00625 	0.263206 	0.540866 	-0.00720872 	
0.405	0.0496609 	0.0131485 	-2.00611 	0.263212 	0.540901 	-0.00719849 	
0.41	0.0497699 	0.012743 	-2.00614 	0.26335 	0.542515 	-0.00654055 	
0.415	0.0497707 	0.0125613 	-2.006 	0.263356 	0.54255 	-0.00653014 	
0.42	0.0497716 	0.0123776 	-2.00585 	0.263362 	0.542587 	-0.00651965 	
0.425	0.0497725 	0.0121919 	-2.0057 	0.263368 	0.542623 	-0.00650909 	
0.43	0.0497734 	0.0120042 	-2.00556 	0.263373 	0.54266 	-0.00649845 	
0.435	0.0497743 	0.0118146 	-2.0054 	0.263379 	0.542698 	-0.00648774 	
0.44	0.0498906 	0.0113845 	-2.00543 	0.263532 	0.544401 	-0.00579135 	
0.445	0.0498916 	0.0111909 	-2.00528 	0.263538 	0.544439 	-0.00578047 	
0.45	0.0498926 	0.0109955 	-2.00512 	0.263544 	0.544477 	-0.00576953 	
0.455	0.0498937 	0.0107981 	-2.00497 	0.26355 	0.544516 	-0.00575852 	
0.46	0.0498948 	0.0105988 	-2.00481 	0.263556 	0.544555 	-0.00574744 	
0.465	0.0498959 	0.0103975 	-2.00465 	0.263563 	0.544594 	-0.0057363 	
0.47	0.0500208 	0.00994062 	-2.00468 	0.263732 	0.546403 	-0.00499442 	
0.475	0.0500219 	0.00973555 	-2.00451 	0.263738 	0.546443 	-0.00498313 	
0.48	0.0500232 	0.00952862 	-2.00435 	0.263745 	0.546483 	-0.00497179 	
0.485	0.0500244 	0.00931982 	-2.00418 	0.263751 	0.546523 	-0.00496039 	
0.49	0.0500257 	0.00910914 	-2.00401 	0.263758 	0.546564 	-0.00494893 	
0.495	0.0501389 	0.00866919 	-2.00401 	0.263917 	0.548188 	-0.00428132 	
0.5	0.0501403 	0.00845476 	-2.00384 	0.263923 	0.54823 	-0.00426974 	
0.505	0.0501417 	0.00823851 	-2.00367 	0.26393 	0.548271 	-0.0042581 	
0.51	0.0501431 	0.00802043 	-2.00349 	0.263937 	0.548313 	-0.00424642 	
0.515	0.0501446 	0.00780053 	-2.00332 	0.263943 	0.548355 	-0.00423469 	
0.52	0.0502621 	0.00734472 	-2.00331 	0.264113 	0.550026 	-0.00354639 	
0.525	0.0502637 	0.00712116 	-2.00313 	0.26412 	0.550068 	-0.00353454 	
0.53	0.0502653 	0.00689582 	-2.00295 	0.264127 	0.550111 	-0.00352266 	
0.535	0.0502669 	0.00666869 	-2.00277 	0.264134 	0.550155 	-0.00351073 	
0.54	0.0502686 	0.00643978 	-2.00259 	0.264141 	0.550198 	-0.00349877 	
0.545	0.0503922 	0.00596524 	-2.00258 	0.264324 	0.551935 	-0.00278057 	
0.55	0.050394 	0.00573276 	-2.0024 	0.264332 	0.551979 	-0.00276851 	
0.555	0.0503957 	0.00549856 	-2.00221 	0.264339 	0.552024 	-0.00275642 	
0.56	0.0503976 	0.00526262 	-2.00202 	0.264346 	0.552068 	-0.00274429 	
0.565	0.0503995 	0.00502495 	-2.00182 	0.264353 	0.552113 	-0.00273214 	
0.57	0.0505294 	0.00453179 	-2.00182 	0.264551 	0.553918 	-0.00198352 	
0.575	0.0505314 	0.00429064 	-2.00162 	0.264558 	0.553963 	-0.00197129 	
0.58	0.0505334 	0.00404783 	-2.00143 	0.264566 	0.554009 	-0.00195903 	
0.585	0.0505354 	0.00380332 	-2.00123 	0.264573 	0.554054 	-0.00194675 	
0.59	0.0505375 	0.00355713 	-2.00103 	0.26458 	0.5541 	-0.00193444 	
0.595	0.0506738 	0.0030458 	-2.00103 	0.264794 	0.555971 	-0.00115577 	
0.6	0.050676 	0.00279623 	-2.00082 	0.264802 	0.556017 	-0.0011434 	
0.605	0.0506782 	0.00254505 	-2.00062 	0.264809 	0.556064 	-0.00113102 	
0.61	0.0506805 	0.00229223 	-2.00041 	0.264817 	0.556111 	-0.00111862 	
0.615	0.0507974 	0.00181482 	-2.00037 	0.265005 	0.5577 	-0.000456172 	
0.62	0.0507997 	0.00155872 	-2.00016 	0.265013 	0.557747 	-0.000443729 	
0.625	0.0508022 	0.00130104 	-1.99995 	0.26502 	0.557794 	-0.000431278 	
0.63	0.0508046 	0.00104175 	-1.99974 	0.265028 	0.557842 	-0.000418822 	
0.635	0.0509233 	0.000556639 	-1.99969 	0.265223 	0.559439 	0.000248666 	
0.64	0.0509258 	0.000294161 	-1.99948 	0.265231 	0.559487 	0.000261155 	
0.645	0.0509284 	3.01428e-05 	-1.99927 	0.265239 	0.559535 	0.000273646 	
0.65	0.0509311 	-0.00023543 	-1.99905 	0.265246 	0.559583 	0.000286135 	
0.655	0.0510537 	-0.000732132 	-1.999 	0.265452 	0.561216 	0.000970657 	
0.66	0.0510564 	-0.00100081 	-1.99878 	0.26546 	0.561265 	0.000983166 	
0.665	0.0510593 	-0.00127099 	-1.99856 	0.265468 	0.561314 	0.000995669 	
0.67	0.0510622 	-0.00154268 	-1.99834 	0.265476 	0.561363 	0.00100816 	
0.675	0.0511889 	-0.00205107 	-1.99828 	0.265693 	0.563033 	0.00171068 	
0.68	0.0511918 	-0.00232578 	-1.99806 	0.265701 	0.563082 	0.00172318 	
0.685	0.0511949 	-0.00260194 	-1.99783 	0.265709 	0.563132 	0.00173566 	
0.69	0.051198 	-0.00287956 	-1.99761 	0.265717 	0.563181 	0.00174814 	
0.695	0.0513289 	-0.00339937 	-1.99755 	0.265946 	0.564889 	0.00246847 	
0.7	0.0513321 	-0.00367992 	-1.99732 	0.265954 	0.564938 	0.00248094 	
0.705	0.0513354 	-0.00396187 	-1.99709 	0.265962 	0.564988 	0.00249338 	
0.71	0.0513387 	-0.00424524 	-1.99686 	0.26597 	0.565038 	0.0025058 	
0.715	0.0514738 	-0.00477614 	-1.9968 	0.26621 	0.566781 	0.00324368 	
0.72	0.0514772 	-0.00506235 	-1.99656 	0.266219 	0.566831 	0.00325608 	
0.725	0.0514808 	-0.00534991 	-1.99632 	0.266227 	0.566882 	0.00326845 	
0.73	0.0514843 	-0.00563885 	-1.99609 	0.266235 	0.566932 	0.0032808 	
0.735	0.0516236 	-0.0061805 	-1.99603 	0.266488 	0.56871 	0.0040359 	
0.74	0.0516273 	-0.00647218 	-1.99579 	0.266496 	0.56876 	0.00404821 	
0.745	0.051631 	-0.00676516 	-1.99554 	0.266504 	0.568811 	0.00406049 	
0.75	0.0516349 	-0.00705946 	-1.9953 	0.266512 	0.568862 	0.00407273 	
0.755	0.0517783 	-0.00761152 	-1.99524 	0.266778 	0.570673 	0.00484474 	
0.76	0.0517823 	-0.00790847 	-1.99499 	0.266786 	0.570724 	0.00485694 	
0.765	0.0517863 	-0.00820668 	-1.99475 	0.266794 	0.570775 	0.00486909 	
0.77	0.0517903 	-0.00850616 	-1.9945 	0.266803 	0.570826 	0.0048812 	
0.775	0.051938 	-0.00906828 	-1.99443 	0.267081 	0.572669 	0.0056698 	
0.78	0.0519422 	-0.00937031 	-1.99418 	0.267089 	0.57272 	0.00568185 	
0.785	0.0519465 	-0.00967355 	-1.99393 	0.267097 	0.572771 	0.00569385 	
0.79	0.0519508 	-0.00997801 	-1.99368 	0.267106 	0.572823 	0.0057058 	
0.795	0.0521027 	-0.0105498 	-1.99361 	0.267397 	0.574696 	0.00651064 	
0.8	0.0521071 	-0.0108567 	-1.99335 	0.267406 	0.574748 	0.00652252 	
0.805	0.0521116 	-0.0111648 	-1.9931 	0.267414 	0.5748 	0.00653435 	
0.81	0.0521162 	-0.011474 	-1.99284 	0.267422 	0.574851 	0.00654612 	
0.815	0.0522723 	-0.0120552 	-1.99277 	0.267727 	0.576754 	0.00736685 	
0.82	0.052277 	-0.0123668 	-1.99251 	0.267735 	0.576806 	0.00737853 	
0.825	0.0522818 	-0.0126794 	-1.99225 	0.267744 	0.576858 	0.00739016 	
0.83	0.0522867 	-0.0129933 	-1.99199 	0.267752 	0.57691 	0.00740172 	
0.835	0.0524469 	-0.0135833 	-1.99191 	0.26807 	0.57884 	0.00823798 	
0.84	0.0524519 	-0.0138994 	-1.99165 	0.268079 	0.578892 	0.00824945 	
0.845	0.052457 	-0.0142165 	-1.99138 	0.268087 	0.578944 	0.00826085 	
0.85	0.0524621 	-0.0145347 	-1.99112 	0.268095 	0.578996 	0.00827218 	
0.855	0.0526265 	-0.0151333 	-1.99104 	0.268428 	0.580954 	0.00912361 	
0.86	0.0526318 	-0.0154537 	-1.99077 	0.268436 	0.581006 	0.00913483 	
0.865	0.0526371 	-0.015775 	-1.9905 	0.268444 	0.581058 	0.00914598 	
0.87	0.0526425 	-0.0160973 	-1.99023 	0.268453 	0.58111 	0.00915705 	
0.875	0.0528111 	-0.0167042 	-1.99015 	0.268799 	0.583093 	0.0100233 	
0.88	0.0528166 	-0.0170285 	-1.98988 	0.268807 	0.583145 	0.0100342 	
0.885	0.0528222 	-0.0173539 	-1.9896 	0.268816 	0.583197 	0.0100451 	
0.89	0.052957 	-0.0179024 	-1.98948 	0.269096 	0.584761 	0.0107287 	
0.895	0.0529627 	-0.0182297 	-1.9892 	0.269104 	0.584813 	0.0107395 	
0.9	0.0529685 	-0.0185579 	-1.98893 	0.269112 	0.584865 	0.0107501 	
0.905	0.0529744 	-0.018887 	-1.98865 	0.269121 	0.584917 	0.0107607 	
0.91	0.0531465 	-0.0195008 	-1.98856 	0.269484 	0.586897 	0.0116323 	
0.915	0.0531525 	-0.0198317 	-1.98828 	0.269492 	0.586949 	0.0116427 	
0.92	0.0531586 	-0.0201636 	-1.988 	0.2695 	0.587001 	0.011653 	
0.925	0.0532987 	-0.0207228 	-1.98787 	0.269799 	0.588592 	0.0123535 	
0.93	0.0533049 	-0.0210564 	-1.98758 	0.269807 	0.588643 	0.0123636 	
0.935	0.0533112 	-0.0213908 	-1.9873 	0.269816 	0.588695 	0.0123737 	
0.94	0.0534501 	-0.0219486 	-1.98716 	0.270115 	0.590257 	0.0130635 	
0.945	0.0534565 	-0.0222847 	-1.98688 	0.270123 	0.590308 	0.0130734 	
0.95	0.053463 	-0.0226215 	-1.98659 	0.270131 	0.59036 	0.0130833 	
0.955	0.0536039 	-0.023183 	-1.98645 	0.270438 	0.591929 	0.0137784 	
0.96	0.0536105 	-0.0235214 	-1.98616 	0.270446 	0.59198 	0.0137881 	
0.965	0.0536172 	-0.0238606 	-1.98588 	0.270454 	0.592032 	0.0137977 	
0.97	0.0537604 	-0.0244261 	-1.98573 	0.270769 	0.59361 	0.0144997 	
0.975	0.0537672 	-0.0247668 	-1.98544 	0.270777 	0.593661 	0.0145091 	
0.98	0.0537742 	-0.0251082 	-1.98515 	0.270785 	0.593713 	0.0145184 	
0.985	0.0539196 	-0.0256774 	-1.985 	0.271109 	0.595301 	0.0152274 	
0.99	0.0539266 	-0.0260203 	-1.98471 	0.271117 	0.595352 	0.0152365 	
0.995	0.0539338 	-0.0263637 	-1.98442 	0.271125 	0.595403 	0.0152455 	
1	0.0540814 	-0.0269366 	-1.98427 	0.271456 	0.597 	0.0159611 	
1.005	0.0540887 	-0.0272814 	-1.98398 	0.271464 	0.597051 	0.0159699 	
1.01	0.0540961 	-0.0276269 	-1.98368 	0.271472 	0.597102 	0.0159786 	
1.015	0.054246 	-0.0282032 	-1.98353 	0.271812 	0.598707 	0.0167008 	
1.02	0.0542535 	-0.0285499 	-1.98323 	0.27182 	0.598758 	0.0167092 	
1.025	0.0542611 	-0.0288971 	-1.98294 	0.271828 	0.598808 	0.0167176 	
1.03	0.0544132 	-0.0294766 	-1.98278 	0.272176 	0.600422 	0.0174461 	
1.035	0.0544209 	-0.029825 	-1.98248 	0.272184 	0.600472 	0.0174543 	
1.04	0.0544287 	-0.030174 	-1.98218 	0.272192 	0.600522 	0.0174623 	
1.045	0.054583 	-0.0307565 	-1.98203 	0.272548 	0.602143 	0.0181969 	
1.05	0.0545909 	-0.0311065 	-1.98173 	0.272556 	0.602193 	0.0182047 	
1.055	0.0545989 	-0.0314571 	-1.98143 	0.272564 	0.602242 	0.0182124 	
1.06	0.0547553 	-0.0320423 	-1.98127 	0.272929 	0.60387 	0.0189529 	
1.065	0.0547635 	-0.0323939 	-1.98096 	0.272936 	0.603919 	0.0189604 	
1.07	0.0547717 	-0.0327458 	-1.98066 	0.272944 	0.603969 	0.0189678 	
1.075	0.0549302 	-0.0333336 	-1.9805 	0.273317 	0.605602 	0.0197139 	
1.08	0.0549386 	-0.0336865 	-1.9802 	0.273325 	0.605651 	0.019721 	
1.085	0.054947 	-0.0340398 	-1.97989 	0.273332 	0.6057 	0.0197281 	
1.09	0.0551076 	-0.03463 	-1.97973 	0.273714 	0.607339 	0.0204797 	
1.095	0.0551162 	-0.0349841 	-1.97942 	0.273721 	0.607387 	0.0204865 	
1.1	0.0551248 	-0.0353386 	-1.97912 	0.273729 	0.607436 	0.0204932 	
1.105	0.0552875 	-0.0359308 	-1.97895 	0.274118 	0.60908 	0.02125 	
1.11	0.0552963 	-0.0362861 	-1.97864 	0.274126 	0.609128 	0.0212565 	
1.115	0.0553051 	-0.0366416 	-1.97833 	0.274133 	0.609176 	0.0212628 	
1.12	0.0554698 	-0.0372357 	-1.97817 	0.274531 	0.610823 	0.0220246 	
1.125	0.0554788 	-0.037592 	-1.97786 	0.274538 	0.610871 	0.0220307 	
1.13	0.0554878 	-0.0379484 	-1.97755 	0.274545 	0.610918 	0.0220367 	
1.135	0.0556545 	-0.0385442 	-1.97738 	0.274951 	0.61257 	0.0228033 	
1.14	0.0556636 	-0.0389013 	-1.97707 	0.274958 	0.612617 	0.022809 	
1.145	0.0556729 	-0.0392586 	-1.97676 	0.274966 	0.612664 	0.0228146 	
1.15	0.0558415 	-0.0398559 	-1.97658 	0.275379 	0.614318 	0.0235858 	
1.155	0.0558508 	-0.0402136 	-1.97627 	0.275386 	0.614364 	0.0235912 	
1.16	0.0558603 	-0.0405716 	-1.97596 	0.275394 	0.614411 	0.0235964 	
1.165	0.0560307 	-0.0411701 	-1.97579 	0.275815 	0.616067 	0.0243719 	
1.17	0.0560403 	-0.0415285 	-1.97547 	0.275822 	0.616113 	0.0243769 	
1.175	0.05605 	-0.041887 	-1.97516 	0.275829 	0.616159 	0.0243817 	
1.18	0.0562222 	-0.0424865 	-1.97498 	0.276259 	0.617817 	0.0251613 	
1.185	0.056232 	-0.0428453 	-1.97467 	0.276266 	0.617862 	0.0251659 	
1.19	0.0562419 	-0.0432043 	-1.97436 	0.276272 	0.617908 	0.0251704 	
1.195	0.0564159 	-0.0438045 	-1.97418 	0.27671 	0.619566 	0.0259538 	
1.2	0.0564259 	-0.0441637 	-1.97386 	0.276717 	0.619611 	0.025958 	
1.205	0.0564359 	-0.0445229 	-1.97355 	0.276723 	0.619656 	0.0259621 	
1.21	0.0566117 	-0.0451237 	-1.97337 	0.277168 	0.621315 	0.0267492 	
1.215	0.0566218 	-0.0454831 	-1.97305 	0.277175 	0.62136 	0.026753 	
1.22	0.0566321 	-0.0458425 	-1.97273 	0.277181 	0.621404 	0.0267566 	
1.225	0.0568095 	-0.0464437 	-1.97255 	0.277634 	0.623063 	0.027547 	
1.23	0.0568199 	-0.0468031 	-1.97224 	0.27764 	0.623106 	0.0275505 	
1.235	0.0568303 	-0.0471626 	-1.97192 	0.277647 	0.62315 	0.0275537 	
1.24	0.0570093 	-0.0477638 	-1.97174 	0.278107 	0.624808 	0.0283472 	
1.245	0.0570198 	-0.0481233 	-1.97142 	0.278113 	0.624851 	0.0283503 	
1.25	0.0570304 	-0.0484826 	-1.9711 	0.278119 	0.624894 	0.0283531 	
1.255	0.0572111 	-0.0490838 	-1.97092 	0.278587 	0.62655 	0.0291495 	
1.26	0.0572218 	-0.049443 	-1.9706 	0.278593 	0.626593 	0.0291521 	
1.265	0.0572325 	-0.0498021 	-1.97028 	0.278599 	0.626635 	0.0291546 	
1.27	0.0574146 	-0.0504029 	-1.97009 	0.279073 	0.628289 	0.0299535 	
1.275	0.0574255 	-0.0507619 	-1.96978 	0.279079 	0.628331 	0.0299558 	
1.28	0.0574364 	-0.0511206 	-1.96946 	0.279085 	0.628372 	0.0299578 	
1.285	0.05762 	-0.0517209 	-1.96927 	0.279566 	0.630024 	0.0307591 	
1.29	0.057631 	-0.0520794 	-1.96895 	0.279572 	0.630065 	0.0307609 	
1.295	0.0576421 	-0.0524377 	-1.96863 	0.279578 	0.630106 	0.0307626 	
1.3	0.0578271 	-0.0530372 	-1.96844 	0.280066 	0.631754 	0.0315659 	
1.305	0.0578383 	-0.0533952 	-1.96812 	0.280072 	0.631794 	0.0315674 	
1.31	0.0578495 	-0.0537528 	-1.9678 	0.280078 	0.631835 	0.0315686 	
1.315	0.0580358 	-0.0543514 	-1.96761 	0.280572 	0.633479 	0.0323737 	
1.32	0.0580471 	-0.0547086 	-1.96729 	0.280578 	0.633519 	0.0323748 	
1.325	0.0580585 	-0.0550656 	-1.96697 	0.280583 	0.633558 	0.0323756 	
1.33	0.058246 	-0.0556629 	-1.96678 	0.281084 	0.635198 	0.0331823 	
1.335	0.0582575 	-0.0560193 	-1.96646 	0.28109 	0.635237 	0.0331829 	
1.34	0.0582691 	-0.0563754 	-1.96614 	0.281095 	0.635275 	0.0331834 	
1.345	0.0584577 	-0.0569713 	-1.96595 	0.281602 	0.63691 	0.0339912 	
1.35	0.0584693 	-0.0573268 	-1.96563 	0.281608 	0.636948 	0.0339914 	
1.355	0.058481 	-0.0576819 	-1.96531 	0.281613 	0.636986 	0.0339915 	
1.36	0.0586708 	-0.0582762 	-1.96512 	0.282126 	0.638615 	0.0348003 	
1.365	0.0586826 	-0.0586306 	-1.9648 	0.282131 	0.638652 	0.0348002 	
1.37	0.0586944 	-0.0589846 	-1.96448 	0.282136 	0.63869 	0.0347998 	
1.375	0.0588852 	-0.059577 	-1.96429 	0.282655 	0.640312 	0.0356093 	
1.38	0.0588971 	-0.0599303 	-1.96397 	0.28266 	0.640349 	0.0356087 	
1.385	0.058909 	-0.060283 	-1.96365 	0.282665 	0.640386 	0.0356081 	
1.39	0.0591007 	-0.0608734 	-1.96345 	0.28319 	0.642001 	0.0364179 	
1.395	0.0591128 	-0.0612253 	-1.96313 	0.283194 	0.642037 	0.0364169 	
1.4	0.0591248 	-0.0615767 	-1.96282 	0.283199 	0.642073 	0.0364159 	
1.405	0.0593174 	-0.0621647 	-1.96262 	0.283729 	0.643681 	0.0372258 	
1.41	0.0593296 	-0.0625152 	-1.9623 	0.283734 	0.643716 	0.0372244 	
1.415	0.0593417 	-0.0628652 	-1.96199 	0.283738 	0.643751 	0.037223 	
1.42	0.0595351 	-0.0634507 	-1.96179 	0.284273 	0.645351 	0.0380327 	
1.425	0.0595474 	-0.0637996 	-1.96147 	0.284278 	0.645386 	0.038031 	
1.43	0.0595597 	-0.064148 	-1.96115 	0.284282 	0.64542 	0.0380291 	
1.435	0.0597537 	-0.0647308 	-1.96095 	0.284822 	0.647011 	0.0388383 	
1.44	0.0597661 	-0.0650781 	-1.96064 	0.284826 	0.647045 	0.0388363 	
1.445	0.0597785 	-0.0654247 	-1.96032 	0.28483 	0.647079 	0.038834 	
1.45	0.0599732 	-0.0660046 	-1.96012 	0.285375 	0.648661 	0.0396424 	
1.455	0.0599856 	-0.06635 	-1.95981 	0.285379 	0.648694 	0.03964 	
1.46	0.0599981 	-0.0666948 	-1.9595 	0.285382 	0.648727 	0.0396374 	
1.465	0.0601933 	-0.0672716 	-1.95929 	0.285931 	0.650299 	0.0404447 	
1.47	0.0602058 	-0.0676151 	-1.95898 	0.285935 	0.650331 	0.0404419 	
1.475	0.0602184 	-0.067958 	-1.95867 	0.285939 	0.650363 	0.0404389 	
1.48	0.0604141 	-0.0685314 	-1.95847 	0.286492 	0.651925 	0.0412448 	
1.485	0.0604267 	-0.0688729 	-1.95815 	0.286495 	0.651957 	0.0412416 	
1.49	0.0604394 	-0.0692137 	-1.95784 	0.286499 	0.651988 	0.0412383 	
1.495	0.0606354 	-0.0697836 	-1.95764 	0.287055 	0.653539 	0.0420424 	
1.5	0.060648 	-0.0701229 	-1.95733 	0.287059 	0.65357 	0.0420389 	
1.505	0.0606608 	-0.0704615 	-1.95702 	0.287062 	0.6536 	0.0420353 	
1.51	0.060857 	-0.0710276 	-1.95682 	0.287622 	0.65514 	0.0428374 	
1.515	0.0608698 	-0.0713647 	-1.95651 	0.287625 	0.65517 	0.0428335 	
1.52	0.0608826 	-0.0717009 	-1.9562 	0.287628 	0.6552 	0.0428295 	
1.525	0.061079 	-0.0722632 	-1.956 	0.288191 	0.656728 	0.0436292 	
1.53	0.0610918 	-0.0725978 	-1.95569 	0.288195 	0.656757 	0.043625 	
1.535	0.0611047 	-0.0729317 	-1.95538 	0.288198 	0.656786 	0.0436207 	
1.54	0.0613012 	-0.0734897 	-1.95518 	0.288763 	0.658301 	0.0444178 	
1.545	0.061314 	-0.0738219 	-1.95487 	0.288766 	0.65833 	0.0444133 	
1.55	0.0613269 	-0.0741532 	-1.95457 	0.288769 	0.658358 	0.0444086 	
1.555	0.0615234 	-0.0747069 	-1.95437 	0.289337 	0.65986 	0.0452027 	
1.56	0.0615363 	-0.0750365 	-1.95406 	0.28934 	0.659888 	0.0451979 	
1.565	0.0615493 	-0.0753651 	-1.95376 	0.289343 	0.659916 	0.0451929 	
1.57	0.0617456 	-0.0759143 	-1.95355 	0.289913 	0.661405 	0.0459837 	
1.575	0.0617586 	-0.0762412 	-1.95325 	0.289916 	0.661432 	0.0459786 	
1.58	0.0617715 	-0.0765671 	-1.95295 	0.289918 	0.661458 	0.0459733 	
1.585	0.0619677 	-0.0771115 	-1.95275 	0.290491 	0.662934 	0.0467604 	
1.59	0.0619806 	-0.0774355 	-1.95245 	0.290493 	0.66296 	0.046755 	
1.595	0.0619936 	-0.0777585 	-1.95215 	0.290495 	0.662986 	0.0467494 	
1.6	0.0621894 	-0.0782981 	-1.95195 	0.291069 	0.664447 	0.0475326 	
1.605	0.0622024 	-0.0786191 	-1.95165 	0.291071 	0.664472 	0.0475269 	
1.61	0.0622154 	-0.0789392 	-1.95135 	0.291073 	0.664497 	0.0475211 	
1.615	0.0624108 	-0.0794736 	-1.95115 	0.291648 	0.665943 	0.0483 	
1.62	0.0624238 	-0.0797916 	-1.95085 	0.29165 	0.665968 	0.048294 	
1.625	0.0624368 	-0.0801085 	-1.95056 	0.291652 	0.665992 	0.0482879 	
1.63	0.0624498 	-0.0804244 	-1.95026 	0.291654 	0.666017 	0.0482817 	
1.635	0.062699 	-0.081016 	-1.95009 	0.292401 	0.667865 	0.0492884 	
1.64	0.062712 	-0.0813298 	-1.9498 	0.292403 	0.667889 	0.0492821 	
1.645	0.062725 	-0.0816424 	-1.94951 	0.292405 	0.667913 	0.0492756 	
1.65	0.0629245 	-0.0821707 	-1.94931 	0.292998 	0.669364 	0.0500672 	
1.655	0.0629375 	-0.0824811 	-1.94902 	0.293 	0.669387 	0.0500606 	
1.66	0.0629505 	-0.0827904 	-1.94873 	0.293002 	0.66941 	0.0500539 	
1.665	0.0629635 	-0.0830986 	-1.94844 	0.293003 	0.669433 	0.0500471 	
1.67	0.0632111 	-0.0836761 	-1.94827 	0.293752 	0.671237 	0.0510407 	
1.675	0.063224 	-0.083982 	-1.94798 	0.293754 	0.671259 	0.0510337 	
1.68	0.0632369 	-0.0842867 	-1.9477 	0.293755 	0.671281 	0.0510267 	
1.685	0.0632499 	-0.0845902 	-1.94741 	0.293757 	0.671303 	0.0510196 	
1.69	0.0635009 	-0.0851644 	-1.94724 	0.294521 	0.673115 	0.0520246 	
1.695	0.0635138 	-0.0854656 	-1.94696 	0.294522 	0.673136 	0.0520174 	
1.7	0.0635267 	-0.0857655 	-1.94668 	0.294523 	0.673157 	0.0520101 	
1.705	0.0635396 	-0.0860641 	-1.9464 	0.294525 	0.673178 	0.0520027 	
1.71	0.0637894 	-0.0866296 	-1.94623 	0.295289 	0.674963 	0.0529989 	
1.715	0.0638022 	-0.0869258 	-1.94595 	0.29529 	0.674983 	0.0529914 	
1.72	0.063815 	-0.0872207 	-1.94567 	0.295291 	0.675003 	0.0529838 	
1.725	0.0638278 	-0.0875144 	-1.9454 	0.295292 	0.675023 	0.0529762 	
1.73	0.0640756 	-0.0880702 	-1.94523 	0.296053 	0.676777 	0.0539608 	
1.735	0.0640883 	-0.0883613 	-1.94495 	0.296054 	0.676796 	0.0539531 	
1.74	0.0641011 	-0.0886511 	-1.94468 	0.296055 	0.676816 	0.0539453 	
1.745	0.0641138 	-0.0889395 	-1.94441 	0.296056 	0.676834 	0.0539374 	
1.75	0.0643592 	-0.0894854 	-1.94424 	0.296814 	0.678556 	0.0549095 	
1.755	0.0643719 	-0.0897712 	-1.94397 	0.296814 	0.678574 	0.0549015 	
1.76	0.0643845 	-0.0900556 	-1.9437 	0.296815 	0.678592 	0.0548935 	
1.765	0.0643971 	-0.0903387 	-1.94343 	0.296815 	0.67861 	0.0548854 	
1.77	0.06464 	-0.0908742 	-1.94327 	0.297569 	0.680298 	0.0558442 	
1.775	0.0646525 	-0.0911546 	-1.943 	0.297569 	0.680315 	0.055836 	
1.78	0.0646651 	-0.0914336 	-1.94274 	0.29757 	0.680332 	0.0558278 	
1.785	0.0646776 	-0.0917111 	-1.94248 	0.29757 	0.68035 	0.0558195 	
1.79	0.0649176 	-0.092236 	-1.94231 	0.298318 	0.682002 	0.0567641 	
1.795	0.0649301 	-0.0925107 	-1.94205 	0.298318 	0.682019 	0.0567558 	
1.8	0.0649425 	-0.0927841 	-1.94179 	0.298318 	0.682035 	0.0567474 	
1.805	0.0649548 	-0.0930559 	-1.94153 	0.298319 	0.682052 	0.0567389 	
1.81	0.0651918 	-0.0935698 	-1.94137 	0.29906 	0.683669 	0.0576686 	
1.815	0.0652041 	-0.0938388 	-1.94111 	0.29906 	0.683685 	0.0576601 	
1.82	0.0652164 	-0.0941063 	-1.94086 	0.29906 	0.6837 	0.0576516 	
1.825	0.0652286 	-0.0943724 	-1.94061 	0.29906 	0.683716 	0.057643 	
1.83	0.0654623 	-0.094875 	-1.94044 	0.299794 	0.685296 	0.058557 	
1.835	0.0654744 	-0.0951381 	-1.94019 	0.299794 	0.685312 	0.0585484 	
1.84	0.0654865 	-0.0953996 	-1.93994 	0.299794 	0.685326 	0.0585397 	
1.845	0.0654986 	-0.0956596 	-1.9397 	0.299794 	0.685341 	0.058531 	
1.85	0.0657287 	-0.0961507 	-1.93954 	0.300519 	0.686885 	0.0594286 	
1.855	0.0657407 	-0.0964077 	-1.93929 	0.300519 	0.686899 	0.0594198 	
1.86	0.0657526 	-0.0966631 	-1.93905 	0.300519 	0.686913 	0.059411 	
1.865	0.0657645 	-0.096917 	-1.9388 	0.300519 	0.686927 	0.0594022 	
1.87	0.0659909 	-0.0973963 	-1.93865 	0.301235 	0.688432 	0.0602826 	
1.875	0.0660026 	-0.097647 	-1.93841 	0.301235 	0.688446 	0.0602738 	
1.88	0.0660143 	-0.0978962 	-1.93817 	0.301234 	0.688459 	0.0602649 	
1.885	0.066026 	-0.0981438 	-1.93793 	0.301234 	0.688472 	0.0602561 	
1.89	0.0662484 	-0.0986109 	-1.93778 	0.30194 	0.689939 	0.0611185 	
1.895	0.0662599 	-0.0988553 	-1.93754 	0.301939 	0.689952 	0.0611096 	
1.9	0.0662715 	-0.0990981 	-1.93731 	0.301939 	0.689964 	0.0611007 	
1.905	0.0662829 	-0.0993392 	-1.93708 	0.301938 	0.689977 	0.0610918 	
1.91	0.066501 	-0.099794 	-1.93693 	0.302633 	0.691404 	0.0619355 	
1.915	0.0665124 	-0.100032 	-1.9367 	0.302632 	0.691416 	0.0619265 	
1.92	0.0665237 	-0.100268 	-1.93647 	0.302632 	0.691428 	0.0619176 	
1.925	0.0665349 	-0.100503 	-1.93625 	0.302631 	0.69144 	0.0619087 	
1.93	0.0667485 	-0.100945 	-1.9361 	0.303314 	0.692827 	0.0627329 	
1.935	0.0667596 	-0.101176 	-1.93587 	0.303313 	0.692838 	0.062724 	
1.94	0.0667706 	-0.101406 	-1.93565 	0.303312 	0.692849 	0.0627151 	
1.945	0.0667817 	-0.101634 	-1.93543 	0.303312 	0.69286 	0.0627062 	
1.95	0.0667926 	-0.10186 	-1.93522 	0.303311 	0.692871 	0.0626973 	
1.955	0.067045 	-0.102332 	-1.93509 	0.304129 	0.694511 	0.0636804 	
1.96	0.0670558 	-0.102555 	-1.93487 	0.304128 	0.694521 	0.0636715 	
1.965	0.0670666 	-0.102776 	-1.93466 	0.304127 	0.694532 	0.0636626 	
1.97	0.0670773 	-0.102995 	-1.93445 	0.304126 	0.694542 	0.0636538 	
1.975	0.0670879 	-0.103213 	-1.93424 	0.304125 	0.694552 	0.0636449 	
1.98	0.0673373 	-0.103671 	-1.93411 	0.304937 	0.696158 	0.0646145 	
1.985	0.0673477 	-0.103885 	-1.93391 	0.304936 	0.696168 	0.0646057 	
1.99	0.0673581 	-0.104098 	-1.9337 	0.304935 	0.696178 	0.0645969 	
1.995	0.0673685 	-0.104308 	-1.9335 	0.304934 	0.696187 	0.0645882 	
2	0.0673788 	-0.104517 	-1.93329 	0.304933 	0.696196 	0.0645794 	
2.005	0.0676204 	-0.104957 	-1.93317 	0.305722 	0.69774 	0.0655167 	
2.01	0.0676305 	-0.105162 	-1.93298 	0.305721 	0.697749 	0.0655081 	
2.015	0.0676406 	-0.105366 	-1.93278 	0.30572 	0.697758 	0.0654994 	
2.02	0.0676506 	-0.105567 	-1.93258 	0.305719 	0.697766 	0.0654908 	
2.025	0.0676605 	-0.105767 	-1.93239 	0.305718 	0.697775 	0.0654822 	
2.03	0.0678936 	-0.106188 	-1.93227 	0.306482 	0.699251 	0.066384 	
2.035	0.0679033 	-0.106385 	-1.93208 	0.306481 	0.69926 	0.0663755 	
2.04	0.067913 	-0.106579 	-1.93189 	0.30648 	0.699268 	0.066367 	
2.045	0.0679226 	-0.106771 	-1.93171 	0.306479 	0.699276 	0.0663586 	
2.05	0.0679322 	-0.106962 	-1.93152 	0.306478 	0.699284 	0.0663501 	
2.055	0.0681562 	-0.107364 	-1.93141 	0.307215 	0.700692 	0.0672151 	
2.06	0.0681655 	-0.10755 	-1.93123 	0.307214 	0.700699 	0.0672068 	
2.065	0.0681748 	-0.107735 	-1.93105 	0.307212 	0.700707 	0.0671985 	
2.07	0.068184 	-0.107919 	-1.93087 	0.307211 	0.700714 	0.0671902 	
2.075	0.0681932 	-0.1081 	-1.93069 	0.30721 	0.700721 	0.067182 	
2.08	0.0682022 	-0.108279 	-1.93052 	0.307209 	0.700728 	0.0671739 	
2.085	0.0684524 	-0.108694 	-1.93042 	0.30804 	0.702298 	0.0681456 	
2.09	0.0684613 	-0.10887 	-1.93025 	0.308039 	0.702305 	0.0681376 	
2.095	0.0684701 	-0.109044 	-1.93008 	0.308038 	0.702312 	0.0681296 	
2.1	0.0684788 	-0.109215 	-1.92992 	0.308037 	0.702318 	0.0681216 	
2.105	0.0684875 	-0.109385 	-1.92975 	0.308036 	0.702325 	0.0681137 	
2.11	0.068496 	-0.109553 	-1.92959 	0.308034 	0.702331 	0.0681058 	
2.115	0.0687361 	-0.109945 	-1.9295 	0.308836 	0.703825 	0.0690371 	
2.12	0.0687445 	-0.110109 	-1.92934 	0.308834 	0.703832 	0.0690294 	
2.125	0.0687527 	-0.110272 	-1.92918 	0.308833 	0.703837 	0.0690217 	
2.13	0.0687609 	-0.110432 	-1.92902 	0.308832 	0.703843 	0.0690141 	
2.135	0.068769 	-0.11059 	-1.92887 	0.308831 	0.703849 	0.0690065 	
2.14	0.068777 	-0.110746 	-1.92872 	0.308829 	0.703855 	0.0689991 	
2.145	0.0690028 	-0.111112 	-1.92863 	0.309585 	0.705249 	0.0698729 	
2.15	0.0690106 	-0.111264 	-1.92848 	0.309584 	0.705254 	0.0698656 	
2.155	0.0690183 	-0.111414 	-1.92834 	0.309583 	0.70526 	0.0698583 	
2.16	0.069026 	-0.111563 	-1.92819 	0.309582 	0.705265 	0.0698511 	
2.165	0.0690335 	-0.111709 	-1.92805 	0.30958 	0.70527 	0.069844 	
2.17	0.069041 	-0.111853 	-1.92791 	0.309579 	0.705275 	0.0698369 	
2.175	0.0690483 	-0.111996 	-1.92777 	0.309578 	0.70528 	0.0698299 	
2.18	0.0692875 	-0.112359 	-1.9277 	0.310385 	0.706752 	0.0707593 	
2.185	0.0692946 	-0.112498 	-1.92756 	0.310384 	0.706757 	0.0707525 	
2.19	0.0693017 	-0.112634 	-1.92743 	0.310383 	0.706762 	0.0707457 	
2.195	0.0693087 	-0.112769 	-1.9273 	0.310382 	0.706766 	0.070739 	
2.2	0.0693155 	-0.112901 	-1.92717 	0.31038 	0.70677 	0.0707324 	
2.205	0.0693223 	-0.113031 	-1.92704 	0.310379 	0.706775 	0.0707259 	
2.21	0.069329 	-0.113159 	-1.92692 	0.310378 	0.706779 	0.0707195 	
2.215	0.06955 	-0.113491 	-1.92685 	0.311127 	0.70813 	0.0715773 	
2.22	0.0695564 	-0.113615 	-1.92673 	0.311126 	0.708134 	0.071571 	
2.225	0.0695628 	-0.113737 	-1.92661 	0.311125 	0.708138 	0.0715648 	
2.23	0.0695691 	-0.113857 	-1.9265 	0.311124 	0.708141 	0.0715587 	
2.235	0.0695752 	-0.113975 	-1.92638 	0.311122 	0.708145 	0.0715527 	
2.24	0.0695813 	-0.114091 	-1.92627 	0.311121 	0.708149 	0.0715468 	
2.245	0.0695873 	-0.114205 	-1.92615 	0.31112 	0.708152 	0.0715409 	
2.25	0.0695931 	-0.114317 	-1.92604 	0.311119 	0.708156 	0.0715352 	
2.255	0.0698148 	-0.114632 	-1.926 	0.311875 	0.709506 	0.0723979 	
2.26	0.0698204 	-0.114739 	-1.92589 	0.311874 	0.709509 	0.0723924 	
2.265	0.069826 	-0.114845 	-1.92579 	0.311873 	0.709512 	0.0723869 	
2.27	0.0698314 	-0.114949 	-1.92569 	0.311872 	0.709515 	0.0723815 	
2.275	0.0698367 	-0.11505 	-1.92559 	0.311871 	0.709518 	0.0723762 	
2.28	0.069842 	-0.11515 	-1.92549 	0.31187 	0.709521 	0.0723711 	
2.285	0.0698471 	-0.115247 	-1.92539 	0.311869 	0.709524 	0.072366 	
2.29	0.0698521 	-0.115342 	-1.9253 	0.311868 	0.709527 	0.072361 	
2.295	0.069857 	-0.115436 	-1.92521 	0.311867 	0.70953 	0.0723561 	
2.3	0.0698619 	-0.115527 	-1.92512 	0.311866 	0.709533 	0.0723513 	
2.305	0.0700937 	-0.11583 	-1.92509 	0.312665 	0.710941 	0.0732587 	
2.31	0.0700983 	-0.115916 	-1.92501 	0.312664 	0.710944 	0.0732541 	
2.315	0.0701028 	-0.116001 	-1.92492 	0.312663 	0.710946 	0.0732497 	
2.32	0.0701071 	-0.116084 	-1.92484 	0.312662 	0.710949 	0.0732453 	
2.325	0.0701114 	-0.116164 	-1.92476 	0.312661 	0.710951 	0.073241 	
2.33	0.0701155 	-0.116243 	-1.92469 	0.31266 	0.710953 	0.0732368 	
2.335	0.0701196 	-0.116319 	-1.92461 	0.312659 	0.710956 	0.0732328 	
2.34	0.0701235 	-0.116393 	-1.92454 	0.312659 	0.710958 	0.0732288 	
2.345	0.0701273 	-0.116466 	-1.92447 	0.312658 	0.71096 	0.0732249 	
2.35	0.0701311 	-0.116536 	-1.9244 	0.312657 	0.710962 	0.0732212 	
2.355	0.0701347 	-0.116603 	-1.92433 	0.312656 	0.710964 	0.0732176 	
2.36	0.0701382 	-0.116669 	-1.92427 	0.312656 	0.710965 	0.073214 	
2.365	0.0701415 	-0.116733 	-1.9242 	0.312655 	0.710967 	0.0732106 	
2.37	0.0703703 	-0.117005 	-1.9242 	0.31345 	0.712354 	0.0741111 	
2.375	0.0703734 	-0.117064 	-1.92415 	0.313449 	0.712356 	0.0741079 	
2.38	0.0703765 	-0.117121 	-1.92409 	0.313449 	0.712358 	0.0741048 	
2.385	0.0703794 	-0.117176 	-1.92403 	0.313448 	0.712359 	0.0741018 	
2.39	0.0703822 	-0.117229 	-1.92398 	0.313447 	0.71236 	0.074099 	
2.395	0.0703849 	-0.11728 	-1.92393 	0.313447 	0.712362 	0.0740962 	
2.4	0.0703875 	-0.117329 	-1.92388 	0.313446 	0.712363 	0.0740936 	
2.405	0.07039 	-0.117375 	-1.92384 	0.313446 	0.712364 	0.0740911 	
2.41	0.0703923 	-0.117419 	-1.92379 	0.313445 	0.712366 	0.0740886 	
2.415	0.0703946 	-0.117461 	-1.92375 	0.313445 	0.712367 	0.0740863 	
2.42	0.0703967 	-0.117501 	-1.92371 	0.313444 	0.712368 	0.0740842 	
2.425	0.0703985 	-0.117536 	-1.92368 	0.313444 	0.712369 	0.0740823 	
2.43	0.0704006 	-0.117575 	-1.92364 	0.313443 	0.71237 	0.0740802 	
2.435	0.0704023 	-0.117605 	-1.92361 	0.313443 	0.712371 	0.0740785 	
2.44	0.0704039 	-0.117637 	-1.92358 	0.313443 	0.712371 	0.0740768 	
2.445	0.0704055 	-0.117666 	-1.92355 	0.313442 	0.712372 	0.0740752 	
2.45	0.070407 	-0.117693 	-1.92352 	0.313442 	0.712373 	0.0740737 	
2.455	0.0704083 	-0.117718 	-1.9235 	0.313442 	0.712374 	0.0740723 	
2.46	0.0704095 	-0.117741 	-1.92348 	0.313442 	0.712374 	0.074071 	
2.465	0.0704106 	-0.117762 	-1.92346 	0.313441 	0.712375 	0.0740699 	
2.47	0.0704116 	-0.117781 	-1.92344 	0.313441 	0.712375 	0.0740689 	
2.475	0.0704125 	-0.117797 	-1.92342 	0.313441 	0.712376 	0.074068 	
2.48	0.0704133 	-0.117812 	-1.92341 	0.313441 	0.712376 	0.0740672 	
2.485	0.0704139 	-0.117824 	-1.9234 	0.313441 	0.712376 	0.0740665 	
2.49	0.0704145 	-0.117834 	-1.92339 	0.31344 	0.712377 	0.074066 	
2.495	0.0704149 	-0.117842 	-1.92338 	0.31344 	0.712377 	0.0740655 	
2.5	0.0704152 	-0.117847 	-1.92337 	0.31344 	0.712377 	0.0740652 	
2.505	0.0704152 	-0.117847 	-1.92337 	0.31344 	0.712377 	0.0740652 	
2.51	0.0704152 	-0.117847 	-1.92337 	0.31344 	0.712377 	0.0740652 	
2.515	0.0704152 	-0.117847 	-1.92337 	0.31344 	0.712377 	0.0740652 	
2.52	0.070414 	-0.117852 	-1.92336 	0.31344 	0.712373 	0.0740652 	
2.525	0.0704144 	-0.117855 	-1.92336 	0.313438 	0.712368 	0.0740624 	
2.53	0.0704151 	-0.117858 	-1.92334 	0.313436 	0.71236 	0.0740582 	
2.535	0.0704161 	-0.117863 	-1.92333 	0.313433 	0.71235 	0.0740527 	
2.54	0.0704173 	-0.117869 	-1.92331 	0.313429 	0.712338 	0.0740461 	
2.545	0.0704187 	-0.117876 	-1.92329 	0.313424 	0.712324 	0.0740382 	
2.55	0.0704203 	-0.117885 	-1.92326 	0.313419 	0.712307 	0.074029 	
2.555	0.0704221 	-0.117894 	-1.92323 	0.313413 	0.712288 	0.0740186 	
2.56	0.0704242 	-0.117904 	-1.9232 	0.313406 	0.712267 	0.074007 	
2.565	0.0704265 	-0.117916 	-1.92316 	0.313399 	0.712244 	0.0739941 	
2.57	0.070429 	-0.117929 	-1.92312 	0.313391 	0.712218 	0.07398 	
2.575	0.070432 	-0.117944 	-1.92307 	0.313381 	0.712187 	0.0739631 	
2.58	0.070435 	-0.117959 	-1.92302 	0.313372 	0.712157 	0.0739464 	
2.585	0.0704382 	-0.117975 	-1.92297 	0.313361 	0.712124 	0.0739285 	
2.59	0.0704416 	-0.117992 	-1.92292 	0.31335 	0.712089 	0.0739093 	
2.595	0.0704452 	-0.11801 	-1.92286 	0.313339 	0.712052 	0.073889 	
2.6	0.0704491 	-0.11803 	-1.9228 	0.313326 	0.712013 	0.0738674 	
2.605	0.0704531 	-0.11805 	-1.92273 	0.313313 	0.711971 	0.0738445 	
2.61	0.0704574 	-0.118072 	-1.92266 	0.313299 	0.711927 	0.0738205 	
2.615	0.0704619 	-0.118094 	-1.92259 	0.313285 	0.711881 	0.0737952 	
2.62	0.0704666 	-0.118118 	-1.92251 	0.31327 	0.711833 	0.0737687 	
2.625	0.0704716 	-0.118143 	-1.92244 	0.313254 	0.711783 	0.0737409 	
2.63	0.0704767 	-0.118169 	-1.92235 	0.313237 	0.71173 	0.073712 	
2.635	0.0704821 	-0.118196 	-1.92227 	0.31322 	0.711675 	0.0736819 	
2.64	0.0704877 	-0.118224 	-1.92218 	0.313202 	0.711618 	0.0736505 	
2.645	0.0704935 	-0.118254 	-1.92208 	0.313183 	0.711558 	0.0736179 	
2.65	0.0704995 	-0.118284 	-1.92199 	0.313164 	0.711497 	0.0735841 	
2.655	0.0705057 	-0.118316 	-1.92189 	0.313144 	0.711433 	0.0735491 	
2.66	0.0705122 	-0.118348 	-1.92178 	0.313123 	0.711367 	0.0735129 	
2.665	0.0705188 	-0.118382 	-1.92167 	0.313102 	0.711299 	0.0734755 	
2.67	0.0705257 	-0.118416 	-1.92156 	0.31308 	0.711228 	0.073437 	
2.675	0.0705328 	-0.118452 	-1.92145 	0.313057 	0.711156 	0.0733972 	
2.68	0.0705401 	-0.118489 	-1.92133 	0.313034 	0.711081 	0.0733562 	
2.685	0.0705476 	-0.118527 	-1.92121 	0.31301 	0.711004 	0.073314 	
2.69	0.0705553 	-0.118566 	-1.92109 	0.312985 	0.710925 	0.0732707 	
2.695	0.0705633 	-0.118606 	-1.92096 	0.312959 	0.710844 	0.0732261 	
2.7	0.0705714 	-0.118648 	-1.92083 	0.312933 	0.71076 	0.0731804 	
2.705	0.0705798 	-0.11869 	-1.92069 	0.312906 	0.710675 	0.0731335 	
2.71	0.0705884 	-0.118733 	-1.92055 	0.312879 	0.710587 	0.0730854 	
2.715	0.0705971 	-0.118778 	-1.92041 	0.312851 	0.710497 	0.0730362 	
2.72	0.0706061 	-0.118823 	-1.92027 	0.312822 	0.710405 	0.0729858 	
2.725	0.0706153 	-0.11887 	-1.92012 	0.312792 	0.710311 	0.0729342 	
2.73	0.0706247 	-0.118917 	-1.91997 	0.312762 	0.710214 	0.0728815 	
2.735	0.0706344 	-0.118966 	-1.91981 	0.312731 	0.710116 	0.0728276 	
2.74	0.0706442 	-0.119016 	-1.91966 	0.3127 	0.710015 	0.0727726 	
2.745	0.0706542 	-0.119066 	-1.91949 	0.312668 	0.709913 	0.0727164 	
2.75	0.0706644 	-0.119118 	-1.91933 	0.312635 	0.709808 	0.0726591 	
2.755	0.0706749 	-0.119171 	-1.91916 	0.312602 	0.709701 	0.0726006 	
2.76	0.0706855 	-0.119225 	-1.91899 	0.312568 	0.709592 	0.072541 	
2.765	0.0706964 	-0.11928 	-1.91881 	0.312533 	0.709481 	0.0724802 	
2.77	0.0707074 	-0.119336 	-1.91864 	0.312498 	0.709368 	0.0724184 	
2.775	0.0707187 	-0.119393 	-1.91845 	0.312462 	0.709252 	0.0723554 	
2.78	0.0707301 	-0.119451 	-1.91827 	0.312425 	0.709135 	0.0722913 	
2.785	0.0707532 	-0.119217 	-1.91801 	0.312792 	0.70754 	0.0728683 	
2.79	0.070765 	-0.119277 	-1.91782 	0.312754 	0.707418 	0.072802 	
2.795	0.0707771 	-0.119339 	-1.91763 	0.312716 	0.707295 	0.0727345 	
2.8	0.0707894 	-0.119401 	-1.91743 	0.312677 	0.70717 	0.072666 	
2.805	0.0708018 	-0.119464 	-1.91723 	0.312637 	0.707042 	0.0725964 	
2.81	0.0708145 	-0.119528 	-1.91703 	0.312597 	0.706913 	0.0725257 	
2.815	0.0708273 	-0.119594 	-1.91682 	0.312556 	0.706781 	0.072454 	
2.82	0.0708404 	-0.11966 	-1.91661 	0.312515 	0.706647 	0.0723811 	
2.825	0.0708536 	-0.119728 	-1.91639 	0.312473 	0.706512 	0.0723072 	
2.83	0.0708671 	-0.119796 	-1.91618 	0.31243 	0.706374 	0.0722322 	
2.835	0.0708807 	-0.119865 	-1.91596 	0.312387 	0.706235 	0.0721561 	
2.84	0.0708945 	-0.119936 	-1.91573 	0.312343 	0.706093 	0.072079 	
2.845	0.0709086 	-0.120007 	-1.91551 	0.312298 	0.70595 	0.0720008 	
2.85	0.0709228 	-0.12008 	-1.91528 	0.312253 	0.705805 	0.0719215 	
2.855	0.0708328 	-0.119856 	-1.91497 	0.312078 	0.703994 	0.071815 	
2.86	0.0708475 	-0.119931 	-1.91473 	0.312032 	0.703845 	0.0717338 	
2.865	0.0708623 	-0.120006 	-1.9145 	0.311986 	0.703694 	0.0716515 	
2.87	0.0708773 	-0.120082 	-1.91425 	0.311939 	0.703541 	0.0715683 	
2.875	0.0708989 	-0.120167 	-1.914 	0.311888 	0.703385 	0.0714755 	
2.88	0.0709144 	-0.120245 	-1.91375 	0.31184 	0.703228 	0.0713901 	
2.885	0.0709299 	-0.120325 	-1.9135 	0.311791 	0.703069 	0.0713038 	
2.89	0.0709457 	-0.120405 	-1.91325 	0.311742 	0.702908 	0.0712165 	
2.895	0.0709616 	-0.120486 	-1.91299 	0.311692 	0.702746 	0.0711282 	
2.9	0.0709778 	-0.120568 	-1.91273 	0.311641 	0.702581 	0.071039 	
2.905	0.0709941 	-0.120651 	-1.91247 	0.31159 	0.702415 	0.0709487 	
2.91	0.0710105 	-0.120735 	-1.9122 	0.311538 	0.702247 	0.0708574 	
2.915	0.0709102 	-0.12052 	-1.91185 	0.311304 	0.700369 	0.070673 	
2.92	0.0709271 	-0.120606 	-1.91158 	0.311252 	0.700197 	0.0705799 	
2.925	0.0709442 	-0.120693 	-1.91131 	0.311199 	0.700023 	0.0704859 	
2.93	0.0709614 	-0.120781 	-1.91103 	0.311145 	0.699848 	0.070391 	
2.935	0.0709788 	-0.120869 	-1.91075 	0.311091 	0.699671 	0.0702951 	
2.94	0.0709964 	-0.120959 	-1.91047 	0.311037 	0.699492 	0.0701982 	
2.945	0.0710142 	-0.12105 	-1.91018 	0.310982 	0.699311 	0.0701004 	
2.95	0.0710321 	-0.121141 	-1.90989 	0.310926 	0.699128 	0.0700017 	
2.955	0.0710502 	-0.121234 	-1.9096 	0.31087 	0.698944 	0.0699021 	
2.96	0.0710685 	-0.121327 	-1.90931 	0.310813 	0.698758 	0.0698016 	
2.965	0.071087 	-0.121422 	-1.90901 	0.310756 	0.698571 	0.0697002 	
2.97	0.0709841 	-0.121207 	-1.90863 	0.310508 	0.696612 	0.0694976 	
2.975	0.0710029 	-0.121303 	-1.90833 	0.31045 	0.696421 	0.0693945 	
2.98	0.0710219 	-0.1214 	-1.90802 	0.310392 	0.696228 	0.0692906 	
2.985	0.0710411 	-0.121498 	-1.90771 	0.310333 	0.696034 	0.0691857 	
2.99	0.0710604 	-0.121597 	-1.9074 	0.310274 	0.695838 	0.0690801 	
2.995	0.0710799 	-0.121696 	-1.90709 	0.310214 	0.69564 	0.0689735 	
3	0.0710996 	-0.121797 	-1.90678 	0.310154 	0.695441 	0.0688661 	
3.005	0.0711194 	-0.121898 	-1.90646 	0.310094 	0.69524 	0.0687579 	
3.01	0.0711394 	-0.122 	-1.90614 	0.310032 	0.695037 	0.0686488 	
3.015	0.0711596 	-0.122104 	-1.90581 	0.309971 	0.694833 	0.0685389 	
3.02	0.0710586 	-0.121898 	-1.9054 	0.30972 	0.692854 	0.0683289 	
3.025	0.0710791 	-0.122003 	-1.90507 	0.309658 	0.692646 	0.0682175 	
3.03	0.0710998 	-0.122109 	-1.90474 	0.309596 	0.692438 	0.0681053 	
3.035	0.0711206 	-0.122215 	-1.90441 	0.309533 	0.692227 	0.0679924 	
3.04	0.0711416 	-0.122322 	-1.90407 	0.309469 	0.692015 	0.0678786 	
3.045	0.0711627 	-0.122431 	-1.90373 	0.309406 	0.691801 	0.067764 	
3.05	0.071184 	-0.12254 	-1.90339 	0.309341 	0.691586 	0.0676487 	
3.055	0.0712054 	-0.122649 	-1.90305 	0.309277 	0.69137 	0.0675326 	
3.06	0.071227 	-0.12276 	-1.9027 	0.309212 	0.691152 	0.0674158 	
3.065	0.0711316 	-0.122572 	-1.90227 	0.308966 	0.68921 	0.0672034 	
3.07	0.0711535 	-0.122684 	-1.90192 	0.3089 	0.688989 	0.0670852 	
3.075	0.0711756 	-0.122797 	-1.90157 	0.308834 	0.688767 	0.0669663 	
3.08	0.0711978 	-0.122911 	-1.90121 	0.308768 	0.688543 	0.0668466 	
3.085	0.0712201 	-0.123026 	-1.90086 	0.308701 	0.688318 	0.0667262 	
3.09	0.0712426 	-0.123141 	-1.9005 	0.308634 	0.688091 	0.0666052 	
3.095	0.0712652 	-0.123257 	-1.90013 	0.308567 	0.687863 	0.0664834 	
3.1	0.071288 	-0.123374 	-1.89977 	0.308499 	0.687633 	0.0663609 	
3.105	0.0713109 	-0.123491 	-1.8994 	0.308431 	0.687402 	0.0662377 	
3.11	0.0712114 	-0.123296 	-1.89895 	0.308176 	0.685359 	0.0660161 	
3.115	0.0712346 	-0.123415 	-1.89857 	0.308107 	0.685126 	0.0658917 	
3.12	0.071258 	-0.123535 	-1.8982 	0.308038 	0.684891 	0.0657667 	
3.125	0.0712815 	-0.123656 	-1.89783 	0.307969 	0.684655 	0.0656411 	
3.13	0.0713051 	-0.123777 	-1.89745 	0.307899 	0.684417 	0.0655148 	
3.135	0.0713288 	-0.123899 	-1.89707 	0.307829 	0.684179 	0.0653879 	
3.14	0.0713527 	-0.124022 	-1.89669 	0.307759 	0.683939 	0.0652603 	
3.145	0.0713767 	-0.124145 	-1.89631 	0.307689 	0.683697 	0.0651321 	
3.15	0.0712856 	-0.123975 	-1.89583 	0.307444 	0.681745 	0.0649127 	
3.155	0.0713099 	-0.124099 	-1.89545 	0.307373 	0.681501 	0.0647835 	
3.16	0.0713344 	-0.124225 	-1.89506 	0.307302 	0.681256 	0.0646537 	
3.165	0.0713589 	-0.124351 	-1.89467 	0.307231 	0.68101 	0.0645233 	
3.17	0.0713835 	-0.124478 	-1.89427 	0.307159 	0.680763 	0.0643923 	
3.175	0.0714083 	-0.124606 	-1.89388 	0.307087 	0.680514 	0.0642608 	
3.18	0.0714332 	-0.124734 	-1.89348 	0.307015 	0.680265 	0.0641287 	
3.185	0.0714582 	-0.124863 	-1.89308 	0.306942 	0.680014 	0.0639961 	
3.19	0.0713653 	-0.12469 	-1.89259 	0.306693 	0.678 	0.0637712 	
3.195	0.0713905 	-0.12482 	-1.89219 	0.30662 	0.677747 	0.0636376 	
3.2	0.0714196 	-0.124955 	-1.89178 	0.306546 	0.677493 	0.0634988 	
3.205	0.0714451 	-0.125086 	-1.89137 	0.306472 	0.677238 	0.0633642 	
3.21	0.0714707 	-0.125218 	-1.89096 	0.306399 	0.676982 	0.0632292 	
3.215	0.0714964 	-0.125351 	-1.89055 	0.306325 	0.676725 	0.0630936 	
3.22	0.0715222 	-0.125484 	-1.89014 	0.306251 	0.676467 	0.0629576 	
3.225	0.0715481 	-0.125618 	-1.88973 	0.306177 	0.676207 	0.0628211 	
3.23	0.0714527 	-0.12544 	-1.88922 	0.305923 	0.674124 	0.062591 	
3.235	0.0714788 	-0.125576 	-1.8888 	0.305849 	0.673863 	0.0624537 	
3.24	0.0715051 	-0.125711 	-1.88839 	0.305774 	0.673601 	0.062316 	
3.245	0.0715314 	-0.125847 	-1.88797 	0.305699 	0.673338 	0.0621779 	
3.25	0.0715579 	-0.125984 	-1.88755 	0.305624 	0.673075 	0.0620393 	
3.255	0.0715844 	-0.126121 	-1.88712 	0.305549 	0.67281 	0.0619004 	
3.26	0.071611 	-0.126259 	-1.8867 	0.305473 	0.672544 	0.061761 	
3.265	0.0715274 	-0.126114 	-1.88619 	0.305237 	0.670614 	0.0615377 	
3.27	0.0715543 	-0.126253 	-1.88576 	0.305161 	0.670347 	0.0613977 	
3.275	0.0715812 	-0.126392 	-1.88533 	0.305086 	0.670078 	0.0612573 	
3.28	0.0716083 	-0.126532 	-1.8849 	0.30501 	0.669809 	0.0611165 	
3.285	0.0716354 	-0.126673 	-1.88447 	0.304934 	0.669539 	0.0609754 	
3.29	0.0716625 	-0.126813 	-1.88404 	0.304857 	0.669269 	0.0608338 	
3.295	0.0716898 	-0.126955 	-1.8836 	0.304781 	0.668997 	0.060692 	
3.3	0.0716062 	-0.126811 	-1.88308 	0.304545 	0.667045 	0.0604669 	
3.305	0.0716337 	-0.126954 	-1.88264 	0.304468 	0.666772 	0.0603246 	
3.31	0.0716612 	-0.127097 	-1.88221 	0.304392 	0.666498 	0.0601819 	
3.315	0.0716888 	-0.12724 	-1.88177 	0.304315 	0.666224 	0.0600389 	
3.32	0.0717165 	-0.127384 	-1.88133 	0.304238 	0.665949 	0.0598957 	
3.325	0.0717443 	-0.127528 	-1.88089 	0.304161 	0.665673 	0.0597521 	
3.33	0.0717721 	-0.127672 	-1.88044 	0.304084 	0.665397 	0.0596082 	
3.335	0.0716876 	-0.127528 	-1.87991 	0.303847 	0.663409 	0.0593813 	
3.34	0.0717156 	-0.127674 	-1.87946 	0.30377 	0.663131 	0.059237 	
3.345	0.0717436 	-0.127819 	-1.87902 	0.303693 	0.662853 	0.0590926 	
3.35	0.0717718 	-0.127966 	-1.87857 	0.303616 	0.662574 	0.0589478 	
3.355	0.0717999 	-0.128112 	-1.87813 	0.303538 	0.662295 	0.0588029 	
3.36	0.0718281 	-0.128259 	-1.87768 	0.303461 	0.662015 	0.0586577 	
3.365	0.0718564 	-0.128406 	-1.87723 	0.303383 	0.661734 	0.0585123 	
3.37	0.0717712 	-0.128262 	-1.87668 	0.303146 	0.659716 	0.0582841 	
3.375	0.0717996 	-0.12841 	-1.87623 	0.303069 	0.659434 	0.0581385 	
3.38	0.0718281 	-0.128558 	-1.87578 	0.302991 	0.659153 	0.0579927 	
3.385	0.0718567 	-0.128707 	-1.87533 	0.302914 	0.65887 	0.0578467 	
3.39	0.0718853 	-0.128856 	-1.87487 	0.302836 	0.658587 	0.0577005 	
3.395	0.0719139 	-0.129006 	-1.87442 	0.302759 	0.658304 	0.0575541 	
3.4	0.0719425 	-0.129155 	-1.87396 	0.302681 	0.65802 	0.0574076 	
3.405	0.0718568 	-0.12901 	-1.87341 	0.302444 	0.655977 	0.057179 	
3.41	0.0718856 	-0.129161 	-1.87295 	0.302367 	0.655693 	0.0570324 	
3.415	0.0719145 	-0.129311 	-1.8725 	0.302289 	0.655408 	0.0568857 	
3.42	0.0719434 	-0.129462 	-1.87204 	0.302212 	0.655123 	0.0567388 	
3.425	0.0719723 	-0.129613 	-1.87158 	0.302135 	0.654837 	0.0565919 	
3.43	0.0720012 	-0.129765 	-1.87112 	0.302057 	0.654551 	0.0564449 	
3.435	0.0720301 	-0.129916 	-1.87066 	0.30198 	0.654265 	0.0562977 	
3.44	0.0719442 	-0.129772 	-1.8701 	0.301744 	0.652204 	0.0560694 	
3.445	0.0719733 	-0.129924 	-1.86964 	0.301667 	0.651917 	0.0559223 	
3.45	0.0720024 	-0.130076 	-1.86918 	0.30159 	0.65163 	0.0557751 	
3.455	0.0720315 	-0.130229 	-1.86872 	0.301513 	0.651343 	0.0556279 	
3.46	0.0720607 	-0.130382 	-1.86826 	0.301435 	0.651056 	0.0554806 	
3.465	0.0720898 	-0.130535 	-1.86779 	0.301358 	0.650768 	0.0553334 	
3.47	0.072119 	-0.130688 	-1.86733 	0.301281 	0.650481 	0.0551861 	
3.475	0.0720331 	-0.130544 	-1.86677 	0.301048 	0.648407 	0.0549586 	
3.48	0.0720624 	-0.130698 	-1.8663 	0.300971 	0.648119 	0.0548115 	
3.485	0.0720917 	-0.130851 	-1.86584 	0.300894 	0.647831 	0.0546643 	
3.49	0.0721209 	-0.131005 	-1.86538 	0.300818 	0.647543 	0.0545172 	
3.495	0.0721502 	-0.131159 	-1.86491 	0.300741 	0.647255 	0.0543701 	
3.5	0.0721795 	-0.131313 	-1.86445 	0.300664 	0.646966 	0.054223 	
3.505	0.0722088 	-0.131467 	-1.86398 	0.300588 	0.646678 	0.054076 	
3.51	0.0721232 	-0.131325 	-1.86342 	0.300357 	0.644598 	0.0538502 	
3.515	0.0721526 	-0.131479 	-1.86295 	0.300281 	0.64431 	0.0537035 	
3.52	0.0721819 	-0.131634 	-1.86249 	0.300205 	0.644022 	0.0535568 	
3.525	0.0722113 	-0.131788 	-1.86202 	0.300129 	0.643733 	0.0534102 	
3.53	0.0722406 	-0.131943 	-1.86156 	0.300053 	0.643445 	0.0532637 	
3.535	0.0722699 	-0.132097 	-1.86109 	0.299977 	0.643157 	0.0531173 	
3.54	0.0722992 	-0.132252 	-1.86063 	0.299902 	0.642869 	0.0529709 	
3.545	0.0722142 	-0.132112 	-1.86006 	0.299675 	0.64079 	0.0527475 	
3.55	0.0722436 	-0.132267 	-1.8596 	0.2996 	0.640502 	0.0526016 	
3.555	0.0722729 	-0.132421 	-1.85913 	0.299524 	0.640214 	0.0524558 	
3.56	0.0723022 	-0.132576 	-1.85867 	0.299449 	0.639927 	0.0523101 	
3.565	0.0723203 	-0.132718 	-1.85822 	0.299378 	0.639642 	0.052179 	
3.57	0.0723494 	-0.132872 	-1.85776 	0.299304 	0.639355 	0.0520338 	
3.575	0.0723787 	-0.133027 	-1.8573 	0.299229 	0.639068 	0.0518886 	
3.58	0.0722945 	-0.132889 	-1.85673 	0.299006 	0.636995 	0.0516681 	
3.585	0.0723237 	-0.133044 	-1.85627 	0.298932 	0.636709 	0.0515235 	
3.59	0.072353 	-0.133199 	-1.8558 	0.298858 	0.636423 	0.051379 	
3.595	0.0723822 	-0.133353 	-1.85534 	0.298784 	0.636137 	0.0512348 	
3.6	0.0724113 	-0.133508 	-1.85488 	0.29871 	0.635851 	0.0510907 	
3.605	0.0724405 	-0.133662 	-1.85442 	0.298637 	0.635566 	0.0509469 	
3.61	0.0724695 	-0.133816 	-1.85396 	0.298563 	0.635281 	0.0508033 	
3.615	0.0723864 	-0.133681 	-1.85339 	0.298345 	0.633221 	0.0505864 	
3.62	0.0724155 	-0.133835 	-1.85293 	0.298273 	0.632937 	0.0504434 	
3.625	0.0724445 	-0.133989 	-1.85247 	0.2982 	0.632653 	0.0503007 	
3.63	0.0724735 	-0.134143 	-1.85201 	0.298127 	0.63237 	0.0501583 	
3.635	0.0725024 	-0.134297 	-1.85156 	0.298055 	0.632087 	0.0500161 	
3.64	0.0725313 	-0.13445 	-1.8511 	0.297983 	0.631804 	0.0498742 	
3.645	0.0725602 	-0.134603 	-1.85064 	0.297911 	0.631522 	0.0497326 	
3.65	0.0724783 	-0.134471 	-1.85008 	0.297698 	0.629482 	0.0495198 	
3.655	0.0725071 	-0.134624 	-1.84962 	0.297627 	0.629201 	0.049379 	
3.66	0.0725359 	-0.134777 	-1.84917 	0.297556 	0.62892 	0.0492385 	
3.665	0.0725645 	-0.13493 	-1.84871 	0.297485 	0.62864 	0.0490983 	
3.67	0.0725932 	-0.135082 	-1.84826 	0.297414 	0.628361 	0.0489584 	
3.675	0.0726217 	-0.135234 	-1.84781 	0.297344 	0.628082 	0.0488189 	
3.68	0.0726502 	-0.135386 	-1.84736 	0.297273 	0.627803 	0.0486797 	
3.685	0.0725699 	-0.135257 	-1.8468 	0.297066 	0.625789 	0.0484716 	
3.69	0.0725983 	-0.135409 	-1.84635 	0.296997 	0.625512 	0.0483332 	
3.695	0.0726266 	-0.13556 	-1.8459 	0.296927 	0.625235 	0.0481953 	
3.7	0.0726549 	-0.135711 	-1.84546 	0.296858 	0.624959 	0.0480577 	
3.705	0.0726831 	-0.135862 	-1.84501 	0.296789 	0.624684 	0.0479206 	
3.71	0.0727113 	-0.136012 	-1.84456 	0.29672 	0.62441 	0.0477838 	
3.715	0.0727393 	-0.136162 	-1.84412 	0.296652 	0.624136 	0.0476474 	
3.72	0.0726607 	-0.136037 	-1.84357 	0.296451 	0.622153 	0.0474445 	
3.725	0.0726887 	-0.136186 	-1.84313 	0.296384 	0.621881 	0.0473091 	
3.73	0.0727165 	-0.136336 	-1.84269 	0.296316 	0.621609 	0.0471741 	
3.735	0.0727443 	-0.136484 	-1.84225 	0.296249 	0.621338 	0.0470396 	
3.74	0.0727721 	-0.136633 	-1.84181 	0.296182 	0.621068 	0.0469055 	
3.745	0.0727997 	-0.136781 	-1.84137 	0.296115 	0.620799 	0.0467718 	
3.75	0.0728272 	-0.136929 	-1.84093 	0.296048 	0.620531 	0.0466387 	
3.755	0.0727505 	-0.136807 	-1.84039 	0.295855 	0.618586 	0.0464415 	
3.76	0.0727779 	-0.136954 	-1.83996 	0.295789 	0.618319 	0.0463094 	
3.765	0.0728052 	-0.137101 	-1.83953 	0.295723 	0.618054 	0.0461778 	
3.77	0.0728325 	-0.137247 	-1.8391 	0.295658 	0.617789 	0.0460467 	
3.775	0.0728596 	-0.137393 	-1.83867 	0.295593 	0.617524 	0.045916 	
3.78	0.0728866 	-0.137538 	-1.83824 	0.295528 	0.617261 	0.0457859 	
3.785	0.0729135 	-0.137683 	-1.83781 	0.295464 	0.616999 	0.0456563 	
3.79	0.0729403 	-0.137827 	-1.83739 	0.2954 	0.616738 	0.0455272 	
3.795	0.0728529 	-0.137676 	-1.83685 	0.295198 	0.614631 	0.0453291 	
3.8	0.0728795 	-0.13782 	-1.83643 	0.295135 	0.614372 	0.0452012 	
3.805	0.0729061 	-0.137963 	-1.83601 	0.295072 	0.614113 	0.0450738 	
3.81	0.0729326 	-0.138105 	-1.83559 	0.295009 	0.613856 	0.044947 	
3.815	0.0729589 	-0.138247 	-1.83517 	0.294947 	0.6136 	0.0448208 	
3.82	0.0729852 	-0.138389 	-1.83475 	0.294885 	0.613345 	0.0446951 	
3.825	0.0730113 	-0.13853 	-1.83434 	0.294823 	0.613091 	0.04457 	
3.83	0.0730373 	-0.13867 	-1.83393 	0.294762 	0.612837 	0.0444455 	
3.835	0.0729516 	-0.138522 	-1.8334 	0.294568 	0.610774 	0.0442548 	
3.84	0.0729774 	-0.138661 	-1.83299 	0.294507 	0.610523 	0.0441316 	
3.845	0.0730031 	-0.1388 	-1.83258 	0.294447 	0.610273 	0.0440089 	
3.85	0.0730287 	-0.138938 	-1.83218 	0.294387 	0.610025 	0.0438869 	
3.855	0.0730669 	-0.139091 	-1.83175 	0.294323 	0.609774 	0.0437495 	
3.86	0.0730923 	-0.139228 	-1.83135 	0.294264 	0.609528 	0.0436286 	
3.865	0.0731175 	-0.139364 	-1.83095 	0.294205 	0.609283 	0.0435085 	
3.87	0.0731426 	-0.1395 	-1.83056 	0.294147 	0.609039 	0.043389 	
3.875	0.0730602 	-0.139359 	-1.83005 	0.293963 	0.607046 	0.0432069 	
3.88	0.0730851 	-0.139493 	-1.82965 	0.293905 	0.606805 	0.0430888 	
3.885	0.0731098 	-0.139627 	-1.82926 	0.293848 	0.606565 	0.0429714 	
3.89	0.0731344 	-0.139761 	-1.82887 	0.293791 	0.606326 	0.0428546 	
3.895	0.0731589 	-0.139893 	-1.82848 	0.293734 	0.606088 	0.0427385 	
3.9	0.0731832 	-0.140025 	-1.8281 	0.293678 	0.605852 	0.0426231 	
3.905	0.0732074 	-0.140156 	-1.82772 	0.293622 	0.605617 	0.0425084 	
3.91	0.0732314 	-0.140287 	-1.82733 	0.293566 	0.605384 	0.0423943 	
3.915	0.0731527 	-0.140152 	-1.82684 	0.293392 	0.603471 	0.0422214 	
3.92	0.0731765 	-0.140282 	-1.82647 	0.293338 	0.603241 	0.0421089 	
3.925	0.0732002 	-0.14041 	-1.82609 	0.293283 	0.603011 	0.0419971 	
3.93	0.0732237 	-0.140538 	-1.82572 	0.293229 	0.602783 	0.0418859 	
3.935	0.073247 	-0.140665 	-1.82535 	0.293176 	0.602557 	0.0417755 	
3.94	0.0732703 	-0.140791 	-1.82498 	0.293123 	0.602331 	0.0416659 	
3.945	0.0732933 	-0.140917 	-1.82462 	0.29307 	0.602108 	0.0415569 	
3.95	0.0733162 	-0.141041 	-1.82425 	0.293017 	0.601885 	0.0414487 	
3.955	0.073339 	-0.141165 	-1.82389 	0.292965 	0.601664 	0.0413413 	
3.96	0.0732535 	-0.14101 	-1.82341 	0.292791 	0.599668 	0.0411729 	
3.965	0.073276 	-0.141133 	-1.82306 	0.292739 	0.59945 	0.041067 	
3.97	0.0732983 	-0.141254 	-1.8227 	0.292689 	0.599234 	0.040962 	
3.975	0.0733205 	-0.141375 	-1.82235 	0.292638 	0.599019 	0.0408577 	
3.98	0.0733434 	-0.141496 	-1.822 	0.292588 	0.598805 	0.040753 	
3.985	0.0733653 	-0.141616 	-1.82166 	0.292539 	0.598593 	0.0406502 	
3.99	0.0733869 	-0.141734 	-1.82131 	0.292489 	0.598383 	0.0405483 	
3.995	0.0734084 	-0.141852 	-1.82097 	0.292441 	0.598175 	0.0404471 	
4	0.0734298 	-0.141968 	-1.82063 	0.292392 	0.597967 	0.0403468 	
4.005	0.0733486 	-0.141821 	-1.82018 	0.29223 	0.596072 	0.0401897 	
4.01	0.0733696 	-0.141936 	-1.81985 	0.292182 	0.595868 	0.040091 	
4.015	0.0733905 	-0.14205 	-1.81952 	0.292135 	0.595666 	0.0399932 	
4.02	0.0734112 	-0.142163 	-1.81919 	0.292089 	0.595465 	0.0398962 	
4.025	0.0734318 	-0.142275 	-1.81886 	0.292043 	0.595266 	0.0398 	
4.03	0.0734521 	-0.142387 	-1.81854 	0.291997 	0.595069 	0.0397046 	
4.035	0.0734723 	-0.142497 	-1.81822 	0.291952 	0.594874 	0.0396101 	
4.04	0.0734923 	-0.142607 	-1.8179 	0.291907 	0.59468 	0.0395164 	
4.045	0.0735121 	-0.142715 	-1.81759 	0.291862 	0.594488 	0.0394236 	
4.05	0.0735318 	-0.142823 	-1.81727 	0.291818 	0.594297 	0.0393316 	
4.055	0.0734471 	-0.142662 	-1.81685 	0.29166 	0.592382 	0.0391829 	
4.06	0.0734664 	-0.142768 	-1.81654 	0.291617 	0.592195 	0.0390927 	
4.065	0.0734855 	-0.142873 	-1.81624 	0.291574 	0.59201 	0.0390034 	
4.07	0.0735045 	-0.142977 	-1.81594 	0.291532 	0.591826 	0.038915 	
4.075	0.0735022 	-0.143055 	-1.81567 	0.291497 	0.59165 	0.0388539 	
4.08	0.0735205 	-0.143157 	-1.81538 	0.291456 	0.59147 	0.0387675 	
4.085	0.0735389 	-0.143258 	-1.81509 	0.291415 	0.591292 	0.0386818 	
4.09	0.0735571 	-0.143358 	-1.8148 	0.291375 	0.591116 	0.0385969 	
4.095	0.0735751 	-0.143457 	-1.81451 	0.291335 	0.590941 	0.0385129 	
4.1	0.0735929 	-0.143555 	-1.81423 	0.291295 	0.590768 	0.0384298 	
4.105	0.0736106 	-0.143652 	-1.81395 	0.291256 	0.590598 	0.0383476 	
4.11	0.0735243 	-0.143481 	-1.81355 	0.291105 	0.588703 	0.0382099 	
4.115	0.0735416 	-0.143576 	-1.81328 	0.291066 	0.588536 	0.0381296 	
4.12	0.0735587 	-0.14367 	-1.81301 	0.291029 	0.588371 	0.0380502 	
4.125	0.0735756 	-0.143763 	-1.81274 	0.290992 	0.588208 	0.0379718 	
4.13	0.0735923 	-0.143855 	-1.81247 	0.290955 	0.588046 	0.0378943 	
4.135	0.0736087 	-0.143946 	-1.81221 	0.290919 	0.587887 	0.0378177 	
4.14	0.073625 	-0.144035 	-1.81195 	0.290883 	0.587729 	0.0377421 	
4.145	0.0736411 	-0.144124 	-1.8117 	0.290847 	0.587574 	0.0376674 	
4.15	0.073657 	-0.144212 	-1.81144 	0.290813 	0.58742 	0.0375936 	
4.155	0.0736727 	-0.144298 	-1.8112 	0.290778 	0.587268 	0.0375208 	
4.16	0.0736881 	-0.144383 	-1.81095 	0.290744 	0.587118 	0.037449 	
4.165	0.0737034 	-0.144468 	-1.81071 	0.290711 	0.58697 	0.0373781 	
4.17	0.073619 	-0.144295 	-1.81035 	0.290571 	0.585164 	0.0372549 	
4.175	0.0736409 	-0.144386 	-1.8101 	0.290536 	0.585018 	0.0371772 	
4.18	0.0736557 	-0.144467 	-1.80987 	0.290504 	0.584876 	0.0371092 	
4.185	0.0736702 	-0.144547 	-1.80964 	0.290473 	0.584736 	0.0370422 	
4.19	0.0736844 	-0.144626 	-1.80941 	0.290442 	0.584598 	0.0369762 	
4.195	0.0736985 	-0.144703 	-1.80919 	0.290411 	0.584462 	0.0369112 	
4.2	0.0737123 	-0.14478 	-1.80897 	0.290381 	0.584328 	0.0368472 	
4.205	0.0737259 	-0.144855 	-1.80875 	0.290351 	0.584197 	0.0367842 	
4.21	0.0737393 	-0.144929 	-1.80854 	0.290322 	0.584067 	0.0367221 	
4.215	0.0737525 	-0.145002 	-1.80833 	0.290293 	0.583939 	0.0366611 	
4.22	0.0737655 	-0.145074 	-1.80812 	0.290265 	0.583814 	0.036601 	
4.225	0.0737783 	-0.145145 	-1.80792 	0.290237 	0.58369 	0.036542 	
4.23	0.0737908 	-0.145214 	-1.80772 	0.29021 	0.583568 	0.036484 	
4.235	0.0738032 	-0.145282 	-1.80752 	0.290183 	0.583449 	0.0364269 	
4.24	0.0738153 	-0.145349 	-1.80733 	0.290157 	0.583332 	0.0363709 	
4.245	0.0737254 	-0.145154 	-1.80702 	0.290024 	0.581511 	0.0362622 	
4.25	0.0737371 	-0.145219 	-1.80683 	0.289998 	0.581398 	0.0362083 	
4.255	0.0737498 	-0.145284 	-1.80665 	0.289973 	0.581286 	0.0361538 	
4.26	0.0737611 	-0.145346 	-1.80647 	0.289949 	0.581178 	0.0361019 	
4.265	0.0737721 	-0.145408 	-1.8063 	0.289925 	0.581071 	0.036051 	
4.27	0.0737829 	-0.145467 	-1.80612 	0.289902 	0.580966 	0.0360012 	
4.275	0.0737935 	-0.145526 	-1.80595 	0.289879 	0.580864 	0.0359524 	
4.28	0.0738039 	-0.145584 	-1.80579 	0.289857 	0.580764 	0.0359046 	
4.285	0.073814 	-0.14564 	-1.80563 	0.289835 	0.580665 	0.0358578 	
4.29	0.073824 	-0.145695 	-1.80547 	0.289813 	0.580569 	0.0358121 	
4.295	0.0738337 	-0.145749 	-1.80532 	0.289792 	0.580476 	0.0357674 	
4.3	0.0738431 	-0.145801 	-1.80517 	0.289772 	0.580384 	0.0357238 	
4.305	0.0738524 	-0.145853 	-1.80502 	0.289752 	0.580295 	0.0356812 	
4.31	0.0738614 	-0.145903 	-1.80487 	0.289733 	0.580207 	0.0356396 	
4.315	0.0738702 	-0.145951 	-1.80473 	0.289714 	0.580122 	0.0355991 	
4.32	0.0738787 	-0.145999 	-1.8046 	0.289695 	0.58004 	0.0355597 	
4.325	0.0738871 	-0.146045 	-1.80447 	0.289677 	0.579959 	0.0355213 	
4.33	0.073892 	-0.146086 	-1.80434 	0.289661 	0.579881 	0.035488 	
