0	0.310429 	-0.173769 	0.537008 	0.180534 	-1.45468 	-0.24872 	
0.005	0.310429 	-0.173769 	0.537008 	0.180534 	-1.45468 	-0.24872 	
0.01	0.310429 	-0.173769 	0.537008 	0.180534 	-1.45468 	-0.24872 	
0.015	0.31043 	-0.173769 	0.537008 	0.180534 	-1.45468 	-0.24872 	
0.02	0.310431 	-0.173769 	0.537008 	0.180534 	-1.45468 	-0.24872 	
0.025	0.310433 	-0.173769 	0.537009 	0.180534 	-1.45468 	-0.24872 	
0.03	0.310435 	-0.173769 	0.537009 	0.180534 	-1.45468 	-0.24872 	
0.035	0.310438 	-0.173769 	0.53701 	0.180534 	-1.45468 	-0.24872 	
0.04	0.310441 	-0.173769 	0.53701 	0.180534 	-1.45468 	-0.24872 	
0.045	0.310445 	-0.173769 	0.537011 	0.180534 	-1.45468 	-0.24872 	
0.05	0.31045 	-0.173769 	0.537012 	0.180534 	-1.45468 	-0.24872 	
0.055	0.310455 	-0.17377 	0.537013 	0.180534 	-1.45468 	-0.24872 	
0.06	0.310461 	-0.17377 	0.537014 	0.180534 	-1.45468 	-0.24872 	
0.065	0.310467 	-0.17377 	0.537015 	0.180534 	-1.45468 	-0.24872 	
0.07	0.310473 	-0.17377 	0.537016 	0.180534 	-1.45468 	-0.24872 	
0.075	0.310481 	-0.17377 	0.537018 	0.180534 	-1.45468 	-0.24872 	
0.08	0.310488 	-0.17377 	0.537019 	0.180534 	-1.45468 	-0.24872 	
0.085	0.310497 	-0.17377 	0.537021 	0.180534 	-1.45468 	-0.24872 	
0.09	0.310505 	-0.173771 	0.537022 	0.180534 	-1.45468 	-0.24872 	
0.095	0.310516 	-0.173771 	0.537024 	0.180534 	-1.45468 	-0.24872 	
0.1	0.310526 	-0.173771 	0.537026 	0.180534 	-1.45468 	-0.24872 	
0.105	0.310536 	-0.173771 	0.537028 	0.180534 	-1.45468 	-0.24872 	
0.11	0.310547 	-0.173771 	0.53703 	0.180534 	-1.45468 	-0.24872 	
0.115	0.310559 	-0.173772 	0.537032 	0.180534 	-1.45468 	-0.24872 	
0.12	0.310571 	-0.173772 	0.537034 	0.180534 	-1.45468 	-0.24872 	
0.125	0.310583 	-0.173772 	0.537037 	0.180534 	-1.45468 	-0.24872 	
0.13	0.310597 	-0.173772 	0.537039 	0.180534 	-1.45468 	-0.24872 	
0.135	0.31061 	-0.173773 	0.537042 	0.180534 	-1.45468 	-0.24872 	
0.14	0.310624 	-0.173773 	0.537044 	0.180534 	-1.45468 	-0.24872 	
0.145	0.310639 	-0.173773 	0.537047 	0.180534 	-1.45468 	-0.24872 	
0.15	0.310654 	-0.173774 	0.53705 	0.180534 	-1.45468 	-0.24872 	
0.155	0.31067 	-0.173774 	0.537053 	0.180534 	-1.45468 	-0.24872 	
0.16	0.310687 	-0.173774 	0.537056 	0.180534 	-1.45468 	-0.24872 	
0.165	0.310641 	-0.173759 	0.53704 	0.178912 	-1.45354 	-0.246485 	
0.17	0.310658 	-0.173759 	0.537043 	0.178912 	-1.45354 	-0.246485 	
0.175	0.310676 	-0.17376 	0.537047 	0.178912 	-1.45354 	-0.246485 	
0.18	0.310695 	-0.17376 	0.53705 	0.178912 	-1.45354 	-0.246485 	
0.185	0.310714 	-0.17376 	0.537054 	0.178912 	-1.45354 	-0.246485 	
0.19	0.310733 	-0.173761 	0.537057 	0.178912 	-1.45354 	-0.246485 	
0.195	0.310753 	-0.173761 	0.537061 	0.178912 	-1.45354 	-0.246485 	
0.2	0.310774 	-0.173762 	0.537065 	0.178912 	-1.45354 	-0.246485 	
0.205	0.310795 	-0.173762 	0.537069 	0.178912 	-1.45354 	-0.246485 	
0.21	0.310816 	-0.173762 	0.537073 	0.178912 	-1.45354 	-0.246485 	
0.215	0.310839 	-0.173763 	0.537077 	0.178912 	-1.45354 	-0.246485 	
0.22	0.310861 	-0.173763 	0.537081 	0.178912 	-1.45354 	-0.246485 	
0.225	0.310823 	-0.173749 	0.537066 	0.177313 	-1.45242 	-0.244282 	
0.23	0.310846 	-0.173749 	0.537071 	0.177313 	-1.45242 	-0.244282 	
0.235	0.310871 	-0.173749 	0.537075 	0.177313 	-1.45242 	-0.244282 	
0.24	0.310895 	-0.17375 	0.53708 	0.177313 	-1.45242 	-0.244282 	
0.245	0.310921 	-0.17375 	0.537085 	0.177313 	-1.45242 	-0.244282 	
0.25	0.310946 	-0.173751 	0.537089 	0.177313 	-1.45242 	-0.244282 	
0.255	0.310973 	-0.173751 	0.537094 	0.177313 	-1.45242 	-0.244282 	
0.26	0.310999 	-0.173752 	0.537099 	0.177313 	-1.45242 	-0.244282 	
0.265	0.311027 	-0.173752 	0.537104 	0.177313 	-1.45242 	-0.244282 	
0.27	0.311054 	-0.173753 	0.537109 	0.177313 	-1.45242 	-0.244282 	
0.275	0.311017 	-0.173738 	0.537095 	0.175618 	-1.45123 	-0.241947 	
0.28	0.311046 	-0.173738 	0.5371 	0.175618 	-1.45123 	-0.241947 	
0.285	0.311076 	-0.173739 	0.537106 	0.175618 	-1.45123 	-0.241947 	
0.29	0.311105 	-0.173739 	0.537111 	0.175618 	-1.45123 	-0.241947 	
0.295	0.311136 	-0.17374 	0.537117 	0.175618 	-1.45123 	-0.241947 	
0.3	0.311167 	-0.17374 	0.537122 	0.175618 	-1.45123 	-0.241947 	
0.305	0.311198 	-0.173741 	0.537128 	0.175618 	-1.45123 	-0.241947 	
0.31	0.31123 	-0.173741 	0.537134 	0.175618 	-1.45123 	-0.241947 	
0.315	0.3112 	-0.173727 	0.537121 	0.174005 	-1.4501 	-0.239725 	
0.32	0.311233 	-0.173728 	0.537127 	0.174005 	-1.4501 	-0.239725 	
0.325	0.311266 	-0.173728 	0.537134 	0.174005 	-1.4501 	-0.239725 	
0.33	0.3113 	-0.173729 	0.53714 	0.174005 	-1.4501 	-0.239725 	
0.335	0.311334 	-0.173729 	0.537146 	0.174005 	-1.4501 	-0.239725 	
0.34	0.311369 	-0.17373 	0.537153 	0.174005 	-1.4501 	-0.239725 	
0.345	0.311404 	-0.17373 	0.537159 	0.174005 	-1.4501 	-0.239725 	
0.35	0.311379 	-0.173717 	0.537147 	0.172425 	-1.44899 	-0.237548 	
0.355	0.311416 	-0.173717 	0.537154 	0.172425 	-1.44899 	-0.237548 	
0.36	0.311452 	-0.173718 	0.537161 	0.172425 	-1.44899 	-0.237548 	
0.365	0.31149 	-0.173719 	0.537168 	0.172425 	-1.44899 	-0.237548 	
0.37	0.311527 	-0.173719 	0.537175 	0.172425 	-1.44899 	-0.237548 	
0.375	0.311566 	-0.17372 	0.537182 	0.172425 	-1.44899 	-0.237548 	
0.38	0.311604 	-0.17372 	0.537189 	0.172425 	-1.44899 	-0.237548 	
0.385	0.311577 	-0.173706 	0.537176 	0.170708 	-1.44779 	-0.235182 	
0.39	0.311617 	-0.173706 	0.537184 	0.170708 	-1.44779 	-0.235182 	
0.395	0.311657 	-0.173707 	0.537191 	0.170708 	-1.44779 	-0.235182 	
0.4	0.311698 	-0.173707 	0.537198 	0.170708 	-1.44779 	-0.235182 	
0.405	0.311739 	-0.173708 	0.537206 	0.170708 	-1.44779 	-0.235182 	
0.41	0.311781 	-0.173708 	0.537214 	0.170708 	-1.44779 	-0.235182 	
0.415	0.31176 	-0.173695 	0.537203 	0.169088 	-1.44665 	-0.232951 	
0.42	0.311803 	-0.173696 	0.537211 	0.169088 	-1.44665 	-0.232951 	
0.425	0.311846 	-0.173696 	0.537218 	0.169089 	-1.44665 	-0.232951 	
0.43	0.311889 	-0.173697 	0.537226 	0.169089 	-1.44665 	-0.232951 	
0.435	0.311933 	-0.173697 	0.537235 	0.169089 	-1.44665 	-0.232951 	
0.44	0.311978 	-0.173698 	0.537243 	0.169089 	-1.44665 	-0.232951 	
0.445	0.311956 	-0.173684 	0.537231 	0.16738 	-1.44546 	-0.230597 	
0.45	0.312002 	-0.173685 	0.53724 	0.16738 	-1.44546 	-0.230597 	
0.455	0.312047 	-0.173685 	0.537248 	0.16738 	-1.44546 	-0.230597 	
0.46	0.312094 	-0.173686 	0.537257 	0.16738 	-1.44546 	-0.230597 	
0.465	0.312141 	-0.173686 	0.537265 	0.16738 	-1.44546 	-0.230597 	
0.47	0.312188 	-0.173687 	0.537274 	0.16738 	-1.44546 	-0.230597 	
0.475	0.312165 	-0.173672 	0.537262 	0.165564 	-1.44418 	-0.228096 	
0.48	0.312213 	-0.173673 	0.537271 	0.165564 	-1.44418 	-0.228096 	
0.485	0.312262 	-0.173673 	0.537279 	0.165564 	-1.44418 	-0.228096 	
0.49	0.312311 	-0.173674 	0.537288 	0.165564 	-1.44418 	-0.228096 	
0.495	0.31236 	-0.173674 	0.537297 	0.165564 	-1.44418 	-0.228096 	
0.5	0.312347 	-0.173662 	0.537288 	0.163939 	-1.44304 	-0.225857 	
0.505	0.312397 	-0.173662 	0.537297 	0.163939 	-1.44304 	-0.225857 	
0.51	0.312448 	-0.173663 	0.537307 	0.163939 	-1.44304 	-0.225857 	
0.515	0.312499 	-0.173663 	0.537316 	0.163939 	-1.44304 	-0.225857 	
0.52	0.312551 	-0.173664 	0.537325 	0.163939 	-1.44304 	-0.225857 	
0.525	0.312538 	-0.173651 	0.537316 	0.162268 	-1.44187 	-0.223555 	
0.53	0.312591 	-0.173651 	0.537325 	0.162268 	-1.44187 	-0.223555 	
0.535	0.312643 	-0.173652 	0.537335 	0.162268 	-1.44187 	-0.223555 	
0.54	0.312697 	-0.173652 	0.537345 	0.162268 	-1.44187 	-0.223555 	
0.545	0.312751 	-0.173653 	0.537355 	0.162268 	-1.44187 	-0.223555 	
0.55	0.312737 	-0.17364 	0.537345 	0.16053 	-1.44065 	-0.22116 	
0.555	0.312792 	-0.17364 	0.537355 	0.16053 	-1.44065 	-0.22116 	
0.56	0.312847 	-0.17364 	0.537365 	0.16053 	-1.44065 	-0.22116 	
0.565	0.312902 	-0.173641 	0.537375 	0.16053 	-1.44065 	-0.22116 	
0.57	0.312958 	-0.173641 	0.537385 	0.16053 	-1.44065 	-0.22116 	
0.575	0.312944 	-0.173628 	0.537375 	0.158723 	-1.43939 	-0.21867 	
0.58	0.313001 	-0.173628 	0.537385 	0.158723 	-1.43939 	-0.21867 	
0.585	0.313058 	-0.173629 	0.537396 	0.158723 	-1.43939 	-0.21867 	
0.59	0.313116 	-0.173629 	0.537406 	0.158723 	-1.43939 	-0.21867 	
0.595	0.313174 	-0.173629 	0.537417 	0.158723 	-1.43939 	-0.21867 	
0.6	0.313159 	-0.173616 	0.537406 	0.156849 	-1.43807 	-0.216089 	
0.605	0.313218 	-0.173616 	0.537417 	0.156849 	-1.43807 	-0.216089 	
0.61	0.313277 	-0.173616 	0.537428 	0.156849 	-1.43807 	-0.216089 	
0.615	0.313336 	-0.173617 	0.537439 	0.156849 	-1.43807 	-0.216089 	
0.62	0.313335 	-0.173605 	0.537432 	0.155264 	-1.43696 	-0.213905 	
0.625	0.313395 	-0.173606 	0.537443 	0.155264 	-1.43696 	-0.213905 	
0.63	0.313456 	-0.173606 	0.537454 	0.155264 	-1.43696 	-0.213905 	
0.635	0.313517 	-0.173606 	0.537465 	0.155264 	-1.43696 	-0.213905 	
0.64	0.313516 	-0.173595 	0.537458 	0.153672 	-1.43585 	-0.211712 	
0.645	0.313578 	-0.173595 	0.537469 	0.153672 	-1.43585 	-0.211712 	
0.65	0.31364 	-0.173595 	0.537481 	0.153672 	-1.43585 	-0.211712 	
0.655	0.313703 	-0.173596 	0.537492 	0.153672 	-1.43585 	-0.211712 	
0.66	0.313702 	-0.173585 	0.537485 	0.152044 	-1.4347 	-0.209469 	
0.665	0.313766 	-0.173585 	0.537497 	0.152044 	-1.4347 	-0.209469 	
0.67	0.313829 	-0.173585 	0.537508 	0.152044 	-1.4347 	-0.209469 	
0.675	0.313893 	-0.173585 	0.53752 	0.152044 	-1.4347 	-0.209469 	
0.68	0.313893 	-0.173574 	0.537513 	0.150377 	-1.43353 	-0.207173 	
0.685	0.313958 	-0.173574 	0.537525 	0.150377 	-1.43353 	-0.207173 	
0.69	0.314023 	-0.173574 	0.537536 	0.150377 	-1.43353 	-0.207173 	
0.695	0.314088 	-0.173574 	0.537548 	0.150377 	-1.43353 	-0.207173 	
0.7	0.314088 	-0.173563 	0.537541 	0.148673 	-1.43234 	-0.204825 	
0.705	0.314154 	-0.173563 	0.537553 	0.148673 	-1.43234 	-0.204825 	
0.71	0.314221 	-0.173562 	0.537565 	0.148673 	-1.43234 	-0.204825 	
0.715	0.314288 	-0.173562 	0.537577 	0.148673 	-1.43234 	-0.204825 	
0.72	0.314287 	-0.173551 	0.53757 	0.146932 	-1.43112 	-0.202427 	
0.725	0.314354 	-0.173551 	0.537582 	0.146932 	-1.43112 	-0.202427 	
0.73	0.314422 	-0.173551 	0.537595 	0.146932 	-1.43112 	-0.202427 	
0.735	0.314491 	-0.173551 	0.537607 	0.146932 	-1.43112 	-0.202427 	
0.74	0.31449 	-0.17354 	0.5376 	0.145156 	-1.42987 	-0.199979 	
0.745	0.314559 	-0.17354 	0.537612 	0.145156 	-1.42987 	-0.199979 	
0.75	0.314628 	-0.173539 	0.537625 	0.145156 	-1.42987 	-0.199979 	
0.755	0.314698 	-0.173539 	0.537637 	0.145156 	-1.42987 	-0.199979 	
0.76	0.314697 	-0.173528 	0.53763 	0.143345 	-1.4286 	-0.197485 	
0.765	0.314767 	-0.173528 	0.537642 	0.143345 	-1.4286 	-0.197485 	
0.77	0.314837 	-0.173527 	0.537655 	0.143345 	-1.4286 	-0.197485 	
0.775	0.314908 	-0.173527 	0.537668 	0.143345 	-1.4286 	-0.197485 	
0.78	0.314907 	-0.173516 	0.53766 	0.141501 	-1.42731 	-0.194944 	
0.785	0.314979 	-0.173516 	0.537673 	0.141501 	-1.42731 	-0.194944 	
0.79	0.315051 	-0.173515 	0.537686 	0.141501 	-1.42731 	-0.194944 	
0.795	0.315123 	-0.173515 	0.537699 	0.141501 	-1.42731 	-0.194944 	
0.8	0.315122 	-0.173504 	0.537692 	0.139625 	-1.426 	-0.19236 	
0.805	0.315194 	-0.173503 	0.537705 	0.139625 	-1.426 	-0.19236 	
0.81	0.315267 	-0.173503 	0.537718 	0.139625 	-1.426 	-0.19236 	
0.815	0.315341 	-0.173502 	0.537731 	0.139625 	-1.426 	-0.19236 	
0.82	0.315339 	-0.173491 	0.537723 	0.137718 	-1.42466 	-0.189732 	
0.825	0.315413 	-0.173491 	0.537737 	0.137718 	-1.42466 	-0.189732 	
0.83	0.315488 	-0.17349 	0.53775 	0.137718 	-1.42466 	-0.189732 	
0.835	0.315562 	-0.17349 	0.537763 	0.137718 	-1.42466 	-0.189732 	
0.84	0.315561 	-0.173479 	0.537756 	0.135781 	-1.4233 	-0.187064 	
0.845	0.315636 	-0.173478 	0.537769 	0.135781 	-1.4233 	-0.187064 	
0.85	0.315711 	-0.173477 	0.537782 	0.135781 	-1.4233 	-0.187064 	
0.855	0.315787 	-0.173477 	0.537796 	0.135781 	-1.4233 	-0.187064 	
0.86	0.315785 	-0.173466 	0.537788 	0.133816 	-1.42192 	-0.184357 	
0.865	0.315861 	-0.173465 	0.537802 	0.133816 	-1.42192 	-0.184357 	
0.87	0.315938 	-0.173464 	0.537815 	0.133816 	-1.42192 	-0.184357 	
0.875	0.316014 	-0.173464 	0.537829 	0.133816 	-1.42192 	-0.184357 	
0.88	0.316013 	-0.173453 	0.537821 	0.131824 	-1.42053 	-0.181612 	
0.885	0.31609 	-0.173452 	0.537835 	0.131824 	-1.42053 	-0.181612 	
0.89	0.316167 	-0.173451 	0.537849 	0.131824 	-1.42053 	-0.181612 	
0.895	0.316183 	-0.173443 	0.537846 	0.130261 	-1.41943 	-0.179459 	
0.9	0.316261 	-0.173442 	0.53786 	0.130261 	-1.41943 	-0.179459 	
0.905	0.316339 	-0.173441 	0.537873 	0.130261 	-1.41943 	-0.179459 	
0.91	0.316418 	-0.17344 	0.537887 	0.130261 	-1.41943 	-0.179459 	
0.915	0.316418 	-0.17343 	0.53788 	0.12827 	-1.41803 	-0.176715 	
0.92	0.316496 	-0.173429 	0.537894 	0.12827 	-1.41803 	-0.176715 	
0.925	0.316575 	-0.173428 	0.537908 	0.12827 	-1.41803 	-0.176715 	
0.93	0.316592 	-0.17342 	0.537905 	0.126678 	-1.41692 	-0.174523 	
0.935	0.316671 	-0.173419 	0.537919 	0.126678 	-1.41692 	-0.174523 	
0.94	0.316751 	-0.173417 	0.537933 	0.126678 	-1.41692 	-0.174523 	
0.945	0.316769 	-0.17341 	0.537931 	0.125116 	-1.41582 	-0.172371 	
0.95	0.316849 	-0.173408 	0.537945 	0.125116 	-1.41582 	-0.172371 	
0.955	0.31693 	-0.173407 	0.537959 	0.125116 	-1.41582 	-0.172371 	
0.96	0.316948 	-0.173399 	0.537957 	0.123547 	-1.41472 	-0.170209 	
0.965	0.317029 	-0.173398 	0.537971 	0.123547 	-1.41472 	-0.170209 	
0.97	0.31711 	-0.173397 	0.537986 	0.123547 	-1.41472 	-0.170209 	
0.975	0.317129 	-0.173389 	0.537983 	0.121966 	-1.41361 	-0.168031 	
0.98	0.31721 	-0.173388 	0.537998 	0.121966 	-1.41361 	-0.168031 	
0.985	0.317292 	-0.173386 	0.538012 	0.121966 	-1.41361 	-0.168031 	
0.99	0.31731 	-0.173379 	0.53801 	0.120373 	-1.4125 	-0.165837 	
0.995	0.317392 	-0.173377 	0.538024 	0.120373 	-1.4125 	-0.165837 	
1	0.317474 	-0.173376 	0.538039 	0.120373 	-1.4125 	-0.165837 	
1.005	0.317493 	-0.173368 	0.538036 	0.118771 	-1.41137 	-0.163629 	
1.01	0.317576 	-0.173367 	0.538051 	0.118771 	-1.41137 	-0.163629 	
1.015	0.317658 	-0.173365 	0.538065 	0.118771 	-1.41137 	-0.163629 	
1.02	0.317677 	-0.173358 	0.538063 	0.117158 	-1.41024 	-0.161407 	
1.025	0.31776 	-0.173356 	0.538078 	0.117158 	-1.41024 	-0.161407 	
1.03	0.317843 	-0.173354 	0.538092 	0.117158 	-1.41024 	-0.161407 	
1.035	0.317862 	-0.173347 	0.53809 	0.115535 	-1.40911 	-0.159172 	
1.04	0.317946 	-0.173346 	0.538105 	0.115535 	-1.40911 	-0.159172 	
1.045	0.318029 	-0.173344 	0.538119 	0.115535 	-1.40911 	-0.159172 	
1.05	0.318048 	-0.173337 	0.538117 	0.113904 	-1.40796 	-0.156924 	
1.055	0.318132 	-0.173335 	0.538132 	0.113904 	-1.40796 	-0.156924 	
1.06	0.318216 	-0.173333 	0.538146 	0.113904 	-1.40796 	-0.156924 	
1.065	0.318235 	-0.173326 	0.538144 	0.112264 	-1.40681 	-0.154665 	
1.07	0.318319 	-0.173324 	0.538159 	0.112264 	-1.40681 	-0.154665 	
1.075	0.318404 	-0.173322 	0.538174 	0.112264 	-1.40681 	-0.154665 	
1.08	0.318423 	-0.173316 	0.538172 	0.110617 	-1.40566 	-0.152396 	
1.085	0.318508 	-0.173313 	0.538186 	0.110617 	-1.40566 	-0.152396 	
1.09	0.318592 	-0.173311 	0.538201 	0.110617 	-1.40566 	-0.152396 	
1.095	0.318612 	-0.173305 	0.538199 	0.108963 	-1.4045 	-0.150116 	
1.1	0.318697 	-0.173302 	0.538214 	0.108963 	-1.4045 	-0.150116 	
1.105	0.318782 	-0.1733 	0.538229 	0.108963 	-1.4045 	-0.150116 	
1.11	0.318801 	-0.173294 	0.538227 	0.107301 	-1.40333 	-0.147828 	
1.115	0.318886 	-0.173292 	0.538241 	0.107301 	-1.40333 	-0.147828 	
1.12	0.318972 	-0.173289 	0.538256 	0.107301 	-1.40333 	-0.147828 	
1.125	0.318991 	-0.173283 	0.538254 	0.105634 	-1.40216 	-0.145531 	
1.13	0.319077 	-0.173281 	0.538269 	0.105634 	-1.40216 	-0.145531 	
1.135	0.319162 	-0.173278 	0.538284 	0.105634 	-1.40216 	-0.145531 	
1.14	0.319182 	-0.173272 	0.538282 	0.103962 	-1.40099 	-0.143227 	
1.145	0.319268 	-0.17327 	0.538297 	0.103962 	-1.40099 	-0.143227 	
1.15	0.319354 	-0.173267 	0.538312 	0.103962 	-1.40099 	-0.143227 	
1.155	0.319373 	-0.173261 	0.53831 	0.102284 	-1.39981 	-0.140916 	
1.16	0.319459 	-0.173259 	0.538325 	0.102284 	-1.39981 	-0.140916 	
1.165	0.319545 	-0.173256 	0.538339 	0.102284 	-1.39981 	-0.140916 	
1.17	0.319565 	-0.17325 	0.538338 	0.100603 	-1.39864 	-0.138599 	
1.175	0.319651 	-0.173248 	0.538352 	0.100603 	-1.39864 	-0.138599 	
1.18	0.319737 	-0.173245 	0.538367 	0.100603 	-1.39864 	-0.138599 	
1.185	0.319757 	-0.17324 	0.538366 	0.0989176 	-1.39745 	-0.136278 	
1.19	0.319843 	-0.173237 	0.53838 	0.0989176 	-1.39745 	-0.136278 	
1.195	0.31993 	-0.173234 	0.538395 	0.0989176 	-1.39745 	-0.136278 	
1.2	0.319949 	-0.173229 	0.538393 	0.0972293 	-1.39627 	-0.133952 	
1.205	0.320036 	-0.173225 	0.538408 	0.0972293 	-1.39627 	-0.133952 	
1.21	0.320122 	-0.173222 	0.538423 	0.0972293 	-1.39627 	-0.133952 	
1.215	0.320142 	-0.173218 	0.538422 	0.0955386 	-1.39508 	-0.131622 	
1.22	0.320229 	-0.173214 	0.538436 	0.0955386 	-1.39508 	-0.131622 	
1.225	0.320315 	-0.173211 	0.538451 	0.0955386 	-1.39508 	-0.131622 	
1.23	0.320335 	-0.173207 	0.53845 	0.093846 	-1.3939 	-0.12929 	
1.235	0.320422 	-0.173203 	0.538464 	0.093846 	-1.3939 	-0.12929 	
1.24	0.320508 	-0.1732 	0.538479 	0.093846 	-1.3939 	-0.12929 	
1.245	0.320528 	-0.173196 	0.538478 	0.0921521 	-1.39271 	-0.126957 	
1.25	0.320615 	-0.173192 	0.538492 	0.0921521 	-1.39271 	-0.126957 	
1.255	0.320702 	-0.173189 	0.538507 	0.0921521 	-1.39271 	-0.126957 	
1.26	0.320721 	-0.173185 	0.538506 	0.0904576 	-1.39152 	-0.124622 	
1.265	0.320808 	-0.173181 	0.538521 	0.0904576 	-1.39152 	-0.124622 	
1.27	0.320895 	-0.173178 	0.538535 	0.0904576 	-1.39152 	-0.124622 	
1.275	0.320914 	-0.173174 	0.538534 	0.088763 	-1.39033 	-0.122288 	
1.28	0.321001 	-0.17317 	0.538549 	0.088763 	-1.39033 	-0.122288 	
1.285	0.321088 	-0.173166 	0.538563 	0.088763 	-1.39033 	-0.122288 	
1.29	0.321107 	-0.173163 	0.538562 	0.0870689 	-1.38915 	-0.119954 	
1.295	0.321194 	-0.173159 	0.538577 	0.0870689 	-1.38915 	-0.119954 	
1.3	0.321281 	-0.173155 	0.538591 	0.0870689 	-1.38915 	-0.119954 	
1.305	0.3213 	-0.173152 	0.53859 	0.085376 	-1.38796 	-0.117621 	
1.31	0.321387 	-0.173148 	0.538605 	0.085376 	-1.38796 	-0.117621 	
1.315	0.321473 	-0.173144 	0.538619 	0.085376 	-1.38796 	-0.117621 	
1.32	0.321493 	-0.173141 	0.538618 	0.0836848 	-1.38677 	-0.115291 	
1.325	0.321579 	-0.173137 	0.538633 	0.0836848 	-1.38677 	-0.115291 	
1.33	0.321666 	-0.173133 	0.538647 	0.0836848 	-1.38677 	-0.115291 	
1.335	0.321685 	-0.17313 	0.538646 	0.0819959 	-1.38559 	-0.112965 	
1.34	0.321772 	-0.173126 	0.538661 	0.0819959 	-1.38559 	-0.112965 	
1.345	0.321858 	-0.173122 	0.538675 	0.0819959 	-1.38559 	-0.112965 	
1.35	0.321877 	-0.173119 	0.538674 	0.0803099 	-1.38441 	-0.110642 	
1.355	0.321963 	-0.173115 	0.538688 	0.0803099 	-1.38441 	-0.110642 	
1.36	0.32205 	-0.17311 	0.538703 	0.0803099 	-1.38441 	-0.110642 	
1.365	0.322069 	-0.173108 	0.538702 	0.0786274 	-1.38323 	-0.108324 	
1.37	0.322155 	-0.173104 	0.538716 	0.0786274 	-1.38323 	-0.108324 	
1.375	0.322241 	-0.173099 	0.538731 	0.0786274 	-1.38323 	-0.108324 	
1.38	0.32226 	-0.173097 	0.538729 	0.076949 	-1.38205 	-0.106012 	
1.385	0.322346 	-0.173093 	0.538744 	0.076949 	-1.38205 	-0.106012 	
1.39	0.322432 	-0.173088 	0.538758 	0.076949 	-1.38205 	-0.106012 	
1.395	0.322451 	-0.173086 	0.538757 	0.0752753 	-1.38088 	-0.103706 	
1.4	0.322536 	-0.173082 	0.538772 	0.0752753 	-1.38088 	-0.103706 	
1.405	0.322622 	-0.173077 	0.538786 	0.0752753 	-1.38088 	-0.103706 	
1.41	0.322641 	-0.173075 	0.538785 	0.0736069 	-1.37971 	-0.101407 	
1.415	0.322726 	-0.173071 	0.538799 	0.0736069 	-1.37971 	-0.101407 	
1.42	0.322811 	-0.173066 	0.538813 	0.0736069 	-1.37971 	-0.101407 	
1.425	0.32283 	-0.173064 	0.538812 	0.0719444 	-1.37854 	-0.0991169 	
1.43	0.322915 	-0.17306 	0.538827 	0.0719444 	-1.37854 	-0.0991169 	
1.435	0.323 	-0.173055 	0.538841 	0.0719444 	-1.37854 	-0.0991169 	
1.44	0.323019 	-0.173054 	0.53884 	0.0702883 	-1.37738 	-0.0968353 	
1.445	0.323103 	-0.173049 	0.538854 	0.0702883 	-1.37738 	-0.0968353 	
1.45	0.323188 	-0.173044 	0.538868 	0.0702883 	-1.37738 	-0.0968353 	
1.455	0.323206 	-0.173043 	0.538867 	0.0686393 	-1.37622 	-0.0945635 	
1.46	0.323291 	-0.173038 	0.538881 	0.0686393 	-1.37622 	-0.0945635 	
1.465	0.323375 	-0.173034 	0.538895 	0.0686393 	-1.37622 	-0.0945635 	
1.47	0.323393 	-0.173032 	0.538894 	0.0669979 	-1.37507 	-0.0923021 	
1.475	0.323477 	-0.173028 	0.538908 	0.0669979 	-1.37507 	-0.0923021 	
1.48	0.323561 	-0.173023 	0.538922 	0.0669979 	-1.37507 	-0.0923021 	
1.485	0.323579 	-0.173022 	0.538921 	0.0653647 	-1.37393 	-0.0900521 	
1.49	0.323663 	-0.173017 	0.538935 	0.0653647 	-1.37393 	-0.0900521 	
1.495	0.323746 	-0.173012 	0.538949 	0.0653647 	-1.37393 	-0.0900521 	
1.5	0.323764 	-0.173011 	0.538948 	0.0637403 	-1.37279 	-0.0878141 	
1.505	0.323847 	-0.173006 	0.538962 	0.0637403 	-1.37279 	-0.0878141 	
1.51	0.32393 	-0.173001 	0.538976 	0.0637403 	-1.37279 	-0.0878141 	
1.515	0.323948 	-0.173001 	0.538975 	0.0621252 	-1.37166 	-0.085589 	
1.52	0.32403 	-0.172996 	0.538989 	0.0621252 	-1.37166 	-0.085589 	
1.525	0.324113 	-0.172991 	0.539002 	0.0621252 	-1.37166 	-0.085589 	
1.53	0.324131 	-0.17299 	0.539001 	0.06052 	-1.37053 	-0.0833776 	
1.535	0.324213 	-0.172985 	0.539015 	0.06052 	-1.37053 	-0.0833776 	
1.54	0.324294 	-0.17298 	0.539029 	0.06052 	-1.37053 	-0.0833776 	
1.545	0.324312 	-0.17298 	0.539028 	0.0589253 	-1.36941 	-0.0811806 	
1.55	0.324394 	-0.172975 	0.539041 	0.0589253 	-1.36941 	-0.0811806 	
1.555	0.324475 	-0.17297 	0.539055 	0.0589253 	-1.36941 	-0.0811806 	
1.56	0.324493 	-0.17297 	0.539054 	0.0573417 	-1.3683 	-0.0789989 	
1.565	0.324573 	-0.172965 	0.539067 	0.0573417 	-1.3683 	-0.0789989 	
1.57	0.324654 	-0.172959 	0.539081 	0.0573417 	-1.3683 	-0.0789989 	
1.575	0.324671 	-0.172959 	0.53908 	0.0557697 	-1.3672 	-0.0768331 	
1.58	0.324752 	-0.172954 	0.539093 	0.0557697 	-1.3672 	-0.0768331 	
1.585	0.324832 	-0.172949 	0.539106 	0.0557697 	-1.3672 	-0.0768331 	
1.59	0.324849 	-0.172949 	0.539106 	0.0542098 	-1.36611 	-0.0746841 	
1.595	0.324929 	-0.172944 	0.539119 	0.0542098 	-1.36611 	-0.0746841 	
1.6	0.325008 	-0.172939 	0.539132 	0.0542098 	-1.36611 	-0.0746841 	
1.605	0.325025 	-0.172939 	0.539131 	0.0526626 	-1.36502 	-0.0725526 	
1.61	0.325104 	-0.172934 	0.539144 	0.0526626 	-1.36502 	-0.0725526 	
1.615	0.325182 	-0.172929 	0.539157 	0.0526626 	-1.36502 	-0.0725526 	
1.62	0.3252 	-0.172929 	0.539157 	0.0511287 	-1.36395 	-0.0704394 	
1.625	0.325278 	-0.172924 	0.53917 	0.0511287 	-1.36395 	-0.0704394 	
1.63	0.325356 	-0.172919 	0.539182 	0.0511287 	-1.36395 	-0.0704394 	
1.635	0.325433 	-0.172914 	0.539195 	0.0511287 	-1.36395 	-0.0704394 	
1.64	0.325432 	-0.172916 	0.539191 	0.0491571 	-1.36256 	-0.067723 	
1.645	0.325509 	-0.172911 	0.539203 	0.0491571 	-1.36256 	-0.067723 	
1.65	0.325586 	-0.172905 	0.539216 	0.0491571 	-1.36256 	-0.067723 	
1.655	0.325601 	-0.172906 	0.539215 	0.0476095 	-1.36148 	-0.0655909 	
1.66	0.325677 	-0.172901 	0.539228 	0.0476095 	-1.36148 	-0.0655909 	
1.665	0.325753 	-0.172896 	0.53924 	0.0476095 	-1.36148 	-0.0655909 	
1.67	0.325829 	-0.17289 	0.539252 	0.0476095 	-1.36148 	-0.0655909 	
1.675	0.325828 	-0.172893 	0.539248 	0.0456779 	-1.36012 	-0.0629297 	
1.68	0.325903 	-0.172888 	0.539261 	0.0456779 	-1.36012 	-0.0629297 	
1.685	0.325978 	-0.172883 	0.539273 	0.0456779 	-1.36012 	-0.0629297 	
1.69	0.326053 	-0.172877 	0.539285 	0.0456779 	-1.36012 	-0.0629297 	
1.695	0.32605 	-0.172881 	0.539281 	0.0437322 	-1.35876 	-0.0602491 	
1.7	0.326124 	-0.172875 	0.539293 	0.0437322 	-1.35876 	-0.0602491 	
1.705	0.326198 	-0.17287 	0.539305 	0.0437322 	-1.35876 	-0.0602491 	
1.71	0.326271 	-0.172865 	0.539317 	0.0437322 	-1.35876 	-0.0602491 	
1.715	0.326268 	-0.172868 	0.539312 	0.0418113 	-1.35741 	-0.0576027 	
1.72	0.326341 	-0.172863 	0.539324 	0.0418113 	-1.35741 	-0.0576027 	
1.725	0.326414 	-0.172858 	0.539336 	0.0418113 	-1.35741 	-0.0576027 	
1.73	0.326486 	-0.172852 	0.539348 	0.0418113 	-1.35741 	-0.0576027 	
1.735	0.326483 	-0.172856 	0.539344 	0.0399204 	-1.35609 	-0.0549976 	
1.74	0.326555 	-0.172851 	0.539355 	0.0399204 	-1.35609 	-0.0549976 	
1.745	0.326626 	-0.172845 	0.539367 	0.0399204 	-1.35609 	-0.0549976 	
1.75	0.326698 	-0.17284 	0.539378 	0.0399204 	-1.35609 	-0.0549976 	
1.755	0.326694 	-0.172844 	0.539374 	0.0380609 	-1.35478 	-0.0524358 	
1.76	0.326765 	-0.172839 	0.539386 	0.0380609 	-1.35478 	-0.0524358 	
1.765	0.326835 	-0.172833 	0.539397 	0.0380609 	-1.35478 	-0.0524358 	
1.77	0.326905 	-0.172828 	0.539408 	0.0380609 	-1.35478 	-0.0524358 	
1.775	0.326902 	-0.172832 	0.539404 	0.0362341 	-1.3535 	-0.0499191 	
1.78	0.326971 	-0.172827 	0.539416 	0.0362341 	-1.3535 	-0.0499191 	
1.785	0.32704 	-0.172821 	0.539427 	0.0362341 	-1.3535 	-0.0499191 	
1.79	0.327109 	-0.172816 	0.539438 	0.0362341 	-1.3535 	-0.0499191 	
1.795	0.327106 	-0.172821 	0.539434 	0.0344412 	-1.35225 	-0.0474491 	
1.8	0.327174 	-0.172815 	0.539445 	0.0344412 	-1.35225 	-0.0474491 	
1.805	0.327241 	-0.17281 	0.539456 	0.0344412 	-1.35225 	-0.0474491 	
1.81	0.327308 	-0.172805 	0.539467 	0.0344412 	-1.35225 	-0.0474491 	
1.815	0.327305 	-0.172809 	0.539463 	0.0326833 	-1.35101 	-0.0450272 	
1.82	0.327372 	-0.172804 	0.539474 	0.0326833 	-1.35101 	-0.0450272 	
1.825	0.327438 	-0.172799 	0.539484 	0.0326833 	-1.35101 	-0.0450272 	
1.83	0.327504 	-0.172793 	0.539495 	0.0326833 	-1.35101 	-0.0450272 	
1.835	0.327501 	-0.172798 	0.539492 	0.0309615 	-1.34981 	-0.0426551 	
1.84	0.327566 	-0.172793 	0.539502 	0.0309615 	-1.34981 	-0.0426551 	
1.845	0.327631 	-0.172788 	0.539512 	0.0309615 	-1.34981 	-0.0426551 	
1.85	0.327695 	-0.172782 	0.539523 	0.0309615 	-1.34981 	-0.0426551 	
1.855	0.327692 	-0.172787 	0.539519 	0.0292768 	-1.34863 	-0.0403341 	
1.86	0.327756 	-0.172782 	0.53953 	0.0292768 	-1.34863 	-0.0403341 	
1.865	0.327819 	-0.172777 	0.53954 	0.0292768 	-1.34863 	-0.0403341 	
1.87	0.327882 	-0.172771 	0.53955 	0.0292768 	-1.34863 	-0.0403341 	
1.875	0.327879 	-0.172777 	0.539547 	0.0276303 	-1.34747 	-0.0380658 	
1.88	0.327941 	-0.172771 	0.539556 	0.0276303 	-1.34747 	-0.0380658 	
1.885	0.328003 	-0.172766 	0.539566 	0.0276303 	-1.34747 	-0.0380658 	
1.89	0.328065 	-0.172761 	0.539576 	0.0276303 	-1.34747 	-0.0380658 	
1.895	0.328062 	-0.172766 	0.539573 	0.0260231 	-1.34634 	-0.0358516 	
1.9	0.328122 	-0.172761 	0.539583 	0.0260231 	-1.34634 	-0.0358516 	
1.905	0.328183 	-0.172756 	0.539592 	0.0260231 	-1.34634 	-0.0358516 	
1.91	0.328242 	-0.172751 	0.539602 	0.0260231 	-1.34634 	-0.0358516 	
1.915	0.32824 	-0.172756 	0.539599 	0.0244562 	-1.34525 	-0.0336928 	
1.92	0.328299 	-0.172751 	0.539608 	0.0244562 	-1.34525 	-0.0336928 	
1.925	0.328357 	-0.172746 	0.539618 	0.0244562 	-1.34525 	-0.0336928 	
1.93	0.328415 	-0.172741 	0.539627 	0.0244562 	-1.34525 	-0.0336928 	
1.935	0.328413 	-0.172746 	0.539624 	0.0229304 	-1.34418 	-0.0315909 	
1.94	0.32847 	-0.172741 	0.539633 	0.0229304 	-1.34418 	-0.0315909 	
1.945	0.328527 	-0.172736 	0.539642 	0.0229304 	-1.34418 	-0.0315909 	
1.95	0.328584 	-0.172731 	0.539651 	0.0229304 	-1.34418 	-0.0315909 	
1.955	0.32864 	-0.172726 	0.53966 	0.0229304 	-1.34418 	-0.0315909 	
1.96	0.328624 	-0.172734 	0.539655 	0.0211211 	-1.34291 	-0.0290981 	
1.965	0.328679 	-0.172729 	0.539664 	0.0211211 	-1.34291 	-0.0290981 	
1.97	0.328734 	-0.172724 	0.539672 	0.0211211 	-1.34291 	-0.0290981 	
1.975	0.328789 	-0.172719 	0.539681 	0.0211211 	-1.34291 	-0.0290981 	
1.98	0.328843 	-0.172715 	0.53969 	0.0211211 	-1.34291 	-0.0290981 	
1.985	0.328826 	-0.172723 	0.539684 	0.0193437 	-1.34166 	-0.0266494 	
1.99	0.328879 	-0.172718 	0.539693 	0.0193437 	-1.34166 	-0.0266494 	
1.995	0.328932 	-0.172713 	0.539701 	0.0193437 	-1.34166 	-0.0266494 	
2	0.328984 	-0.172708 	0.539709 	0.0193437 	-1.34166 	-0.0266494 	
2.005	0.329036 	-0.172704 	0.539717 	0.0193437 	-1.34166 	-0.0266494 	
2.01	0.32902 	-0.172712 	0.539712 	0.017632 	-1.34046 	-0.0242913 	
2.015	0.329071 	-0.172707 	0.53972 	0.017632 	-1.34046 	-0.0242913 	
2.02	0.329121 	-0.172702 	0.539728 	0.017632 	-1.34046 	-0.0242913 	
2.025	0.329172 	-0.172698 	0.539736 	0.017632 	-1.34046 	-0.0242913 	
2.03	0.329221 	-0.172693 	0.539744 	0.017632 	-1.34046 	-0.0242913 	
2.035	0.329206 	-0.172701 	0.539739 	0.0159911 	-1.33931 	-0.0220306 	
2.04	0.329254 	-0.172697 	0.539747 	0.0159911 	-1.33931 	-0.0220306 	
2.045	0.329303 	-0.172692 	0.539755 	0.0159911 	-1.33931 	-0.0220306 	
2.05	0.329351 	-0.172688 	0.539762 	0.0159911 	-1.33931 	-0.0220306 	
2.055	0.329398 	-0.172683 	0.53977 	0.0159911 	-1.33931 	-0.0220306 	
2.06	0.329383 	-0.172691 	0.539765 	0.0144229 	-1.33821 	-0.0198701 	
2.065	0.32943 	-0.172687 	0.539772 	0.0144229 	-1.33821 	-0.0198701 	
2.07	0.329476 	-0.172682 	0.53978 	0.0144229 	-1.33821 	-0.0198701 	
2.075	0.329521 	-0.172678 	0.539787 	0.0144229 	-1.33821 	-0.0198701 	
2.08	0.329566 	-0.172674 	0.539794 	0.0144229 	-1.33821 	-0.0198701 	
2.085	0.329611 	-0.17267 	0.539801 	0.0144229 	-1.33821 	-0.0198701 	
2.09	0.329586 	-0.172679 	0.539795 	0.0126703 	-1.33698 	-0.0174556 	
2.095	0.32963 	-0.172675 	0.539802 	0.0126703 	-1.33698 	-0.0174556 	
2.1	0.329673 	-0.172671 	0.539808 	0.0126703 	-1.33698 	-0.0174556 	
2.105	0.329716 	-0.172667 	0.539815 	0.0126703 	-1.33698 	-0.0174556 	
2.11	0.329758 	-0.172663 	0.539822 	0.0126703 	-1.33698 	-0.0174556 	
2.115	0.3298 	-0.172659 	0.539828 	0.0126703 	-1.33698 	-0.0174556 	
2.12	0.329775 	-0.172668 	0.539822 	0.0109973 	-1.33581 	-0.0151507 	
2.125	0.329816 	-0.172665 	0.539829 	0.0109973 	-1.33581 	-0.0151507 	
2.13	0.329857 	-0.172661 	0.539835 	0.0109973 	-1.33581 	-0.0151507 	
2.135	0.329897 	-0.172657 	0.539841 	0.0109973 	-1.33581 	-0.0151507 	
2.14	0.329936 	-0.172653 	0.539847 	0.0109973 	-1.33581 	-0.0151507 	
2.145	0.329975 	-0.172649 	0.539854 	0.0109973 	-1.33581 	-0.0151507 	
2.15	0.329952 	-0.172659 	0.539848 	0.00943304 	-1.33471 	-0.0129956 	
2.155	0.32999 	-0.172655 	0.539854 	0.00943304 	-1.33471 	-0.0129956 	
2.16	0.330027 	-0.172651 	0.53986 	0.00943304 	-1.33471 	-0.0129956 	
2.165	0.330064 	-0.172648 	0.539865 	0.00943304 	-1.33471 	-0.0129956 	
2.17	0.330101 	-0.172644 	0.539871 	0.00943304 	-1.33471 	-0.0129956 	
2.175	0.330137 	-0.172641 	0.539877 	0.00943304 	-1.33471 	-0.0129956 	
2.18	0.330172 	-0.172637 	0.539882 	0.00943304 	-1.33471 	-0.0129956 	
2.185	0.330142 	-0.172648 	0.539876 	0.00777741 	-1.33355 	-0.0107147 	
2.19	0.330176 	-0.172644 	0.539881 	0.00777741 	-1.33355 	-0.0107147 	
2.195	0.33021 	-0.172641 	0.539886 	0.00777741 	-1.33355 	-0.0107147 	
2.2	0.330244 	-0.172638 	0.539891 	0.00777741 	-1.33355 	-0.0107147 	
2.205	0.330277 	-0.172634 	0.539897 	0.00777741 	-1.33355 	-0.0107147 	
2.21	0.33031 	-0.172631 	0.539902 	0.00777741 	-1.33355 	-0.0107147 	
2.215	0.330342 	-0.172628 	0.539907 	0.00777741 	-1.33355 	-0.0107147 	
2.22	0.330313 	-0.172638 	0.5399 	0.00625483 	-1.33248 	-0.00861705 	
2.225	0.330344 	-0.172635 	0.539905 	0.00625483 	-1.33248 	-0.00861705 	
2.23	0.330375 	-0.172632 	0.53991 	0.00625483 	-1.33248 	-0.00861705 	
2.235	0.330405 	-0.172629 	0.539915 	0.00625483 	-1.33248 	-0.00861705 	
2.24	0.330434 	-0.172626 	0.539919 	0.00625483 	-1.33248 	-0.00861705 	
2.245	0.330463 	-0.172623 	0.539924 	0.00625483 	-1.33248 	-0.00861705 	
2.25	0.330492 	-0.17262 	0.539928 	0.00625483 	-1.33248 	-0.00861705 	
2.255	0.33052 	-0.172617 	0.539933 	0.00625483 	-1.33248 	-0.00861705 	
2.26	0.330487 	-0.172628 	0.539926 	0.00473024 	-1.33141 	-0.00651664 	
2.265	0.330514 	-0.172625 	0.53993 	0.00473024 	-1.33141 	-0.00651664 	
2.27	0.33054 	-0.172623 	0.539934 	0.00473024 	-1.33141 	-0.00651664 	
2.275	0.330566 	-0.17262 	0.539938 	0.00473024 	-1.33141 	-0.00651664 	
2.28	0.330592 	-0.172618 	0.539942 	0.00473024 	-1.33141 	-0.00651664 	
2.285	0.330616 	-0.172615 	0.539946 	0.00473024 	-1.33141 	-0.00651664 	
2.29	0.330641 	-0.172613 	0.53995 	0.00473024 	-1.33141 	-0.00651664 	
2.295	0.330665 	-0.17261 	0.539953 	0.00473024 	-1.33141 	-0.00651664 	
2.3	0.330688 	-0.172608 	0.539957 	0.00473024 	-1.33141 	-0.00651664 	
2.305	0.330711 	-0.172606 	0.53996 	0.00473024 	-1.33141 	-0.00651664 	
2.31	0.33067 	-0.172618 	0.539952 	0.00313474 	-1.3303 	-0.00431852 	
2.315	0.330692 	-0.172615 	0.539956 	0.00313474 	-1.3303 	-0.00431852 	
2.32	0.330713 	-0.172613 	0.539959 	0.00313474 	-1.3303 	-0.00431852 	
2.325	0.330734 	-0.172611 	0.539962 	0.00313474 	-1.3303 	-0.00431852 	
2.33	0.330754 	-0.172609 	0.539965 	0.00313474 	-1.3303 	-0.00431852 	
2.335	0.330773 	-0.172607 	0.539968 	0.00313474 	-1.3303 	-0.00431852 	
2.34	0.330792 	-0.172605 	0.539971 	0.00313474 	-1.3303 	-0.00431852 	
2.345	0.330811 	-0.172603 	0.539974 	0.00313474 	-1.3303 	-0.00431852 	
2.35	0.330829 	-0.172601 	0.539977 	0.00313474 	-1.3303 	-0.00431852 	
2.355	0.330847 	-0.1726 	0.53998 	0.00313474 	-1.3303 	-0.00431852 	
2.36	0.330864 	-0.172598 	0.539982 	0.00313474 	-1.3303 	-0.00431852 	
2.365	0.33088 	-0.172596 	0.539985 	0.00313474 	-1.3303 	-0.00431852 	
2.37	0.330896 	-0.172595 	0.539987 	0.00313474 	-1.3303 	-0.00431852 	
2.375	0.330849 	-0.172607 	0.539978 	0.00155958 	-1.32919 	-0.00214844 	
2.38	0.330864 	-0.172606 	0.539981 	0.00155958 	-1.32919 	-0.00214844 	
2.385	0.330878 	-0.172604 	0.539983 	0.00155958 	-1.32919 	-0.00214844 	
2.39	0.330892 	-0.172603 	0.539985 	0.00155958 	-1.32919 	-0.00214844 	
2.395	0.330905 	-0.172602 	0.539987 	0.00155958 	-1.32919 	-0.00214844 	
2.4	0.330918 	-0.1726 	0.539989 	0.00155958 	-1.32919 	-0.00214844 	
2.405	0.33093 	-0.172599 	0.539991 	0.00155958 	-1.32919 	-0.00214844 	
2.41	0.330942 	-0.172598 	0.539993 	0.00155958 	-1.32919 	-0.00214844 	
2.415	0.330953 	-0.172597 	0.539994 	0.00155958 	-1.32919 	-0.00214844 	
2.42	0.330963 	-0.172596 	0.539996 	0.00155958 	-1.32919 	-0.00214844 	
2.425	0.330973 	-0.172595 	0.539998 	0.00155958 	-1.32919 	-0.00214844 	
2.43	0.330982 	-0.172594 	0.539999 	0.00155958 	-1.32919 	-0.00214844 	
2.435	0.330992 	-0.172593 	0.54 	0.00155958 	-1.32919 	-0.00214844 	
2.44	0.330999 	-0.172592 	0.540002 	0.00155958 	-1.32919 	-0.00214844 	
2.445	0.331007 	-0.172591 	0.540003 	0.00155958 	-1.32919 	-0.00214844 	
2.45	0.331015 	-0.17259 	0.540004 	0.00155958 	-1.32919 	-0.00214844 	
2.455	0.331021 	-0.17259 	0.540005 	0.00155958 	-1.32919 	-0.00214844 	
2.46	0.331028 	-0.172589 	0.540006 	0.00155958 	-1.32919 	-0.00214844 	
2.465	0.331034 	-0.172588 	0.540007 	0.00155958 	-1.32919 	-0.00214844 	
2.47	0.331039 	-0.172588 	0.540008 	0.00155958 	-1.32919 	-0.00214844 	
2.475	0.331043 	-0.172587 	0.540008 	0.00155958 	-1.32919 	-0.00214844 	
2.48	0.331048 	-0.172587 	0.540009 	0.00155958 	-1.32919 	-0.00214844 	
2.485	0.331051 	-0.172587 	0.54001 	0.00155958 	-1.32919 	-0.00214844 	
2.49	0.331054 	-0.172586 	0.54001 	0.00155958 	-1.32919 	-0.00214844 	
2.495	0.331057 	-0.172586 	0.540011 	0.00155958 	-1.32919 	-0.00214844 	
2.5	0.331059 	-0.172586 	0.540011 	0.00155958 	-1.32919 	-0.00214844 	
2.505	0.33106 	-0.172586 	0.540011 	0.00155958 	-1.32919 	-0.00214844 	
2.51	0.33106 	-0.172586 	0.540011 	0.00155958 	-1.32919 	-0.00214844 	
2.515	0.331063 	-0.172583 	0.540011 	0.00155958 	-1.32919 	-0.00214844 	
2.52	0.331063 	-0.172583 	0.540011 	0.00155958 	-1.32919 	-0.00214844 	
2.525	0.331065 	-0.172582 	0.54001 	0.00155958 	-1.32919 	-0.00214844 	
2.53	0.331066 	-0.172582 	0.540009 	0.00155958 	-1.32919 	-0.00214844 	
2.535	0.331068 	-0.172581 	0.540008 	0.00155958 	-1.32919 	-0.00214844 	
2.54	0.33107 	-0.172579 	0.540006 	0.00155958 	-1.32919 	-0.00214844 	
2.545	0.331073 	-0.172578 	0.540003 	0.00155958 	-1.32919 	-0.00214844 	
2.55	0.331076 	-0.172576 	0.540001 	0.00155958 	-1.32919 	-0.00214844 	
2.555	0.33108 	-0.172573 	0.539997 	0.00155958 	-1.32919 	-0.00214844 	
2.56	0.331084 	-0.172571 	0.539993 	0.00155959 	-1.32919 	-0.00214845 	
2.565	0.331089 	-0.172568 	0.539989 	0.00155959 	-1.32919 	-0.00214845 	
2.57	0.331091 	-0.172567 	0.539984 	0.00155959 	-1.32919 	-0.00214845 	
2.575	0.331096 	-0.172564 	0.539979 	0.00155959 	-1.32919 	-0.00214845 	
2.58	0.331103 	-0.17256 	0.539973 	0.00155959 	-1.32919 	-0.00214845 	
2.585	0.33111 	-0.172556 	0.539967 	0.00155959 	-1.32919 	-0.00214845 	
2.59	0.331117 	-0.172551 	0.539961 	0.00155959 	-1.32919 	-0.00214845 	
2.595	0.331125 	-0.172547 	0.539954 	0.00155959 	-1.32919 	-0.00214845 	
2.6	0.331134 	-0.172541 	0.539946 	0.00155959 	-1.32919 	-0.00214845 	
2.605	0.331142 	-0.172536 	0.539938 	0.00155959 	-1.32919 	-0.00214846 	
2.61	0.331152 	-0.17253 	0.53993 	0.0015596 	-1.32919 	-0.00214846 	
2.615	0.331162 	-0.172524 	0.539921 	0.0015596 	-1.32919 	-0.00214846 	
2.62	0.331172 	-0.172518 	0.539912 	0.0015596 	-1.32919 	-0.00214846 	
2.625	0.331183 	-0.172511 	0.539902 	0.0015596 	-1.32919 	-0.00214846 	
2.63	0.331194 	-0.172504 	0.539892 	0.0015596 	-1.32919 	-0.00214847 	
2.635	0.331206 	-0.172497 	0.539882 	0.00155961 	-1.32919 	-0.00214847 	
2.64	0.331218 	-0.172489 	0.539871 	0.00155961 	-1.32919 	-0.00214847 	
2.645	0.331231 	-0.172481 	0.539859 	0.00155961 	-1.32919 	-0.00214848 	
2.65	0.331244 	-0.172473 	0.539848 	0.00155962 	-1.32919 	-0.00214848 	
2.655	0.331258 	-0.172465 	0.539835 	0.00155962 	-1.32919 	-0.00214849 	
2.66	0.331272 	-0.172456 	0.539823 	0.00155963 	-1.32919 	-0.00214849 	
2.665	0.331287 	-0.172447 	0.539809 	0.00155963 	-1.32919 	-0.0021485 	
2.67	0.331303 	-0.172437 	0.539796 	0.00155963 	-1.32919 	-0.0021485 	
2.675	0.331318 	-0.172428 	0.539782 	0.00155964 	-1.32919 	-0.00214851 	
2.68	0.331335 	-0.172418 	0.539767 	0.00155964 	-1.32919 	-0.00214851 	
2.685	0.331351 	-0.172407 	0.539752 	0.00155965 	-1.32919 	-0.00214852 	
2.69	0.331369 	-0.172397 	0.539737 	0.00155966 	-1.32919 	-0.00214853 	
2.695	0.331386 	-0.172386 	0.539721 	0.00155966 	-1.32919 	-0.00214853 	
2.7	0.331405 	-0.172375 	0.539705 	0.00155967 	-1.32919 	-0.00214854 	
2.705	0.331423 	-0.172363 	0.539688 	0.00155968 	-1.32919 	-0.00214855 	
2.71	0.331442 	-0.172351 	0.539671 	0.00155968 	-1.32919 	-0.00214856 	
2.715	0.331462 	-0.172339 	0.539654 	0.00155969 	-1.32919 	-0.00214857 	
2.72	0.331482 	-0.172327 	0.539636 	0.0015597 	-1.32919 	-0.00214858 	
2.725	0.331503 	-0.172314 	0.539617 	0.00155971 	-1.32919 	-0.00214859 	
2.73	0.331524 	-0.172301 	0.539598 	0.00155972 	-1.32919 	-0.0021486 	
2.735	0.331546 	-0.172288 	0.539579 	0.00155973 	-1.32919 	-0.00214861 	
2.74	0.331568 	-0.172274 	0.539559 	0.00155974 	-1.32919 	-0.00214862 	
2.745	0.33159 	-0.17226 	0.539539 	0.00155975 	-1.32919 	-0.00214863 	
2.75	0.331613 	-0.172246 	0.539519 	0.00155976 	-1.32919 	-0.00214864 	
2.755	0.331637 	-0.172232 	0.539498 	0.00155977 	-1.32919 	-0.00214865 	
2.76	0.331661 	-0.172217 	0.539477 	0.00155978 	-1.32919 	-0.00214867 	
2.765	0.331685 	-0.172202 	0.539455 	0.00155979 	-1.32919 	-0.00214868 	
2.77	0.33171 	-0.172187 	0.539433 	0.0015598 	-1.32919 	-0.00214869 	
2.775	0.331735 	-0.172171 	0.53941 	0.00155982 	-1.32919 	-0.00214871 	
2.78	0.331761 	-0.172155 	0.539387 	0.00155983 	-1.32919 	-0.00214872 	
2.785	0.331788 	-0.172139 	0.539364 	0.00155984 	-1.32919 	-0.00214874 	
2.79	0.331874 	-0.172136 	0.53935 	0.000155288 	-1.3303 	-0.000213752 	
2.795	0.331901 	-0.172119 	0.539326 	0.000155302 	-1.3303 	-0.000213769 	
2.8	0.331929 	-0.172102 	0.539301 	0.000155318 	-1.3303 	-0.000213787 	
2.805	0.331957 	-0.172085 	0.539276 	0.000155333 	-1.3303 	-0.000213805 	
2.81	0.331985 	-0.172067 	0.53925 	0.00015535 	-1.3303 	-0.000213823 	
2.815	0.332014 	-0.172049 	0.539224 	0.000155366 	-1.3303 	-0.000213843 	
2.82	0.332044 	-0.172031 	0.539198 	0.000155384 	-1.3303 	-0.000213862 	
2.825	0.332074 	-0.172013 	0.539171 	0.000155402 	-1.3303 	-0.000213883 	
2.83	0.332104 	-0.171994 	0.539144 	0.00015542 	-1.3303 	-0.000213904 	
2.835	0.332135 	-0.171975 	0.539117 	0.000155439 	-1.3303 	-0.000213926 	
2.84	0.332166 	-0.171956 	0.539089 	0.000155458 	-1.3303 	-0.000213948 	
2.845	0.332198 	-0.171936 	0.539061 	0.000155478 	-1.3303 	-0.000213971 	
2.85	0.33223 	-0.171916 	0.539032 	0.000155499 	-1.3303 	-0.000213994 	
2.855	0.332263 	-0.171896 	0.539003 	0.00015552 	-1.3303 	-0.000214018 	
2.86	0.332366 	-0.171877 	0.538986 	1.6592e-05 	-1.33158 	-2.25403e-05 	
2.865	0.332399 	-0.171857 	0.538956 	1.66143e-05 	-1.33158 	-2.25658e-05 	
2.87	0.332433 	-0.171836 	0.538926 	1.66371e-05 	-1.33158 	-2.25919e-05 	
2.875	0.332467 	-0.171815 	0.538895 	1.66606e-05 	-1.33158 	-2.26187e-05 	
2.88	0.332502 	-0.171793 	0.538865 	1.66846e-05 	-1.33158 	-2.26461e-05 	
2.885	0.332537 	-0.171772 	0.538833 	1.67092e-05 	-1.33158 	-2.26742e-05 	
2.89	0.332573 	-0.17175 	0.538801 	1.67344e-05 	-1.33158 	-2.2703e-05 	
2.895	0.332609 	-0.171728 	0.538769 	1.67602e-05 	-1.33158 	-2.27324e-05 	
2.9	0.332645 	-0.171705 	0.538737 	1.67866e-05 	-1.33158 	-2.27625e-05 	
2.905	0.332682 	-0.171683 	0.538704 	1.68135e-05 	-1.33158 	-2.27933e-05 	
2.91	0.332719 	-0.17166 	0.538671 	1.68411e-05 	-1.33158 	-2.28248e-05 	
2.915	0.332757 	-0.171637 	0.538637 	1.68693e-05 	-1.33158 	-2.2857e-05 	
2.92	0.332867 	-0.171613 	0.538616 	3.02576e-06 	-1.33289 	-3.79025e-06 	
2.925	0.332906 	-0.17159 	0.538582 	3.05522e-06 	-1.33289 	-3.82387e-06 	
2.93	0.332945 	-0.171566 	0.538547 	3.08528e-06 	-1.33289 	-3.85818e-06 	
2.935	0.332984 	-0.171541 	0.538512 	3.11596e-06 	-1.33289 	-3.89318e-06 	
2.94	0.333024 	-0.171517 	0.538477 	3.14726e-06 	-1.33289 	-3.92889e-06 	
2.945	0.333064 	-0.171492 	0.538441 	3.17917e-06 	-1.33289 	-3.9653e-06 	
2.95	0.333104 	-0.171467 	0.538405 	3.2117e-06 	-1.33289 	-4.00242e-06 	
2.955	0.333145 	-0.171442 	0.538369 	3.24485e-06 	-1.33289 	-4.04025e-06 	
2.96	0.333186 	-0.171417 	0.538332 	3.27862e-06 	-1.33289 	-4.07878e-06 	
2.965	0.333228 	-0.171391 	0.538295 	3.31302e-06 	-1.33289 	-4.11803e-06 	
2.97	0.33327 	-0.171365 	0.538257 	3.34803e-06 	-1.33289 	-4.15799e-06 	
2.975	0.333387 	-0.171339 	0.538233 	1.83675e-06 	-1.33426 	-2.10283e-06 	
2.98	0.33343 	-0.171313 	0.538195 	1.87311e-06 	-1.33426 	-2.14429e-06 	
2.985	0.333473 	-0.171287 	0.538156 	1.9101e-06 	-1.33426 	-2.18646e-06 	
2.99	0.333517 	-0.17126 	0.538117 	1.94771e-06 	-1.33426 	-2.22934e-06 	
2.995	0.333561 	-0.171233 	0.538078 	1.98595e-06 	-1.33426 	-2.27294e-06 	
3	0.333605 	-0.171206 	0.538039 	2.02481e-06 	-1.33426 	-2.31726e-06 	
3.005	0.333654 	-0.171174 	0.537999 	2.06609e-06 	-1.33426 	-2.36472e-06 	
3.01	0.333699 	-0.171146 	0.537959 	2.10623e-06 	-1.33426 	-2.41049e-06 	
3.015	0.333744 	-0.171118 	0.537918 	2.14698e-06 	-1.33426 	-2.45696e-06 	
3.02	0.33379 	-0.17109 	0.537877 	2.18835e-06 	-1.33426 	-2.50414e-06 	
3.025	0.333911 	-0.171062 	0.53785 	1.78841e-06 	-1.33562 	-2.00841e-06 	
3.03	0.333958 	-0.171033 	0.537809 	1.83115e-06 	-1.33562 	-2.0571e-06 	
3.035	0.334004 	-0.171004 	0.537767 	1.87451e-06 	-1.33562 	-2.1065e-06 	
3.04	0.334051 	-0.170975 	0.537725 	1.91849e-06 	-1.33562 	-2.15661e-06 	
3.045	0.334099 	-0.170946 	0.537683 	1.96309e-06 	-1.33562 	-2.20743e-06 	
3.05	0.334147 	-0.170917 	0.53764 	2.00831e-06 	-1.33562 	-2.25896e-06 	
3.055	0.334195 	-0.170887 	0.537597 	2.05414e-06 	-1.33562 	-2.31119e-06 	
3.06	0.334243 	-0.170857 	0.537554 	2.1006e-06 	-1.33562 	-2.36412e-06 	
3.065	0.334292 	-0.170827 	0.53751 	2.14767e-06 	-1.33562 	-2.41776e-06 	
3.07	0.334414 	-0.170797 	0.53748 	1.76891e-06 	-1.33695 	-1.97683e-06 	
3.075	0.334464 	-0.170767 	0.537436 	1.81733e-06 	-1.33695 	-2.03196e-06 	
3.08	0.334513 	-0.170736 	0.537391 	1.86635e-06 	-1.33695 	-2.08778e-06 	
3.085	0.334563 	-0.170705 	0.537346 	1.91598e-06 	-1.33695 	-2.14429e-06 	
3.09	0.334614 	-0.170674 	0.537301 	1.96621e-06 	-1.33695 	-2.20148e-06 	
3.095	0.334665 	-0.170643 	0.537256 	2.01704e-06 	-1.33695 	-2.25936e-06 	
3.1	0.334716 	-0.170612 	0.537211 	2.06846e-06 	-1.33695 	-2.31792e-06 	
3.105	0.334767 	-0.17058 	0.537165 	2.12048e-06 	-1.33695 	-2.37715e-06 	
3.11	0.334819 	-0.170548 	0.537119 	2.17309e-06 	-1.33695 	-2.43706e-06 	
3.115	0.334947 	-0.170516 	0.537087 	1.93421e-06 	-1.33835 	-2.158e-06 	
3.12	0.334999 	-0.170484 	0.53704 	1.98814e-06 	-1.33835 	-2.21936e-06 	
3.125	0.335052 	-0.170452 	0.536993 	2.04264e-06 	-1.33835 	-2.28137e-06 	
3.13	0.335105 	-0.17042 	0.536946 	2.09772e-06 	-1.33835 	-2.34404e-06 	
3.135	0.335158 	-0.170387 	0.536899 	2.15337e-06 	-1.33835 	-2.40736e-06 	
3.14	0.335211 	-0.170354 	0.536851 	2.20959e-06 	-1.33835 	-2.47133e-06 	
3.145	0.335265 	-0.170321 	0.536803 	2.26636e-06 	-1.33835 	-2.53593e-06 	
3.15	0.335319 	-0.170288 	0.536755 	2.3237e-06 	-1.33835 	-2.60117e-06 	
3.155	0.335445 	-0.170255 	0.53672 	1.85244e-06 	-1.33966 	-2.06038e-06 	
3.16	0.3355 	-0.170221 	0.536671 	1.91103e-06 	-1.33966 	-2.127e-06 	
3.165	0.335554 	-0.170187 	0.536622 	1.97017e-06 	-1.33966 	-2.19423e-06 	
3.17	0.335609 	-0.170154 	0.536573 	2.02984e-06 	-1.33966 	-2.26208e-06 	
3.175	0.335665 	-0.17012 	0.536524 	2.09004e-06 	-1.33966 	-2.33054e-06 	
3.18	0.33572 	-0.170085 	0.536474 	2.15078e-06 	-1.33966 	-2.39959e-06 	
3.185	0.335776 	-0.170051 	0.536425 	2.21203e-06 	-1.33966 	-2.46924e-06 	
3.19	0.335832 	-0.170017 	0.536375 	2.2738e-06 	-1.33966 	-2.53949e-06 	
3.195	0.335963 	-0.169982 	0.536338 	1.94849e-06 	-1.34102 	-2.164e-06 	
3.2	0.336019 	-0.169947 	0.536288 	2.01146e-06 	-1.34102 	-2.23554e-06 	
3.205	0.336076 	-0.169912 	0.536237 	2.07491e-06 	-1.34102 	-2.30764e-06 	
3.21	0.336133 	-0.169877 	0.536186 	2.13887e-06 	-1.34102 	-2.3803e-06 	
3.215	0.33619 	-0.169842 	0.536135 	2.2033e-06 	-1.34102 	-2.45352e-06 	
3.22	0.336248 	-0.169807 	0.536084 	2.26822e-06 	-1.34102 	-2.52728e-06 	
3.225	0.336305 	-0.169771 	0.536032 	2.33362e-06 	-1.34102 	-2.60158e-06 	
3.23	0.336363 	-0.169736 	0.535981 	2.39947e-06 	-1.34102 	-2.67642e-06 	
3.235	0.336498 	-0.1697 	0.535943 	2.07246e-06 	-1.34243 	-2.29894e-06 	
3.24	0.336557 	-0.169664 	0.535891 	2.13943e-06 	-1.34243 	-2.37497e-06 	
3.245	0.336615 	-0.169628 	0.535839 	2.20684e-06 	-1.34243 	-2.45151e-06 	
3.25	0.336674 	-0.169592 	0.535787 	2.27469e-06 	-1.34243 	-2.52854e-06 	
3.255	0.336733 	-0.169556 	0.535734 	2.34298e-06 	-1.34243 	-2.60607e-06 	
3.26	0.336792 	-0.169519 	0.535681 	2.41169e-06 	-1.34243 	-2.68408e-06 	
3.265	0.336851 	-0.169483 	0.535628 	2.48081e-06 	-1.34243 	-2.76257e-06 	
3.27	0.336981 	-0.169446 	0.535588 	1.88686e-06 	-1.34371 	-2.08638e-06 	
3.275	0.337041 	-0.16941 	0.535535 	1.95699e-06 	-1.34371 	-2.16595e-06 	
3.28	0.337101 	-0.169373 	0.535481 	2.02751e-06 	-1.34371 	-2.24595e-06 	
3.285	0.337161 	-0.169336 	0.535428 	2.09842e-06 	-1.34371 	-2.3264e-06 	
3.29	0.337221 	-0.169299 	0.535374 	2.16971e-06 	-1.34371 	-2.40728e-06 	
3.295	0.337282 	-0.169261 	0.53532 	2.24137e-06 	-1.34371 	-2.48859e-06 	
3.3	0.337342 	-0.169224 	0.535266 	2.31339e-06 	-1.34371 	-2.5703e-06 	
3.305	0.337474 	-0.169187 	0.535225 	1.91022e-06 	-1.34501 	-2.10906e-06 	
3.31	0.337535 	-0.169149 	0.535171 	1.98314e-06 	-1.34501 	-2.19174e-06 	
3.315	0.337596 	-0.169112 	0.535116 	2.05641e-06 	-1.34501 	-2.2748e-06 	
3.32	0.337657 	-0.169074 	0.535061 	2.13e-06 	-1.34501 	-2.35823e-06 	
3.325	0.337719 	-0.169036 	0.535007 	2.20391e-06 	-1.34501 	-2.44203e-06 	
3.33	0.33778 	-0.168999 	0.534952 	2.27813e-06 	-1.34501 	-2.52618e-06 	
3.335	0.337842 	-0.168961 	0.534897 	2.35266e-06 	-1.34501 	-2.61068e-06 	
3.34	0.337976 	-0.168923 	0.534855 	1.96857e-06 	-1.34632 	-2.171e-06 	
3.345	0.338038 	-0.168885 	0.5348 	2.0439e-06 	-1.34632 	-2.25634e-06 	
3.35	0.3381 	-0.168846 	0.534744 	2.1195e-06 	-1.34632 	-2.34199e-06 	
3.355	0.338162 	-0.168808 	0.534689 	2.19537e-06 	-1.34632 	-2.42794e-06 	
3.36	0.338224 	-0.16877 	0.534633 	2.2715e-06 	-1.34632 	-2.51419e-06 	
3.365	0.338287 	-0.168731 	0.534577 	2.34788e-06 	-1.34632 	-2.60072e-06 	
3.37	0.338349 	-0.168693 	0.534521 	2.42449e-06 	-1.34632 	-2.68753e-06 	
3.375	0.338485 	-0.168654 	0.53448 	2.02263e-06 	-1.34766 	-2.22813e-06 	
3.38	0.338548 	-0.168616 	0.534423 	2.09994e-06 	-1.34766 	-2.31565e-06 	
3.385	0.338607 	-0.168581 	0.534367 	2.17525e-06 	-1.34766 	-2.40046e-06 	
3.39	0.33867 	-0.168542 	0.534311 	2.25295e-06 	-1.34766 	-2.48841e-06 	
3.395	0.338733 	-0.168503 	0.534255 	2.33086e-06 	-1.34766 	-2.57661e-06 	
3.4	0.338797 	-0.168464 	0.534198 	2.40895e-06 	-1.34766 	-2.66502e-06 	
3.405	0.33886 	-0.168426 	0.534142 	2.48722e-06 	-1.34766 	-2.75363e-06 	
3.41	0.338997 	-0.168387 	0.534099 	2.06567e-06 	-1.34902 	-2.27293e-06 	
3.415	0.339061 	-0.168348 	0.534043 	2.14451e-06 	-1.34902 	-2.36211e-06 	
3.42	0.339124 	-0.168309 	0.533986 	2.22349e-06 	-1.34902 	-2.45145e-06 	
3.425	0.339188 	-0.168269 	0.533929 	2.3026e-06 	-1.34902 	-2.54094e-06 	
3.43	0.339252 	-0.16823 	0.533872 	2.38184e-06 	-1.34902 	-2.63057e-06 	
3.435	0.339315 	-0.168191 	0.533815 	2.4612e-06 	-1.34902 	-2.72035e-06 	
3.44	0.339379 	-0.168152 	0.533758 	2.54066e-06 	-1.34902 	-2.81024e-06 	
3.445	0.339518 	-0.168113 	0.533716 	2.09687e-06 	-1.35039 	-2.30465e-06 	
3.45	0.339582 	-0.168073 	0.533659 	2.17678e-06 	-1.35039 	-2.39497e-06 	
3.455	0.339646 	-0.168034 	0.533602 	2.25675e-06 	-1.35039 	-2.48536e-06 	
3.46	0.33971 	-0.167995 	0.533545 	2.33679e-06 	-1.35039 	-2.57583e-06 	
3.465	0.339774 	-0.167955 	0.533487 	2.41689e-06 	-1.35039 	-2.66637e-06 	
3.47	0.339838 	-0.167916 	0.53343 	2.49704e-06 	-1.35039 	-2.75697e-06 	
3.475	0.339902 	-0.167877 	0.533373 	2.57723e-06 	-1.35039 	-2.84761e-06 	
3.48	0.340041 	-0.167837 	0.53333 	2.11529e-06 	-1.35176 	-2.32219e-06 	
3.485	0.340105 	-0.167798 	0.533273 	2.19578e-06 	-1.35176 	-2.4131e-06 	
3.49	0.340169 	-0.167758 	0.533216 	2.27628e-06 	-1.35176 	-2.50401e-06 	
3.495	0.340234 	-0.167719 	0.533158 	2.35677e-06 	-1.35176 	-2.59492e-06 	
3.5	0.340298 	-0.167679 	0.533101 	2.43725e-06 	-1.35176 	-2.68582e-06 	
3.505	0.340362 	-0.16764 	0.533043 	2.51771e-06 	-1.35176 	-2.77669e-06 	
3.51	0.340426 	-0.1676 	0.532986 	2.59814e-06 	-1.35176 	-2.86753e-06 	
3.515	0.340566 	-0.167561 	0.532944 	2.12091e-06 	-1.35314 	-2.32563e-06 	
3.52	0.34063 	-0.167522 	0.532886 	2.20152e-06 	-1.35314 	-2.41659e-06 	
3.525	0.340694 	-0.167482 	0.532829 	2.28205e-06 	-1.35314 	-2.50747e-06 	
3.53	0.340758 	-0.167443 	0.532771 	2.36251e-06 	-1.35314 	-2.59827e-06 	
3.535	0.340823 	-0.167403 	0.532714 	2.44289e-06 	-1.35314 	-2.68899e-06 	
3.54	0.340887 	-0.167364 	0.532657 	2.52318e-06 	-1.35314 	-2.7796e-06 	
3.545	0.340951 	-0.167324 	0.532599 	2.60337e-06 	-1.35314 	-2.87009e-06 	
3.55	0.34109 	-0.167285 	0.532557 	2.11376e-06 	-1.35452 	-2.31505e-06 	
3.555	0.341154 	-0.167246 	0.5325 	2.19399e-06 	-1.35452 	-2.40551e-06 	
3.56	0.341218 	-0.167206 	0.532443 	2.27408e-06 	-1.35452 	-2.49582e-06 	
3.565	0.341282 	-0.167167 	0.532385 	2.35403e-06 	-1.35452 	-2.58597e-06 	
3.57	0.341346 	-0.167128 	0.532328 	2.43383e-06 	-1.35452 	-2.67595e-06 	
3.575	0.34141 	-0.167088 	0.532271 	2.51346e-06 	-1.35452 	-2.76575e-06 	
3.58	0.341474 	-0.167049 	0.532214 	2.59293e-06 	-1.35452 	-2.85537e-06 	
3.585	0.341613 	-0.16701 	0.532172 	2.09397e-06 	-1.3559 	-2.29065e-06 	
3.59	0.341677 	-0.166971 	0.532115 	2.17334e-06 	-1.3559 	-2.38008e-06 	
3.595	0.34174 	-0.166932 	0.532058 	2.25251e-06 	-1.3559 	-2.46927e-06 	
3.6	0.341804 	-0.166892 	0.532001 	2.33147e-06 	-1.3559 	-2.55824e-06 	
3.605	0.341868 	-0.166853 	0.531944 	2.41021e-06 	-1.3559 	-2.64696e-06 	
3.61	0.341931 	-0.166814 	0.531887 	2.48873e-06 	-1.3559 	-2.73542e-06 	
3.615	0.341994 	-0.166775 	0.531831 	2.56701e-06 	-1.3559 	-2.82362e-06 	
3.62	0.342132 	-0.166737 	0.531789 	2.06182e-06 	-1.35727 	-2.25281e-06 	
3.625	0.342196 	-0.166698 	0.531733 	2.13987e-06 	-1.35727 	-2.34068e-06 	
3.63	0.342259 	-0.166659 	0.531676 	2.21765e-06 	-1.35727 	-2.42824e-06 	
3.635	0.342322 	-0.16662 	0.53162 	2.29516e-06 	-1.35727 	-2.5155e-06 	
3.64	0.342385 	-0.166582 	0.531564 	2.37239e-06 	-1.35727 	-2.60244e-06 	
3.645	0.342447 	-0.166543 	0.531507 	2.44932e-06 	-1.35727 	-2.68905e-06 	
3.65	0.34251 	-0.166504 	0.531451 	2.52595e-06 	-1.35727 	-2.77533e-06 	
3.655	0.342647 	-0.166466 	0.53141 	2.01775e-06 	-1.35862 	-2.20206e-06 	
3.66	0.342709 	-0.166428 	0.531355 	2.09402e-06 	-1.35862 	-2.28786e-06 	
3.665	0.342772 	-0.166389 	0.531299 	2.16997e-06 	-1.35862 	-2.37328e-06 	
3.67	0.342834 	-0.166351 	0.531243 	2.24558e-06 	-1.35862 	-2.45833e-06 	
3.675	0.342896 	-0.166313 	0.531187 	2.32084e-06 	-1.35862 	-2.543e-06 	
3.68	0.342958 	-0.166275 	0.531132 	2.39575e-06 	-1.35862 	-2.62727e-06 	
3.685	0.34302 	-0.166237 	0.531077 	2.47031e-06 	-1.35862 	-2.71113e-06 	
3.69	0.343154 	-0.166199 	0.531036 	1.96231e-06 	-1.35996 	-2.13906e-06 	
3.695	0.343216 	-0.166161 	0.530981 	2.03638e-06 	-1.35996 	-2.22231e-06 	
3.7	0.343278 	-0.166123 	0.530926 	2.11006e-06 	-1.35996 	-2.30512e-06 	
3.705	0.343339 	-0.166085 	0.530871 	2.18334e-06 	-1.35996 	-2.38749e-06 	
3.71	0.3434 	-0.166048 	0.530817 	2.25623e-06 	-1.35996 	-2.46941e-06 	
3.715	0.343461 	-0.16601 	0.530762 	2.3287e-06 	-1.35996 	-2.55087e-06 	
3.72	0.343522 	-0.165973 	0.530708 	2.40076e-06 	-1.35996 	-2.63186e-06 	
3.725	0.343654 	-0.165936 	0.530668 	1.8962e-06 	-1.36128 	-2.06461e-06 	
3.73	0.343715 	-0.165899 	0.530614 	1.96766e-06 	-1.36128 	-2.14486e-06 	
3.735	0.343777 	-0.16586 	0.53056 	2.03981e-06 	-1.36128 	-2.22613e-06 	
3.74	0.343837 	-0.165823 	0.530506 	2.11039e-06 	-1.36128 	-2.30539e-06 	
3.745	0.343897 	-0.165786 	0.530453 	2.1805e-06 	-1.36128 	-2.38413e-06 	
3.75	0.343957 	-0.165749 	0.530399 	2.25015e-06 	-1.36128 	-2.46236e-06 	
3.755	0.344016 	-0.165712 	0.530346 	2.31934e-06 	-1.36128 	-2.54006e-06 	
3.76	0.344146 	-0.165676 	0.530307 	1.8203e-06 	-1.36257 	-1.97973e-06 	
3.765	0.344206 	-0.165639 	0.530254 	1.88877e-06 	-1.36257 	-2.05656e-06 	
3.77	0.344265 	-0.165603 	0.530202 	1.95674e-06 	-1.36257 	-2.13284e-06 	
3.775	0.344323 	-0.165567 	0.530149 	2.02422e-06 	-1.36257 	-2.20856e-06 	
3.78	0.344382 	-0.165531 	0.530096 	2.0912e-06 	-1.36257 	-2.28373e-06 	
3.785	0.34444 	-0.165495 	0.530044 	2.15767e-06 	-1.36257 	-2.35832e-06 	
3.79	0.344498 	-0.165459 	0.529992 	2.22363e-06 	-1.36257 	-2.43234e-06 	
3.795	0.344556 	-0.165424 	0.52994 	2.28907e-06 	-1.36257 	-2.50578e-06 	
3.8	0.344692 	-0.165388 	0.529905 	1.99341e-06 	-1.36399 	-2.16942e-06 	
3.805	0.344749 	-0.165353 	0.529853 	2.05805e-06 	-1.36399 	-2.24189e-06 	
3.81	0.344806 	-0.165318 	0.529802 	2.12215e-06 	-1.36399 	-2.31376e-06 	
3.815	0.344864 	-0.165283 	0.529751 	2.1857e-06 	-1.36399 	-2.38501e-06 	
3.82	0.34492 	-0.165248 	0.5297 	2.2487e-06 	-1.36399 	-2.45565e-06 	
3.825	0.344977 	-0.165213 	0.529649 	2.31115e-06 	-1.36399 	-2.52567e-06 	
3.83	0.345033 	-0.165179 	0.529599 	2.37304e-06 	-1.36399 	-2.59506e-06 	
3.835	0.345089 	-0.165144 	0.529549 	2.43437e-06 	-1.36399 	-2.66382e-06 	
3.84	0.345221 	-0.16511 	0.529515 	1.92201e-06 	-1.36539 	-2.08977e-06 	
3.845	0.345277 	-0.165076 	0.529465 	1.98243e-06 	-1.36539 	-2.15746e-06 	
3.85	0.345332 	-0.165042 	0.529415 	2.04227e-06 	-1.36539 	-2.22449e-06 	
3.855	0.345387 	-0.165008 	0.529366 	2.10153e-06 	-1.36539 	-2.29087e-06 	
3.86	0.345442 	-0.164974 	0.529317 	2.1602e-06 	-1.36539 	-2.3566e-06 	
3.865	0.345497 	-0.164941 	0.529268 	2.21828e-06 	-1.36539 	-2.42166e-06 	
3.87	0.345551 	-0.164907 	0.529219 	2.27576e-06 	-1.36539 	-2.48605e-06 	
3.875	0.345605 	-0.164874 	0.529171 	2.33265e-06 	-1.36539 	-2.54978e-06 	
3.88	0.345732 	-0.164841 	0.529139 	1.79195e-06 	-1.36674 	-1.94607e-06 	
3.885	0.345786 	-0.164808 	0.529091 	1.84784e-06 	-1.36674 	-2.00863e-06 	
3.89	0.345839 	-0.164776 	0.529043 	1.90311e-06 	-1.36674 	-2.07049e-06 	
3.895	0.345892 	-0.164743 	0.528996 	1.95778e-06 	-1.36674 	-2.13167e-06 	
3.9	0.345944 	-0.164711 	0.528948 	2.01182e-06 	-1.36674 	-2.19216e-06 	
3.905	0.345997 	-0.164679 	0.528902 	2.06524e-06 	-1.36674 	-2.25196e-06 	
3.91	0.346049 	-0.164647 	0.528855 	2.11804e-06 	-1.36674 	-2.31106e-06 	
3.915	0.346097 	-0.164618 	0.528809 	2.16889e-06 	-1.36674 	-2.36771e-06 	
3.92	0.346219 	-0.164586 	0.528778 	1.64598e-06 	-1.36803 	-1.78546e-06 	
3.925	0.34627 	-0.164555 	0.528732 	1.69709e-06 	-1.36803 	-1.84262e-06 	
3.93	0.346321 	-0.164524 	0.528686 	1.74756e-06 	-1.36803 	-1.89906e-06 	
3.935	0.346372 	-0.164492 	0.528641 	1.79739e-06 	-1.36803 	-1.95479e-06 	
3.94	0.346422 	-0.164462 	0.528596 	1.84659e-06 	-1.36803 	-2.00981e-06 	
3.945	0.346472 	-0.164431 	0.528552 	1.89514e-06 	-1.36803 	-2.06412e-06 	
3.95	0.346521 	-0.164401 	0.528507 	1.94306e-06 	-1.36803 	-2.11771e-06 	
3.955	0.34657 	-0.16437 	0.528463 	1.99033e-06 	-1.36803 	-2.17058e-06 	
3.96	0.346619 	-0.16434 	0.528419 	2.03696e-06 	-1.36803 	-2.22273e-06 	
3.965	0.346742 	-0.164311 	0.528392 	1.68535e-06 	-1.3694 	-1.82902e-06 	
3.97	0.346791 	-0.164281 	0.528349 	1.73087e-06 	-1.3694 	-1.87989e-06 	
3.975	0.346838 	-0.164252 	0.528306 	1.77574e-06 	-1.3694 	-1.93002e-06 	
3.98	0.346886 	-0.164222 	0.528263 	1.81996e-06 	-1.3694 	-1.97943e-06 	
3.985	0.346933 	-0.164193 	0.528221 	1.86353e-06 	-1.3694 	-2.02812e-06 	
3.99	0.34698 	-0.164165 	0.528179 	1.90645e-06 	-1.3694 	-2.07608e-06 	
3.995	0.347027 	-0.164136 	0.528137 	1.94873e-06 	-1.3694 	-2.12332e-06 	
4	0.347073 	-0.164108 	0.528096 	1.99035e-06 	-1.3694 	-2.16982e-06 	
4.005	0.347118 	-0.16408 	0.528055 	2.03132e-06 	-1.3694 	-2.21561e-06 	
4.01	0.347235 	-0.164052 	0.528029 	1.52612e-06 	-1.3707 	-1.65476e-06 	
4.015	0.34728 	-0.164024 	0.527989 	1.56595e-06 	-1.3707 	-1.69923e-06 	
4.02	0.347325 	-0.163996 	0.527949 	1.60513e-06 	-1.3707 	-1.74296e-06 	
4.025	0.347369 	-0.163969 	0.527909 	1.64365e-06 	-1.3707 	-1.78597e-06 	
4.03	0.34741 	-0.163945 	0.52787 	1.68049e-06 	-1.3707 	-1.8269e-06 	
4.035	0.347454 	-0.163918 	0.527831 	1.71771e-06 	-1.3707 	-1.86845e-06 	
4.04	0.347497 	-0.163891 	0.527792 	1.75429e-06 	-1.3707 	-1.9093e-06 	
4.045	0.34754 	-0.163865 	0.527753 	1.79022e-06 	-1.3707 	-1.94942e-06 	
4.05	0.347583 	-0.163839 	0.527715 	1.82552e-06 	-1.3707 	-1.98882e-06 	
4.055	0.347625 	-0.163813 	0.527678 	1.86017e-06 	-1.3707 	-2.02751e-06 	
4.06	0.347739 	-0.163788 	0.527656 	1.4746e-06 	-1.37203 	-1.59951e-06 	
4.065	0.34778 	-0.163762 	0.527619 	1.50811e-06 	-1.37203 	-1.63689e-06 	
4.07	0.347821 	-0.163737 	0.527582 	1.54098e-06 	-1.37203 	-1.67355e-06 	
4.075	0.347862 	-0.163712 	0.527546 	1.57321e-06 	-1.37203 	-1.70951e-06 	
4.08	0.347902 	-0.163687 	0.52751 	1.60481e-06 	-1.37203 	-1.74476e-06 	
4.085	0.347941 	-0.163663 	0.527474 	1.63578e-06 	-1.37203 	-1.7793e-06 	
4.09	0.347981 	-0.163639 	0.527439 	1.66612e-06 	-1.37203 	-1.81315e-06 	
4.095	0.34802 	-0.163615 	0.527404 	1.69584e-06 	-1.37203 	-1.8463e-06 	
4.1	0.348058 	-0.163591 	0.527369 	1.72493e-06 	-1.37203 	-1.87875e-06 	
4.105	0.348096 	-0.163568 	0.527335 	1.75341e-06 	-1.37203 	-1.91052e-06 	
4.11	0.348134 	-0.163545 	0.527301 	1.78127e-06 	-1.37203 	-1.9416e-06 	
4.115	0.348244 	-0.163522 	0.527284 	1.37969e-06 	-1.37336 	-1.4974e-06 	
4.12	0.348281 	-0.163499 	0.527251 	1.40645e-06 	-1.37336 	-1.52722e-06 	
4.125	0.348317 	-0.163477 	0.527218 	1.43259e-06 	-1.37336 	-1.55636e-06 	
4.13	0.348353 	-0.163454 	0.527186 	1.45813e-06 	-1.37336 	-1.58482e-06 	
4.135	0.348393 	-0.163428 	0.527154 	1.4844e-06 	-1.37336 	-1.61439e-06 	
4.14	0.348428 	-0.163407 	0.527122 	1.50876e-06 	-1.37336 	-1.64155e-06 	
4.145	0.348463 	-0.163385 	0.527091 	1.53252e-06 	-1.37336 	-1.66803e-06 	
4.15	0.348498 	-0.163364 	0.52706 	1.55569e-06 	-1.37336 	-1.69385e-06 	
4.155	0.348531 	-0.163343 	0.52703 	1.57828e-06 	-1.37336 	-1.71903e-06 	
4.16	0.348565 	-0.163323 	0.527 	1.60029e-06 	-1.37336 	-1.74357e-06 	
4.165	0.348598 	-0.163302 	0.52697 	1.62174e-06 	-1.37336 	-1.76747e-06 	
4.17	0.348631 	-0.163282 	0.526941 	1.64261e-06 	-1.37336 	-1.79074e-06 	
4.175	0.348733 	-0.163263 	0.526927 	1.2081e-06 	-1.37464 	-1.31194e-06 	
4.18	0.348764 	-0.163243 	0.526899 	1.22794e-06 	-1.37464 	-1.33403e-06 	
4.185	0.348796 	-0.163224 	0.526871 	1.24723e-06 	-1.37464 	-1.35551e-06 	
4.19	0.348827 	-0.163205 	0.526843 	1.26597e-06 	-1.37464 	-1.37638e-06 	
4.195	0.348857 	-0.163186 	0.526816 	1.28417e-06 	-1.37464 	-1.39665e-06 	
4.2	0.348887 	-0.163168 	0.526789 	1.30183e-06 	-1.37464 	-1.41632e-06 	
4.205	0.348916 	-0.16315 	0.526762 	1.31897e-06 	-1.37464 	-1.4354e-06 	
4.21	0.348946 	-0.163132 	0.526736 	1.33558e-06 	-1.37464 	-1.4539e-06 	
4.215	0.348974 	-0.163114 	0.52671 	1.35168e-06 	-1.37464 	-1.47183e-06 	
4.22	0.349002 	-0.163097 	0.526685 	1.36726e-06 	-1.37464 	-1.48919e-06 	
4.225	0.34903 	-0.16308 	0.52666 	1.38228e-06 	-1.37464 	-1.5059e-06 	
4.23	0.349057 	-0.163063 	0.526636 	1.39687e-06 	-1.37464 	-1.52214e-06 	
4.235	0.349084 	-0.163047 	0.526612 	1.41096e-06 	-1.37464 	-1.53784e-06 	
4.24	0.34911 	-0.163031 	0.526588 	1.42457e-06 	-1.37464 	-1.55299e-06 	
4.245	0.349136 	-0.163015 	0.526565 	1.4377e-06 	-1.37464 	-1.56762e-06 	
4.25	0.349233 	-0.162999 	0.526558 	1.10187e-06 	-1.37596 	-1.20011e-06 	
4.255	0.349258 	-0.162984 	0.526536 	1.11412e-06 	-1.37596 	-1.21375e-06 	
4.26	0.349282 	-0.162969 	0.526514 	1.12592e-06 	-1.37596 	-1.22687e-06 	
4.265	0.349306 	-0.162954 	0.526492 	1.13726e-06 	-1.37596 	-1.23949e-06 	
4.27	0.34933 	-0.16294 	0.526471 	1.14816e-06 	-1.37596 	-1.25162e-06 	
4.275	0.349353 	-0.162925 	0.52645 	1.15862e-06 	-1.37596 	-1.26326e-06 	
4.28	0.349376 	-0.162912 	0.52643 	1.16866e-06 	-1.37596 	-1.27443e-06 	
4.285	0.349398 	-0.162898 	0.52641 	1.17828e-06 	-1.37596 	-1.28513e-06 	
4.29	0.349419 	-0.162885 	0.526391 	1.18748e-06 	-1.37596 	-1.29538e-06 	
4.295	0.349441 	-0.162872 	0.526372 	1.19629e-06 	-1.37596 	-1.30517e-06 	
4.3	0.349463 	-0.162858 	0.526353 	1.20495e-06 	-1.37596 	-1.31487e-06 	
4.305	0.349483 	-0.162845 	0.526335 	1.21297e-06 	-1.37596 	-1.32379e-06 	
4.31	0.349503 	-0.162833 	0.526317 	1.22061e-06 	-1.37596 	-1.33229e-06 	
4.315	0.349522 	-0.162821 	0.5263 	1.22788e-06 	-1.37596 	-1.34038e-06 	
4.32	0.349541 	-0.16281 	0.526283 	1.23479e-06 	-1.37596 	-1.34807e-06 	
4.325	0.349559 	-0.162799 	0.526267 	1.24134e-06 	-1.37596 	-1.35536e-06 	
4.33	0.349577 	-0.162788 	0.526251 	1.24755e-06 	-1.37596 	-1.36227e-06 	
