0	0.0378052 	-0.00200788 	-0.0288169 	2.82718e-05 	-0.00183585 	4.96527e-05 	
0.005	0.185318 	-0.00868941 	-0.140665 	4.52117e-05 	-0.00892457 	0.000375701 	
0.01	0.322035 	-0.0148819 	-0.244326 	6.09118e-05 	-0.0154945 	0.000677887 	
0.015	0.448746 	-0.0206212 	-0.340401 	7.54627e-05 	-0.0215835 	0.000957955 	
0.02	0.566195 	-0.0259565 	-0.429461 	9.02113e-05 	-0.0272285 	0.00121576 	
0.025	0.675036 	-0.0308864 	-0.511987 	0.000102709 	-0.0324589 	0.00145633 	
0.03	0.775912 	-0.0354554 	-0.588471 	0.000114291 	-0.0373065 	0.00167929 	
0.035	0.869405 	-0.03969 	-0.659358 	0.000125024 	-0.0417993 	0.00188593 	
0.04	0.956055 	-0.0436146 	-0.725055 	0.000134969 	-0.0459634 	0.00207745 	
0.045	1.03636 	-0.0472519 	-0.785943 	0.000144184 	-0.0498227 	0.00225494 	
0.05	1.1108 	-0.0506229 	-0.842373 	0.000152722 	-0.0533996 	0.00241944 	
0.055	1.17978 	-0.0537472 	-0.894672 	0.000160633 	-0.0567148 	0.00257189 	
0.06	1.24372 	-0.0566427 	-0.943142 	0.000167961 	-0.0597874 	0.00271318 	
0.065	1.30298 	-0.0593261 	-0.988063 	0.000174748 	-0.0626352 	0.00284412 	
0.07	1.3579 	-0.0618132 	-1.02969 	0.000181035 	-0.0652747 	0.00296547 	
0.075	1.4088 	-0.064118 	-1.06828 	0.000186858 	-0.067721 	0.00307794 	
0.08	1.45598 	-0.0662541 	-1.10403 	0.000192249 	-0.0699885 	0.00318216 	
0.085	1.49971 	-0.0682338 	-1.13717 	0.00019724 	-0.07209 	0.00327875 	
0.09	1.54023 	-0.0700684 	-1.16788 	0.000201861 	-0.0740379 	0.00336826 	
0.095	1.5778 	-0.0717686 	-1.19634 	0.000206137 	-0.0758434 	0.00345121 	
0.1	1.61261 	-0.0733443 	-1.22272 	0.000210094 	-0.0775168 	0.00352808 	
0.105	1.64488 	-0.0748044 	-1.24716 	0.000213754 	-0.0790679 	0.00359931 	
0.11	1.67479 	-0.0761576 	-1.26981 	0.000217139 	-0.0805056 	0.00366532 	
0.115	1.70251 	-0.0774116 	-1.29079 	0.000220269 	-0.0818383 	0.00372649 	
0.12	1.72821 	-0.0785736 	-1.31024 	0.000223162 	-0.0830736 	0.00378316 	
0.125	1.75202 	-0.0796504 	-1.32827 	0.000225836 	-0.0842186 	0.00383568 	
0.13	1.7741 	-0.0806483 	-1.34497 	0.000228304 	-0.08528 	0.00388434 	
0.135	1.79456 	-0.0815729 	-1.36044 	0.000230584 	-0.086264 	0.00392942 	
0.14	1.81352 	-0.0824296 	-1.37478 	0.000232687 	-0.087176 	0.00397119 	
0.145	1.8311 	-0.0832235 	-1.38807 	0.000234627 	-0.0880216 	0.00400989 	
0.15	1.8474 	-0.083959 	-1.40037 	0.000236415 	-0.0888054 	0.00404574 	
0.155	1.8625 	-0.0846405 	-1.41178 	0.000238062 	-0.0895322 	0.00407895 	
0.16	1.8765 	-0.0852719 	-1.42234 	0.000239578 	-0.0902059 	0.00410972 	
0.165	1.88797 	-0.0845569 	-1.43435 	0.0003016 	-0.090834 	0.00412898 	
0.17	1.90031 	-0.0851603 	-1.44359 	0.00029973 	-0.0914257 	0.00415437 	
0.175	1.91169 	-0.0857328 	-1.45208 	0.000297134 	-0.0919734 	0.00417742 	
0.18	1.92216 	-0.0862553 	-1.45988 	0.000295053 	-0.0924784 	0.00419873 	
0.185	1.93187 	-0.0867392 	-1.46711 	0.000293112 	-0.0929468 	0.00421846 	
0.19	1.94086 	-0.0871874 	-1.4738 	0.0002913 	-0.0933812 	0.00423673 	
0.195	1.94921 	-0.0876026 	-1.47999 	0.000289608 	-0.093784 	0.00425364 	
0.2	1.95694 	-0.0879871 	-1.48573 	0.000288026 	-0.0941577 	0.0042693 	
0.205	1.96411 	-0.0883431 	-1.49104 	0.000286547 	-0.0945042 	0.00428378 	
0.21	1.97076 	-0.0886728 	-1.49596 	0.000285162 	-0.0948258 	0.00429719 	
0.215	1.97693 	-0.0889781 	-1.50051 	0.000283864 	-0.095124 	0.00430959 	
0.22	1.98265 	-0.0892607 	-1.50473 	0.000282646 	-0.0954008 	0.00432106 	
0.225	1.98638 	-0.0881803 	-1.51093 	0.000344433 	-0.095661 	0.0043225 	
0.23	1.99161 	-0.0884882 	-1.5147 	0.000340006 	-0.0959117 	0.00433134 	
0.235	1.9964 	-0.0887866 	-1.51811 	0.000335045 	-0.0961435 	0.00433904 	
0.24	2.00076 	-0.0890549 	-1.52122 	0.000330767 	-0.0963559 	0.00434612 	
0.245	2.00481 	-0.0893032 	-1.52408 	0.000326785 	-0.096553 	0.00435266 	
0.25	2.00857 	-0.089533 	-1.52674 	0.000323079 	-0.0967361 	0.00435869 	
0.255	2.01205 	-0.0897456 	-1.52919 	0.000319627 	-0.0969062 	0.00436425 	
0.26	2.01529 	-0.0899423 	-1.53145 	0.000316411 	-0.0970642 	0.00436938 	
0.265	2.01829 	-0.0901242 	-1.53354 	0.000313413 	-0.097211 	0.00437411 	
0.27	2.02108 	-0.0902924 	-1.53547 	0.000310617 	-0.0973475 	0.00437846 	
0.275	2.02196 	-0.0890069 	-1.53974 	0.000375939 	-0.0974779 	0.00437299 	
0.28	2.0247 	-0.089223 	-1.54156 	0.000369818 	-0.0976093 	0.00437566 	
0.285	2.02718 	-0.0894368 	-1.54316 	0.000363245 	-0.0977303 	0.00437758 	
0.29	2.0294 	-0.0896257 	-1.54457 	0.000357504 	-0.0978398 	0.0043793 	
0.295	2.03145 	-0.0898003 	-1.54587 	0.000352165 	-0.0979417 	0.00438086 	
0.3	2.03336 	-0.0899618 	-1.54707 	0.000347197 	-0.0980365 	0.00438228 	
0.305	2.03513 	-0.0901109 	-1.54817 	0.000342573 	-0.0981249 	0.00438356 	
0.31	2.03678 	-0.0902488 	-1.54918 	0.000338268 	-0.0982072 	0.00438471 	
0.315	2.03668 	-0.0890001 	-1.55249 	0.000399476 	-0.0982873 	0.00437706 	
0.32	2.03842 	-0.089187 	-1.5535 	0.000392195 	-0.0983715 	0.00437702 	
0.325	2.03999 	-0.0893733 	-1.55436 	0.000384572 	-0.098449 	0.00437644 	
0.33	2.04136 	-0.0895372 	-1.55509 	0.000377835 	-0.0985184 	0.00437583 	
0.335	2.04263 	-0.0896887 	-1.55576 	0.000371571 	-0.0985832 	0.00437523 	
0.34	2.04382 	-0.0898285 	-1.55636 	0.000365744 	-0.0986437 	0.00437464 	
0.345	2.04492 	-0.0899576 	-1.55692 	0.000360322 	-0.0987003 	0.00437405 	
0.35	2.04434 	-0.0887305 	-1.55976 	0.000419417 	-0.0987565 	0.00436532 	
0.355	2.04561 	-0.0889088 	-1.56038 	0.00041122 	-0.0988185 	0.00436379 	
0.36	2.04674 	-0.0890869 	-1.56087 	0.000402756 	-0.0988754 	0.00436183 	
0.365	2.04771 	-0.0892433 	-1.56125 	0.000395232 	-0.0989258 	0.00435993 	
0.37	2.04861 	-0.0893878 	-1.5616 	0.000388236 	-0.0989731 	0.00435813 	
0.375	2.04946 	-0.0895211 	-1.56191 	0.00038173 	-0.0990175 	0.00435643 	
0.38	2.05024 	-0.0896441 	-1.56219 	0.000375677 	-0.0990591 	0.00435481 	
0.385	2.04922 	-0.0882969 	-1.56499 	0.000440011 	-0.0991019 	0.00434481 	
0.39	2.05026 	-0.088477 	-1.56539 	0.0004309 	-0.0991526 	0.0043423 	
0.395	2.05092 	-0.0883507 	-1.56534 	0.000397568 	-0.0991681 	0.00437309 	
0.4	2.05167 	-0.0885082 	-1.56551 	0.000389248 	-0.0992082 	0.00437028 	
0.405	2.05237 	-0.0886536 	-1.56567 	0.000381514 	-0.099246 	0.00436762 	
0.41	2.05302 	-0.0887877 	-1.5658 	0.000374322 	-0.0992816 	0.00436512 	
0.415	2.05197 	-0.0875391 	-1.56833 	0.00043376 	-0.0993185 	0.00435523 	
0.42	2.05286 	-0.0877242 	-1.56858 	0.000423887 	-0.099363 	0.004352 	
0.425	2.05364 	-0.0879087 	-1.56874 	0.000413842 	-0.0994038 	0.00434842 	
0.43	2.05428 	-0.0880706 	-1.56881 	0.00040487 	-0.0994392 	0.00434501 	
0.435	2.05489 	-0.08822 	-1.56886 	0.00039653 	-0.0994726 	0.0043418 	
0.44	2.05545 	-0.0883578 	-1.5689 	0.000388775 	-0.0995042 	0.00433878 	
0.445	2.05422 	-0.0870418 	-1.57147 	0.000451489 	-0.0995376 	0.00432841 	
0.45	2.05507 	-0.0872346 	-1.57166 	0.000440885 	-0.0995798 	0.00432467 	
0.455	2.05579 	-0.0874269 	-1.57174 	0.000430121 	-0.0996182 	0.00432057 	
0.46	2.05638 	-0.0875952 	-1.57174 	0.000420512 	-0.0996512 	0.00431666 	
0.465	2.05693 	-0.0877504 	-1.57172 	0.000411582 	-0.0996823 	0.00431299 	
0.47	2.05744 	-0.0878936 	-1.57169 	0.000403279 	-0.0997119 	0.00430954 	
0.475	2.05606 	-0.0864989 	-1.57437 	0.000469969 	-0.0997438 	0.00429878 	
0.48	2.0569 	-0.0867019 	-1.57452 	0.000458599 	-0.0997856 	0.0042946 	
0.485	2.0576 	-0.0869041 	-1.57456 	0.000447078 	-0.0998233 	0.00429002 	
0.49	2.05816 	-0.0870807 	-1.5745 	0.000436805 	-0.0998552 	0.00428566 	
0.495	2.05869 	-0.0872435 	-1.57444 	0.000427258 	-0.0998855 	0.00428157 	
0.5	2.0575 	-0.0860328 	-1.5768 	0.0004851 	-0.0999176 	0.00427144 	
0.505	2.05829 	-0.0862433 	-1.57688 	0.00047312 	-0.099958 	0.0042668 	
0.51	2.05897 	-0.0864515 	-1.57688 	0.000461103 	-0.099995 	0.00426186 	
0.515	2.05952 	-0.086635 	-1.57679 	0.000450311 	-0.100027 	0.00425716 	
0.52	2.06004 	-0.0868043 	-1.5767 	0.000440282 	-0.100057 	0.00425275 	
0.525	2.0588 	-0.0855671 	-1.57911 	0.000499646 	-0.100089 	0.00424258 	
0.53	2.0596 	-0.0857855 	-1.57918 	0.000487117 	-0.10013 	0.00423763 	
0.535	2.06028 	-0.0860013 	-1.57915 	0.000474567 	-0.100168 	0.00423237 	
0.54	2.06083 	-0.0861914 	-1.57904 	0.000463297 	-0.1002 	0.00422737 	
0.545	2.06135 	-0.0863668 	-1.57893 	0.000452826 	-0.10023 	0.00422268 	
0.55	2.06004 	-0.0850849 	-1.58142 	0.000514666 	-0.100263 	0.00421246 	
0.555	2.06086 	-0.0853121 	-1.58148 	0.000501563 	-0.100305 	0.00420722 	
0.56	2.06156 	-0.0855365 	-1.58144 	0.000488447 	-0.100343 	0.00420164 	
0.565	2.06212 	-0.0857339 	-1.58132 	0.000476678 	-0.100376 	0.00419633 	
0.57	2.06265 	-0.0859159 	-1.58119 	0.000465744 	-0.100407 	0.00419135 	
0.575	2.06127 	-0.0845903 	-1.58377 	0.00053008 	-0.10044 	0.00418114 	
0.58	2.06212 	-0.0848269 	-1.58383 	0.000516381 	-0.100483 	0.00417561 	
0.585	2.06284 	-0.0850603 	-1.58378 	0.000502678 	-0.100523 	0.0041697 	
0.59	2.0634 	-0.0852654 	-1.58364 	0.000490389 	-0.100556 	0.00416408 	
0.595	2.06394 	-0.0854546 	-1.5835 	0.000478975 	-0.100588 	0.00415881 	
0.6	2.0625 	-0.0840878 	-1.58617 	0.000545739 	-0.100622 	0.00414867 	
0.605	2.06338 	-0.0843342 	-1.58623 	0.00053143 	-0.100667 	0.00414283 	
0.61	2.06412 	-0.0845769 	-1.58617 	0.000517127 	-0.100707 	0.00413659 	
0.615	2.0647 	-0.0847901 	-1.58602 	0.000504308 	-0.100742 	0.00413065 	
0.62	2.06359 	-0.0836895 	-1.58825 	0.00055792 	-0.100777 	0.00412113 	
0.625	2.06443 	-0.0839419 	-1.58825 	0.000543134 	-0.100821 	0.00411486 	
0.63	2.06515 	-0.0841888 	-1.58817 	0.000528504 	-0.100861 	0.00410834 	
0.635	2.06575 	-0.0844081 	-1.58801 	0.000515288 	-0.100897 	0.00410216 	
0.64	2.06464 	-0.0833124 	-1.59024 	0.000568925 	-0.100933 	0.00409279 	
0.645	2.06549 	-0.0835704 	-1.59024 	0.000553762 	-0.100978 	0.00408631 	
0.65	2.06623 	-0.0838227 	-1.59015 	0.000538774 	-0.101019 	0.00407956 	
0.655	2.06684 	-0.0840468 	-1.58999 	0.000525232 	-0.101054 	0.00407317 	
0.66	2.0657 	-0.0829316 	-1.59227 	0.00058016 	-0.101092 	0.00406395 	
0.665	2.06657 	-0.0831957 	-1.59227 	0.000564605 	-0.101137 	0.00405725 	
0.67	2.06733 	-0.0834538 	-1.59218 	0.000549232 	-0.101179 	0.00405028 	
0.675	2.06795 	-0.083683 	-1.59201 	0.000535347 	-0.101216 	0.00404367 	
0.68	2.06678 	-0.0825474 	-1.59435 	0.00059164 	-0.101254 	0.00403461 	
0.685	2.06767 	-0.082818 	-1.59435 	0.000575673 	-0.1013 	0.00402768 	
0.69	2.06845 	-0.0830823 	-1.59425 	0.000559896 	-0.101343 	0.00402047 	
0.695	2.06908 	-0.0833169 	-1.59408 	0.000545651 	-0.10138 	0.00401363 	
0.7	2.06788 	-0.0821622 	-1.59647 	0.000603267 	-0.101419 	0.00400475 	
0.705	2.0688 	-0.0824394 	-1.59647 	0.000586874 	-0.101467 	0.0039976 	
0.71	2.06959 	-0.0827102 	-1.59637 	0.000570679 	-0.101511 	0.00399013 	
0.715	2.07023 	-0.0829504 	-1.59619 	0.000556062 	-0.101549 	0.00398305 	
0.72	2.06901 	-0.0817782 	-1.59864 	0.000614955 	-0.101588 	0.00397439 	
0.725	2.06994 	-0.0820622 	-1.59864 	0.000598126 	-0.101637 	0.00396699 	
0.73	2.07075 	-0.0823395 	-1.59854 	0.000581505 	-0.101682 	0.00395927 	
0.735	2.07141 	-0.0825854 	-1.59835 	0.000566507 	-0.101721 	0.00395194 	
0.74	2.07015 	-0.081397 	-1.60085 	0.000626631 	-0.101761 	0.00394352 	
0.745	2.07111 	-0.0816879 	-1.60085 	0.000609361 	-0.101811 	0.00393588 	
0.75	2.07194 	-0.0819718 	-1.60075 	0.000592309 	-0.101857 	0.0039279 	
0.755	2.07261 	-0.0822236 	-1.60056 	0.000576926 	-0.101896 	0.00392031 	
0.76	2.07133 	-0.0810203 	-1.6031 	0.000638238 	-0.101937 	0.00391216 	
0.765	2.07231 	-0.0813181 	-1.60311 	0.000620524 	-0.101989 	0.00390428 	
0.77	2.07315 	-0.0816087 	-1.60301 	0.000603039 	-0.102035 	0.00389602 	
0.775	2.07363 	-0.0816053 	-1.60252 	0.000567 	-0.102049 	0.00391754 	
0.78	2.07232 	-0.0803887 	-1.60511 	0.000629477 	-0.102091 	0.00390971 	
0.785	2.07333 	-0.0806933 	-1.60512 	0.00061132 	-0.102143 	0.00390158 	
0.79	2.07418 	-0.0809905 	-1.60501 	0.000593402 	-0.102191 	0.00389305 	
0.795	2.07488 	-0.0812538 	-1.60481 	0.000577245 	-0.102231 	0.00388495 	
0.8	2.07355 	-0.0800251 	-1.60745 	0.000640827 	-0.102274 	0.00387746 	
0.805	2.07457 	-0.0803365 	-1.60746 	0.000622228 	-0.102327 	0.00386907 	
0.81	2.07544 	-0.0806402 	-1.60735 	0.000603879 	-0.102376 	0.00386027 	
0.815	2.07615 	-0.0809093 	-1.60714 	0.000587337 	-0.102417 	0.0038519 	
0.82	2.07479 	-0.0796697 	-1.60983 	0.000651982 	-0.10246 	0.00384477 	
0.825	2.07584 	-0.0799878 	-1.60984 	0.000632944 	-0.102515 	0.00383612 	
0.83	2.07673 	-0.080298 	-1.60973 	0.000614167 	-0.102564 	0.00382705 	
0.835	2.07744 	-0.0805727 	-1.60952 	0.000597242 	-0.102606 	0.00381842 	
0.84	2.07606 	-0.0793235 	-1.61224 	0.00066291 	-0.10265 	0.00381167 	
0.845	2.07713 	-0.0796483 	-1.61226 	0.000643438 	-0.102705 	0.00380278 	
0.85	2.07803 	-0.0799648 	-1.61214 	0.000624236 	-0.102755 	0.00379343 	
0.855	2.07876 	-0.0802451 	-1.61193 	0.000606933 	-0.102798 	0.00378452 	
0.86	2.07735 	-0.0789875 	-1.6147 	0.000673582 	-0.102843 	0.0037782 	
0.865	2.07844 	-0.0793187 	-1.61471 	0.000653681 	-0.102899 	0.00376905 	
0.87	2.07936 	-0.0796415 	-1.6146 	0.00063406 	-0.10295 	0.00375942 	
0.875	2.0801 	-0.0799272 	-1.61438 	0.000616382 	-0.102993 	0.00375025 	
0.88	2.07867 	-0.0786626 	-1.61719 	0.000683972 	-0.103038 	0.00374438 	
0.885	2.07977 	-0.0790002 	-1.61721 	0.000663647 	-0.103096 	0.00373497 	
0.89	2.0807 	-0.079329 	-1.61709 	0.000643613 	-0.103147 	0.00372506 	
0.895	2.07977 	-0.0784285 	-1.61924 	0.000691519 	-0.103194 	0.0037182 	
0.9	2.08079 	-0.0787696 	-1.61917 	0.000670831 	-0.103249 	0.0037082 	
0.905	2.08169 	-0.0790991 	-1.61902 	0.00065066 	-0.103299 	0.00369802 	
0.91	2.08245 	-0.0793942 	-1.6188 	0.00063234 	-0.103343 	0.0036884 	
0.915	2.08103 	-0.0781544 	-1.62161 	0.000699565 	-0.10339 	0.0036833 	
0.92	2.08215 	-0.0785003 	-1.62162 	0.000678645 	-0.103448 	0.00367348 	
0.925	2.0831 	-0.0788369 	-1.6215 	0.000658045 	-0.1035 	0.00366315 	
0.93	2.08215 	-0.0779346 	-1.62369 	0.000706844 	-0.103548 	0.0036569 	
0.935	2.0832 	-0.0782841 	-1.62363 	0.000685558 	-0.103604 	0.0036465 	
0.94	2.08412 	-0.0786218 	-1.62347 	0.000664806 	-0.103655 	0.00363589 	
0.945	2.0832 	-0.0777507 	-1.62562 	0.000712193 	-0.103703 	0.0036298 	
0.95	2.08425 	-0.0781026 	-1.62556 	0.000690714 	-0.103759 	0.00361922 	
0.955	2.08517 	-0.0784422 	-1.6254 	0.000669795 	-0.103811 	0.00360847 	
0.96	2.08425 	-0.0775727 	-1.62756 	0.000717449 	-0.103859 	0.00360268 	
0.965	2.08531 	-0.077927 	-1.6275 	0.000695781 	-0.103916 	0.00359196 	
0.97	2.08624 	-0.078269 	-1.62734 	0.000674676 	-0.103968 	0.00358105 	
0.975	2.08531 	-0.0773988 	-1.62952 	0.000722734 	-0.104016 	0.00357559 	
0.98	2.08637 	-0.0777558 	-1.62945 	0.000700863 	-0.104073 	0.00356472 	
0.985	2.08731 	-0.0781003 	-1.6293 	0.000679559 	-0.104125 	0.00355366 	
0.99	2.08637 	-0.0772299 	-1.63149 	0.000728004 	-0.104174 	0.00354853 	
0.995	2.08744 	-0.0775897 	-1.63143 	0.000705919 	-0.104231 	0.0035375 	
1	2.08839 	-0.077937 	-1.63127 	0.000684406 	-0.104284 	0.00352627 	
1.005	2.08745 	-0.0770671 	-1.63349 	0.000733207 	-0.104333 	0.00352147 	
1.01	2.08852 	-0.0774299 	-1.63342 	0.000710901 	-0.104391 	0.00351028 	
1.015	2.08947 	-0.07778 	-1.63327 	0.000689171 	-0.104444 	0.00349888 	
1.02	2.08852 	-0.0769112 	-1.63549 	0.000738302 	-0.104493 	0.00349441 	
1.025	2.08961 	-0.0772769 	-1.63543 	0.000715769 	-0.104551 	0.00348306 	
1.03	2.09057 	-0.07763 	-1.63528 	0.000693818 	-0.104604 	0.00347149 	
1.035	2.08961 	-0.0767629 	-1.63752 	0.000743251 	-0.104654 	0.00346735 	
1.04	2.0907 	-0.0771317 	-1.63746 	0.000720489 	-0.104712 	0.00345582 	
1.045	2.09166 	-0.0774877 	-1.6373 	0.000698315 	-0.104766 	0.00344408 	
1.05	2.0907 	-0.0766228 	-1.63955 	0.000748026 	-0.104816 	0.00344028 	
1.055	2.0918 	-0.0769947 	-1.63949 	0.000725033 	-0.104875 	0.00342859 	
1.06	2.09276 	-0.0773536 	-1.63933 	0.000702635 	-0.104928 	0.00341666 	
1.065	2.09179 	-0.0764915 	-1.6416 	0.0007526 	-0.104979 	0.00341321 	
1.07	2.0929 	-0.0768664 	-1.64154 	0.000729377 	-0.105038 	0.00340135 	
1.075	2.09387 	-0.0772283 	-1.64138 	0.000706756 	-0.105092 	0.00338925 	
1.08	2.09289 	-0.0763695 	-1.64366 	0.000756952 	-0.105142 	0.00338615 	
1.085	2.094 	-0.0767474 	-1.6436 	0.000733501 	-0.105201 	0.00337411 	
1.09	2.09498 	-0.0771121 	-1.64344 	0.000710658 	-0.105255 	0.00336183 	
1.095	2.09399 	-0.0762571 	-1.64573 	0.000761065 	-0.105306 	0.00335909 	
1.1	2.09511 	-0.0766379 	-1.64567 	0.000737388 	-0.105366 	0.00334689 	
1.105	2.0961 	-0.0770054 	-1.64551 	0.000714326 	-0.10542 	0.00333443 	
1.11	2.0951 	-0.0761547 	-1.64781 	0.000764922 	-0.105471 	0.00333205 	
1.115	2.09622 	-0.0765384 	-1.64775 	0.000741023 	-0.105531 	0.00331968 	
1.12	2.09721 	-0.0769086 	-1.64759 	0.000717745 	-0.105585 	0.00330704 	
1.125	2.09621 	-0.0760626 	-1.64989 	0.00076851 	-0.105636 	0.00330503 	
1.13	2.09734 	-0.076449 	-1.64984 	0.000744393 	-0.105696 	0.00329249 	
1.135	2.09833 	-0.0768219 	-1.64967 	0.000720904 	-0.105751 	0.00327968 	
1.14	2.09733 	-0.075981 	-1.65199 	0.000771816 	-0.105802 	0.00327805 	
1.145	2.09846 	-0.0763701 	-1.65193 	0.000747486 	-0.105862 	0.00326534 	
1.15	2.09946 	-0.0767457 	-1.65176 	0.00072379 	-0.105917 	0.00325236 	
1.155	2.09845 	-0.0759102 	-1.65409 	0.000774831 	-0.105969 	0.00325111 	
1.16	2.09958 	-0.076302 	-1.65403 	0.000750293 	-0.106029 	0.00323823 	
1.165	2.10049 	-0.0765645 	-1.65373 	0.000717537 	-0.106073 	0.00323846 	
1.17	2.09948 	-0.0757351 	-1.65606 	0.000768695 	-0.106124 	0.0032376 	
1.175	2.10062 	-0.0761293 	-1.656 	0.000743954 	-0.106185 	0.00322456 	
1.18	2.10162 	-0.0765097 	-1.65583 	0.00071986 	-0.10624 	0.00321125 	
1.185	2.1006 	-0.0756865 	-1.65817 	0.000771108 	-0.106291 	0.00321078 	
1.19	2.10174 	-0.0760831 	-1.65811 	0.000746171 	-0.106352 	0.00319758 	
1.195	2.10275 	-0.0764658 	-1.65794 	0.000721887 	-0.106407 	0.00318411 	
1.2	2.10172 	-0.0756493 	-1.66028 	0.000773204 	-0.106459 	0.00318403 	
1.205	2.10287 	-0.0760482 	-1.66022 	0.000748077 	-0.10652 	0.00317068 	
1.21	2.10387 	-0.076433 	-1.66006 	0.000723608 	-0.106575 	0.00315704 	
1.215	2.10285 	-0.0756236 	-1.6624 	0.000774976 	-0.106627 	0.00315736 	
1.22	2.10399 	-0.0760246 	-1.66234 	0.000749666 	-0.106688 	0.00314385 	
1.225	2.105 	-0.0764115 	-1.66217 	0.00072502 	-0.106743 	0.00313006 	
1.23	2.10397 	-0.0756095 	-1.66452 	0.000776419 	-0.106795 	0.00313078 	
1.235	2.10512 	-0.0760125 	-1.66446 	0.000750932 	-0.106856 	0.00311713 	
1.24	2.10613 	-0.0764013 	-1.66429 	0.000726115 	-0.106911 	0.00310318 	
1.245	2.1051 	-0.075607 	-1.66664 	0.000777527 	-0.106963 	0.0031043 	
1.25	2.10624 	-0.076012 	-1.66658 	0.000751871 	-0.107024 	0.00309051 	
1.255	2.10725 	-0.0764026 	-1.66641 	0.00072689 	-0.107079 	0.00307642 	
1.26	2.10622 	-0.0756164 	-1.66876 	0.000778295 	-0.107131 	0.00307794 	
1.265	2.10737 	-0.0760231 	-1.6687 	0.000752477 	-0.107192 	0.003064 	
1.27	2.10838 	-0.0764154 	-1.66853 	0.00072734 	-0.107247 	0.00304977 	
1.275	2.10734 	-0.0756375 	-1.67088 	0.000778719 	-0.107299 	0.00305169 	
1.28	2.10849 	-0.0760459 	-1.67081 	0.000752747 	-0.10736 	0.00303762 	
1.285	2.1095 	-0.0764398 	-1.67064 	0.00072746 	-0.107415 	0.00302325 	
1.29	2.10846 	-0.0756705 	-1.67299 	0.000778794 	-0.107467 	0.00302558 	
1.295	2.10961 	-0.0760804 	-1.67293 	0.000752677 	-0.107528 	0.00301137 	
1.3	2.11062 	-0.0764757 	-1.67276 	0.000727249 	-0.107583 	0.00299687 	
1.305	2.10958 	-0.0757154 	-1.67511 	0.000778519 	-0.107635 	0.0029996 	
1.31	2.11073 	-0.0761267 	-1.67505 	0.000752263 	-0.107696 	0.00298527 	
1.315	2.11174 	-0.0765233 	-1.67488 	0.000726702 	-0.107751 	0.00297064 	
1.32	2.1107 	-0.0757722 	-1.67722 	0.000777889 	-0.107803 	0.00297378 	
1.325	2.11185 	-0.0761847 	-1.67716 	0.000751504 	-0.107863 	0.00295933 	
1.33	2.11286 	-0.0765825 	-1.67699 	0.000725817 	-0.107919 	0.00294457 	
1.335	2.11182 	-0.075841 	-1.67933 	0.000776902 	-0.10797 	0.00294811 	
1.34	2.11296 	-0.0762545 	-1.67927 	0.000750396 	-0.108031 	0.00293355 	
1.345	2.11397 	-0.0766534 	-1.67909 	0.000724592 	-0.108086 	0.00291867 	
1.35	2.11293 	-0.0759215 	-1.68143 	0.000775557 	-0.108137 	0.00292262 	
1.355	2.11407 	-0.0763361 	-1.68137 	0.000748938 	-0.108198 	0.00290794 	
1.36	2.11507 	-0.0767358 	-1.6812 	0.000723025 	-0.108253 	0.00289295 	
1.365	2.11403 	-0.076014 	-1.68353 	0.000773851 	-0.108304 	0.0028973 	
1.37	2.11517 	-0.0764293 	-1.68347 	0.000747129 	-0.108364 	0.00288251 	
1.375	2.11618 	-0.0768298 	-1.68329 	0.000721116 	-0.108419 	0.00286741 	
1.38	2.11514 	-0.0761182 	-1.68562 	0.000771783 	-0.10847 	0.00287216 	
1.385	2.11627 	-0.0765342 	-1.68556 	0.000744967 	-0.10853 	0.00285727 	
1.39	2.11728 	-0.0769354 	-1.68538 	0.000718863 	-0.108585 	0.00284207 	
1.395	2.11624 	-0.0762341 	-1.68771 	0.000769353 	-0.108636 	0.00284721 	
1.4	2.11737 	-0.0766506 	-1.68764 	0.000742452 	-0.108696 	0.00283223 	
1.405	2.11837 	-0.0770523 	-1.68747 	0.000716265 	-0.10875 	0.00281694 	
1.41	2.11733 	-0.0763616 	-1.68978 	0.000766561 	-0.108801 	0.00282247 	
1.415	2.11846 	-0.0767785 	-1.68972 	0.000739584 	-0.108861 	0.0028074 	
1.42	2.11946 	-0.0771806 	-1.68954 	0.000713324 	-0.108915 	0.00279201 	
1.425	2.11842 	-0.0765007 	-1.69185 	0.000763405 	-0.108966 	0.00279793 	
1.43	2.11955 	-0.0769178 	-1.69178 	0.000736362 	-0.109025 	0.00278277 	
1.435	2.12054 	-0.0773201 	-1.69161 	0.000710038 	-0.109079 	0.00276731 	
1.44	2.1195 	-0.0766512 	-1.6939 	0.000759887 	-0.109129 	0.00277361 	
1.445	2.12062 	-0.0770684 	-1.69384 	0.000732788 	-0.109189 	0.00275837 	
1.45	2.12161 	-0.0774707 	-1.69367 	0.00070641 	-0.109243 	0.00274284 	
1.455	2.12058 	-0.0768129 	-1.69595 	0.000756008 	-0.109293 	0.00274951 	
1.46	2.1217 	-0.0772301 	-1.69588 	0.000728863 	-0.109352 	0.0027342 	
1.465	2.12268 	-0.0776323 	-1.69571 	0.00070244 	-0.109405 	0.0027186 	
1.47	2.12165 	-0.0769858 	-1.69798 	0.000751769 	-0.109455 	0.00272564 	
1.475	2.12276 	-0.0774027 	-1.69792 	0.000724587 	-0.109514 	0.00271027 	
1.48	2.12374 	-0.0778047 	-1.69775 	0.000698129 	-0.109567 	0.0026946 	
1.485	2.12272 	-0.0771697 	-1.70001 	0.000747171 	-0.109616 	0.002702 	
1.49	2.12382 	-0.0775862 	-1.69994 	0.000719963 	-0.109675 	0.00268657 	
1.495	2.1248 	-0.0779878 	-1.69977 	0.000693481 	-0.109728 	0.00267084 	
1.5	2.12378 	-0.0773644 	-1.70202 	0.000742217 	-0.109777 	0.0026786 	
1.505	2.12487 	-0.0777803 	-1.70195 	0.000714994 	-0.109835 	0.00266312 	
1.51	2.12584 	-0.0781814 	-1.70178 	0.000688496 	-0.109888 	0.00264735 	
1.515	2.12483 	-0.0775697 	-1.70401 	0.00073691 	-0.109936 	0.00265545 	
1.52	2.12592 	-0.0779849 	-1.70394 	0.000709681 	-0.109994 	0.00263992 	
1.525	2.12688 	-0.0783853 	-1.70377 	0.000683179 	-0.110046 	0.00262411 	
1.53	2.12587 	-0.0777854 	-1.70599 	0.000731251 	-0.110095 	0.00263255 	
1.535	2.12748 	-0.0789012 	-1.70675 	0.000756944 	-0.110222 	0.00253382 	
1.54	2.12844 	-0.0793008 	-1.70658 	0.000730448 	-0.110274 	0.00251797 	
1.545	2.12744 	-0.0787126 	-1.70879 	0.000778111 	-0.110323 	0.00252669 	
1.55	2.12851 	-0.079126 	-1.70872 	0.000750904 	-0.110379 	0.0025111 	
1.555	2.12946 	-0.0795246 	-1.70855 	0.000724424 	-0.110431 	0.00249522 	
1.56	2.12846 	-0.0789483 	-1.71074 	0.000771711 	-0.110479 	0.00250426 	
1.565	2.12953 	-0.0793605 	-1.71067 	0.000744532 	-0.110535 	0.00248864 	
1.57	2.13047 	-0.079758 	-1.7105 	0.000718079 	-0.110586 	0.00247275 	
1.575	2.12948 	-0.0791937 	-1.71267 	0.000764973 	-0.110634 	0.0024821 	
1.58	2.13054 	-0.0796046 	-1.7126 	0.000737832 	-0.11069 	0.00246646 	
1.585	2.13147 	-0.0800008 	-1.71243 	0.000711416 	-0.110741 	0.00245056 	
1.59	2.13049 	-0.0794486 	-1.71459 	0.000757899 	-0.110788 	0.00246021 	
1.595	2.13154 	-0.079858 	-1.71452 	0.000730808 	-0.110843 	0.00244456 	
1.6	2.13247 	-0.0802528 	-1.71435 	0.000704441 	-0.110894 	0.00242866 	
1.605	2.13149 	-0.0797127 	-1.71649 	0.000750497 	-0.11094 	0.00243858 	
1.61	2.13253 	-0.0801205 	-1.71641 	0.000723466 	-0.110995 	0.00242294 	
1.615	2.13345 	-0.0805136 	-1.71625 	0.000697159 	-0.111045 	0.00240704 	
1.62	2.13248 	-0.0799858 	-1.71837 	0.00074277 	-0.111092 	0.00241724 	
1.625	2.13351 	-0.0803917 	-1.71829 	0.000715811 	-0.111146 	0.0024016 	
1.63	2.13442 	-0.0807831 	-1.71812 	0.000689575 	-0.111196 	0.00238571 	
1.635	2.1352 	-0.0811332 	-1.71788 	0.000665777 	-0.111239 	0.00237076 	
1.64	2.13369 	-0.0803326 	-1.72068 	0.000733249 	-0.111284 	0.00239 	
1.645	2.1348 	-0.0807371 	-1.72069 	0.000706499 	-0.111341 	0.00237509 	
1.65	2.13574 	-0.0811309 	-1.72056 	0.000680129 	-0.111392 	0.00235932 	
1.655	2.13474 	-0.0806062 	-1.7227 	0.000726689 	-0.111437 	0.00237084 	
1.66	2.13575 	-0.0810107 	-1.72263 	0.000699734 	-0.111491 	0.00235515 	
1.665	2.13665 	-0.081401 	-1.72247 	0.000673476 	-0.111539 	0.00233917 	
1.67	2.13741 	-0.08175 	-1.72222 	0.000649669 	-0.111582 	0.00232415 	
1.675	2.13593 	-0.0809882 	-1.72496 	0.00071561 	-0.111626 	0.00234402 	
1.68	2.13701 	-0.0813901 	-1.72497 	0.000688929 	-0.111682 	0.00232903 	
1.685	2.13793 	-0.0817813 	-1.72483 	0.000662632 	-0.111731 	0.00231322 	
1.69	2.13868 	-0.0821278 	-1.72459 	0.000638939 	-0.111773 	0.00229821 	
1.695	2.13717 	-0.0813657 	-1.72735 	0.000705781 	-0.111817 	0.00231913 	
1.7	2.13824 	-0.0817667 	-1.72736 	0.000679111 	-0.111872 	0.00230413 	
1.705	2.13915 	-0.0821574 	-1.72723 	0.000652804 	-0.111921 	0.00228828 	
1.71	2.13989 	-0.0825032 	-1.72698 	0.000629111 	-0.111963 	0.00227323 	
1.715	2.1384 	-0.0817637 	-1.7297 	0.000694983 	-0.112005 	0.00229444 	
1.72	2.13945 	-0.0821631 	-1.72971 	0.000668366 	-0.11206 	0.0022794 	
1.725	2.14035 	-0.0825522 	-1.72958 	0.000642115 	-0.112108 	0.00226353 	
1.73	2.14108 	-0.0828967 	-1.72933 	0.000618467 	-0.112149 	0.00224848 	
1.735	2.13961 	-0.0821816 	-1.73201 	0.000683175 	-0.112191 	0.00226987 	
1.74	2.14064 	-0.0825784 	-1.73201 	0.000656668 	-0.112245 	0.00225483 	
1.745	2.14153 	-0.082965 	-1.73188 	0.000630531 	-0.112292 	0.00223899 	
1.75	2.14226 	-0.0833074 	-1.73164 	0.00060698 	-0.112333 	0.00222397 	
1.755	2.14081 	-0.0826164 	-1.73427 	0.000670492 	-0.112374 	0.00224553 	
1.76	2.14182 	-0.08301 	-1.73427 	0.000644147 	-0.112427 	0.00223052 	
1.765	2.14269 	-0.0833933 	-1.73413 	0.000618172 	-0.112473 	0.00221473 	
1.77	2.14341 	-0.083733 	-1.7339 	0.000594762 	-0.112513 	0.00219978 	
1.775	2.14198 	-0.0830658 	-1.73648 	0.000657056 	-0.112554 	0.00222147 	
1.78	2.14298 	-0.0834554 	-1.73647 	0.000630916 	-0.112605 	0.00220652 	
1.785	2.14383 	-0.0838349 	-1.73634 	0.000605146 	-0.112651 	0.00219083 	
1.79	2.14454 	-0.0841714 	-1.7361 	0.000581916 	-0.11269 	0.00217597 	
1.795	2.14314 	-0.0835275 	-1.73863 	0.000642967 	-0.11273 	0.00219777 	
1.8	2.14411 	-0.0839127 	-1.73862 	0.000617071 	-0.112781 	0.0021829 	
1.805	2.14495 	-0.0842879 	-1.73849 	0.000591542 	-0.112826 	0.00216732 	
1.81	2.14565 	-0.0846207 	-1.73826 	0.000568524 	-0.112864 	0.00215259 	
1.815	2.14427 	-0.0839999 	-1.74074 	0.000628304 	-0.112904 	0.00217445 	
1.82	2.14523 	-0.0843802 	-1.74073 	0.000602685 	-0.112953 	0.0021597 	
1.825	2.14605 	-0.0847506 	-1.7406 	0.00057743 	-0.112997 	0.00214426 	
1.83	2.14673 	-0.0850793 	-1.74037 	0.000554656 	-0.113035 	0.00212966 	
1.835	2.14539 	-0.0844813 	-1.7428 	0.000613133 	-0.113074 	0.00215156 	
1.84	2.14632 	-0.0848562 	-1.74278 	0.000587822 	-0.113122 	0.00213693 	
1.845	2.14713 	-0.0852214 	-1.74265 	0.000562871 	-0.113165 	0.00212165 	
1.85	2.1478 	-0.0855456 	-1.74243 	0.000540367 	-0.113202 	0.00210722 	
1.855	2.14649 	-0.0849703 	-1.7448 	0.000597509 	-0.11324 	0.0021291 	
1.86	2.1474 	-0.0853393 	-1.74478 	0.000572535 	-0.113287 	0.00211462 	
1.865	2.14819 	-0.0856991 	-1.74465 	0.000547916 	-0.11333 	0.00209952 	
1.87	2.14884 	-0.0860184 	-1.74444 	0.000525707 	-0.113366 	0.00208527 	
1.875	2.14756 	-0.0854654 	-1.74675 	0.00058148 	-0.113403 	0.0021071 	
1.88	2.14845 	-0.0858284 	-1.74673 	0.00055687 	-0.113449 	0.00209279 	
1.885	2.14922 	-0.0861822 	-1.74661 	0.000532609 	-0.113491 	0.00207788 	
1.89	2.14987 	-0.0864964 	-1.74639 	0.00051072 	-0.113526 	0.00206384 	
1.895	2.14861 	-0.0859655 	-1.74865 	0.000565089 	-0.113562 	0.00208556 	
1.9	2.14904 	-0.0857291 	-1.74791 	0.000496913 	-0.113548 	0.00214271 	
1.905	2.1498 	-0.0860766 	-1.74779 	0.000473036 	-0.113588 	0.00212802 	
1.91	2.15042 	-0.0863855 	-1.74758 	0.000451488 	-0.113623 	0.00211419 	
1.915	2.1492 	-0.0858765 	-1.74978 	0.000504462 	-0.113658 	0.0021358 	
1.92	2.15005 	-0.0862262 	-1.74976 	0.000480655 	-0.113702 	0.00212187 	
1.925	2.15079 	-0.0865672 	-1.74963 	0.000457185 	-0.113742 	0.00210742 	
1.93	2.1514 	-0.0868703 	-1.74943 	0.000436001 	-0.113775 	0.00209381 	
1.935	2.15021 	-0.086383 	-1.75157 	0.000487502 	-0.11381 	0.00211523 	
1.94	2.15103 	-0.0867255 	-1.75154 	0.000464132 	-0.113852 	0.00210152 	
1.945	2.15175 	-0.0870597 	-1.75142 	0.000441094 	-0.113891 	0.00208731 	
1.95	2.15235 	-0.0873569 	-1.75123 	0.000420294 	-0.113924 	0.00207395 	
1.955	2.15292 	-0.0876293 	-1.75103 	0.000401115 	-0.113955 	0.00206155 	
1.96	2.15136 	-0.0869791 	-1.75361 	0.000467808 	-0.113988 	0.00209113 	
1.965	2.15221 	-0.0873141 	-1.75364 	0.000445055 	-0.114032 	0.00207824 	
1.97	2.15294 	-0.0876439 	-1.75355 	0.000422347 	-0.11407 	0.0020644 	
1.975	2.15352 	-0.0879345 	-1.75336 	0.000401966 	-0.114102 	0.00205128 	
1.98	2.15407 	-0.0882009 	-1.75316 	0.000383174 	-0.114132 	0.00203911 	
1.985	2.15253 	-0.0875695 	-1.7557 	0.000448875 	-0.114164 	0.00206886 	
1.99	2.15335 	-0.0878978 	-1.75573 	0.000426538 	-0.114206 	0.00205617 	
1.995	2.15406 	-0.0882213 	-1.75564 	0.000404228 	-0.114243 	0.00204255 	
2	2.15462 	-0.0885064 	-1.75545 	0.000384203 	-0.114275 	0.00202965 	
2.005	2.15515 	-0.0887679 	-1.75526 	0.00036574 	-0.114304 	0.00201768 	
2.01	2.15368 	-0.0881719 	-1.7577 	0.000428811 	-0.114334 	0.00204674 	
2.015	2.15446 	-0.0884922 	-1.75772 	0.00040697 	-0.114375 	0.00203425 	
2.02	2.15514 	-0.0888078 	-1.75763 	0.000385161 	-0.114411 	0.00202089 	
2.025	2.15569 	-0.0890864 	-1.75745 	0.000365575 	-0.114441 	0.00200828 	
2.03	2.15621 	-0.0893418 	-1.75727 	0.000347515 	-0.11447 	0.00199657 	
2.035	2.15479 	-0.0887819 	-1.75961 	0.000407779 	-0.114499 	0.00202479 	
2.04	2.15555 	-0.0890928 	-1.75962 	0.000386519 	-0.114538 	0.00201256 	
2.045	2.1562 	-0.0893994 	-1.75953 	0.000365296 	-0.114572 	0.00199953 	
2.05	2.15673 	-0.0896703 	-1.75936 	0.000346225 	-0.114601 	0.00198725 	
2.055	2.15723 	-0.0899187 	-1.75918 	0.000328641 	-0.114629 	0.00197585 	
2.06	2.15588 	-0.0893939 	-1.76141 	0.000386056 	-0.114657 	0.00200317 	
2.065	2.15659 	-0.0896946 	-1.76142 	0.000365447 	-0.114694 	0.00199124 	
2.07	2.15722 	-0.0899913 	-1.76133 	0.000344879 	-0.114727 	0.0019786 	
2.075	2.15773 	-0.0902536 	-1.76117 	0.000326386 	-0.114755 	0.00196669 	
2.08	2.15821 	-0.0904942 	-1.761 	0.000309333 	-0.114782 	0.00195564 	
2.085	2.15866 	-0.0907146 	-1.76083 	0.000293616 	-0.114807 	0.00194539 	
2.09	2.15706 	-0.0900831 	-1.76335 	0.000361542 	-0.114833 	0.00197891 	
2.095	2.15778 	-0.0903725 	-1.7634 	0.000341783 	-0.11487 	0.00196782 	
2.1	2.1584 	-0.0906605 	-1.76334 	0.000321835 	-0.114902 	0.00195568 	
2.105	2.15888 	-0.0909134 	-1.76318 	0.00030399 	-0.114929 	0.00194418 	
2.11	2.15934 	-0.0911452 	-1.76302 	0.000287535 	-0.114954 	0.00193351 	
2.115	2.15977 	-0.0913577 	-1.76286 	0.000272367 	-0.114978 	0.00192361 	
2.12	2.15824 	-0.0907642 	-1.76526 	0.000337189 	-0.115003 	0.00195613 	
2.125	2.15892 	-0.0910421 	-1.76531 	0.000318172 	-0.115038 	0.00194537 	
2.13	2.1595 	-0.091319 	-1.76524 	0.000298964 	-0.115068 	0.00193365 	
2.135	2.15997 	-0.0915625 	-1.7651 	0.000281771 	-0.115094 	0.00192258 	
2.14	2.1604 	-0.0917857 	-1.76495 	0.000265916 	-0.115118 	0.00191231 	
2.145	2.16081 	-0.0919904 	-1.76479 	0.0002513 	-0.11514 	0.00190278 	
2.15	2.15938 	-0.0914473 	-1.76704 	0.000311632 	-0.115164 	0.00193347 	
2.155	2.16002 	-0.0917119 	-1.76707 	0.000293474 	-0.115196 	0.00192309 	
2.16	2.16057 	-0.0919758 	-1.76701 	0.000275143 	-0.115225 	0.00191188 	
2.165	2.16101 	-0.0922082 	-1.76687 	0.000258716 	-0.115249 	0.00190131 	
2.17	2.16142 	-0.0924214 	-1.76673 	0.000243567 	-0.115272 	0.00189151 	
2.175	2.16181 	-0.0926168 	-1.76659 	0.000229601 	-0.115293 	0.00188241 	
2.18	2.16217 	-0.0927958 	-1.76644 	0.00021673 	-0.115313 	0.00187398 	
2.185	2.1606 	-0.0921933 	-1.76884 	0.000283108 	-0.115335 	0.00190861 	
2.19	2.16121 	-0.0924427 	-1.7689 	0.000266049 	-0.115366 	0.00189908 	
2.195	2.16174 	-0.0926934 	-1.76885 	0.000248642 	-0.115394 	0.00188852 	
2.2	2.16215 	-0.0929131 	-1.76873 	0.000233107 	-0.115416 	0.00187853 	
2.205	2.16254 	-0.0931147 	-1.7686 	0.000218777 	-0.115437 	0.00186926 	
2.21	2.1629 	-0.0932996 	-1.76847 	0.000205565 	-0.115457 	0.00186067 	
2.215	2.16324 	-0.093469 	-1.76833 	0.000193387 	-0.115476 	0.0018527 	
2.22	2.16179 	-0.0929253 	-1.77053 	0.000254231 	-0.115496 	0.00188487 	
2.225	2.16235 	-0.0931583 	-1.77058 	0.000238249 	-0.115524 	0.00187583 	
2.23	2.16283 	-0.0933929 	-1.77054 	0.000221943 	-0.11555 	0.0018659 	
2.235	2.16322 	-0.0935989 	-1.77042 	0.00020737 	-0.11557 	0.00185655 	
2.24	2.16356 	-0.093774 	-1.77029 	0.000192892 	-0.115588 	0.00184958 	
2.245	2.1639 	-0.0939475 	-1.77017 	0.000180494 	-0.115607 	0.00184154 	
2.25	2.16422 	-0.0941066 	-1.77005 	0.000169064 	-0.115624 	0.00183407 	
2.255	2.16451 	-0.0942524 	-1.76993 	0.000158531 	-0.115641 	0.00182715 	
2.26	2.16302 	-0.0936919 	-1.77215 	0.000221102 	-0.115658 	0.00186088 	
2.265	2.16354 	-0.0939053 	-1.7722 	0.000206481 	-0.115685 	0.00185272 	
2.27	2.16399 	-0.0941222 	-1.77217 	0.00019142 	-0.115708 	0.0018436 	
2.275	2.16434 	-0.094312 	-1.77207 	0.000177997 	-0.115727 	0.00183501 	
2.28	2.16466 	-0.0944864 	-1.77197 	0.000165611 	-0.115745 	0.00182704 	
2.285	2.16497 	-0.0946465 	-1.77187 	0.000154185 	-0.115761 	0.00181964 	
2.29	2.16526 	-0.0947934 	-1.77176 	0.000143649 	-0.115777 	0.00181279 	
2.295	2.16553 	-0.094928 	-1.77166 	0.000133936 	-0.115792 	0.00180643 	
2.3	2.16578 	-0.0950513 	-1.77155 	0.000124985 	-0.115806 	0.00180053 	
2.305	2.16602 	-0.0951642 	-1.77145 	0.000116738 	-0.115819 	0.00179506 	
2.31	2.16439 	-0.0945475 	-1.77379 	0.000184897 	-0.115834 	0.00183259 	
2.315	2.16487 	-0.0947382 	-1.77388 	0.000171909 	-0.115858 	0.00182559 	
2.32	2.16528 	-0.0949352 	-1.77387 	0.000158282 	-0.115879 	0.00181745 	
2.325	2.16558 	-0.0951063 	-1.77379 	0.000146207 	-0.115896 	0.00180974 	
2.33	2.16587 	-0.0952636 	-1.7737 	0.000135061 	-0.115911 	0.00180259 	
2.335	2.16614 	-0.0954082 	-1.77362 	0.000124774 	-0.115926 	0.00179596 	
2.34	2.16639 	-0.095541 	-1.77353 	0.000115283 	-0.115939 	0.00178982 	
2.345	2.16663 	-0.0956629 	-1.77344 	0.000106527 	-0.115952 	0.00178412 	
2.35	2.16685 	-0.0957748 	-1.77336 	9.84529e-05 	-0.115964 	0.00177883 	
2.355	2.16706 	-0.0958773 	-1.77327 	9.10087e-05 	-0.115976 	0.00177393 	
2.36	2.16725 	-0.0959713 	-1.77319 	8.41473e-05 	-0.115987 	0.00176939 	
2.365	2.16744 	-0.0960573 	-1.7731 	7.78249e-05 	-0.115997 	0.00176517 	
2.37	2.16761 	-0.0961361 	-1.77302 	7.20012e-05 	-0.116006 	0.00176126 	
2.375	2.16594 	-0.0955033 	-1.77535 	0.000141546 	-0.116018 	0.00180028 	
2.38	2.16636 	-0.0956644 	-1.77545 	0.000130661 	-0.116039 	0.00179461 	
2.385	2.16671 	-0.0958342 	-1.77547 	0.000118979 	-0.116056 	0.00178773 	
2.39	2.16696 	-0.0959808 	-1.77541 	0.000108688 	-0.11607 	0.0017812 	
2.395	2.1672 	-0.0961158 	-1.77535 	9.91797e-05 	-0.116083 	0.00177515 	
2.4	2.16742 	-0.0962402 	-1.77529 	9.03965e-05 	-0.116095 	0.00176955 	
2.405	2.16763 	-0.0963546 	-1.77523 	8.22839e-05 	-0.116106 	0.00176435 	
2.41	2.16782 	-0.09646 	-1.77517 	7.47917e-05 	-0.116116 	0.00175953 	
2.415	2.168 	-0.0965569 	-1.77511 	6.78733e-05 	-0.116126 	0.00175506 	
2.42	2.16817 	-0.096646 	-1.77505 	6.14856e-05 	-0.116135 	0.00175091 	
2.425	2.16833 	-0.0967279 	-1.77499 	5.55885e-05 	-0.116144 	0.00174707 	
2.43	2.16848 	-0.0968033 	-1.77494 	5.01446e-05 	-0.116152 	0.00174351 	
2.435	2.16861 	-0.0968726 	-1.77488 	4.5119e-05 	-0.11616 	0.0017402 	
2.44	2.16874 	-0.0969362 	-1.77483 	4.04814e-05 	-0.116167 	0.00173714 	
2.445	2.16886 	-0.0969947 	-1.77477 	3.6201e-05 	-0.116173 	0.0017343 	
2.45	2.16898 	-0.0970484 	-1.77472 	3.22506e-05 	-0.11618 	0.00173167 	
2.455	2.16908 	-0.0970978 	-1.77467 	2.86055e-05 	-0.116186 	0.00172923 	
2.46	2.16918 	-0.0971431 	-1.77462 	2.52422e-05 	-0.116191 	0.00172696 	
2.465	2.16928 	-0.0971847 	-1.77457 	2.21389e-05 	-0.116196 	0.00172486 	
2.47	2.16936 	-0.0972229 	-1.77453 	1.92752e-05 	-0.116201 	0.00172292 	
2.475	2.16944 	-0.097258 	-1.77448 	1.66325e-05 	-0.116206 	0.00172111 	
2.48	2.16952 	-0.0972903 	-1.77444 	1.41934e-05 	-0.11621 	0.00171944 	
2.485	2.16959 	-0.0973199 	-1.7744 	1.19418e-05 	-0.116214 	0.00171789 	
2.49	2.16966 	-0.0973471 	-1.77436 	9.86273e-06 	-0.116218 	0.00171645 	
2.495	2.16972 	-0.0973722 	-1.77432 	7.94242e-06 	-0.116221 	0.00171512 	
2.5	2.16978 	-0.0973953 	-1.77429 	6.16801e-06 	-0.116224 	0.00171388 	
2.505	2.16983 	-0.0974166 	-1.77426 	4.52764e-06 	-0.116228 	0.00171274 	
2.51	2.16988 	-0.0974362 	-1.77422 	3.00989e-06 	-0.11623 	0.00171168 	
2.515	2.16993 	-0.0974542 	-1.77419 	1.61683e-06 	-0.116233 	0.0017107 	
2.52	2.16997 	-0.09747 	-1.77417 	3.71545e-07 	-0.116235 	0.00170981 	
2.525	2.17001 	-0.0974843 	-1.77414 	-7.62136e-07 	-0.116238 	0.00170899 	
2.53	2.17005 	-0.0974974 	-1.77412 	-1.80243e-06 	-0.11624 	0.00170824 	
2.535	2.17009 	-0.0975091 	-1.77409 	-2.74584e-06 	-0.116242 	0.00170755 	
2.54	2.17012 	-0.0975196 	-1.77407 	-3.5956e-06 	-0.116244 	0.00170692 	
2.545	2.17016 	-0.0975286 	-1.77405 	-4.35086e-06 	-0.116246 	0.00170635 	
2.55	2.17019 	-0.0975363 	-1.77403 	-5.01108e-06 	-0.116248 	0.00170583 	
2.555	2.17023 	-0.0975426 	-1.77402 	-5.5758e-06 	-0.116249 	0.00170537 	
2.56	2.17026 	-0.0975474 	-1.774 	-6.04457e-06 	-0.116251 	0.00170497 	
2.565	2.17054 	-0.0978794 	-1.77438 	1.7613e-05 	-0.116286 	0.00166482 	
2.57	2.17058 	-0.0978815 	-1.77436 	1.73213e-05 	-0.116288 	0.00166451 	
2.575	2.17062 	-0.0978831 	-1.77435 	1.70709e-05 	-0.116289 	0.00166423 	
2.58	2.17066 	-0.0978834 	-1.77433 	1.68984e-05 	-0.116291 	0.00166399 	
2.585	2.1707 	-0.0978819 	-1.77432 	1.68391e-05 	-0.116293 	0.00166381 	
2.59	2.17074 	-0.0978786 	-1.7743 	1.68868e-05 	-0.116295 	0.00166367 	
2.595	2.17079 	-0.0978737 	-1.77429 	1.70381e-05 	-0.116297 	0.00166359 	
2.6	2.17084 	-0.097867 	-1.77427 	1.72929e-05 	-0.116299 	0.00166356 	
2.605	2.17089 	-0.0978586 	-1.77426 	1.7651e-05 	-0.116301 	0.00166357 	
2.61	2.17095 	-0.0978484 	-1.77424 	1.81122e-05 	-0.116303 	0.00166363 	
2.615	2.17101 	-0.0978365 	-1.77423 	1.86763e-05 	-0.116306 	0.00166374 	
2.62	2.17107 	-0.0978229 	-1.77421 	1.93432e-05 	-0.116308 	0.00166389 	
2.625	2.17114 	-0.0978075 	-1.7742 	2.01126e-05 	-0.116311 	0.00166409 	
2.63	2.17121 	-0.0977904 	-1.77418 	2.09844e-05 	-0.116314 	0.00166433 	
2.635	2.17128 	-0.0977714 	-1.77416 	2.19584e-05 	-0.116317 	0.00166462 	
2.64	2.17136 	-0.0977508 	-1.77414 	2.30345e-05 	-0.11632 	0.00166495 	
2.645	2.17144 	-0.0977283 	-1.77413 	2.42124e-05 	-0.116323 	0.00166533 	
2.65	2.17153 	-0.0977041 	-1.77411 	2.5492e-05 	-0.116326 	0.00166574 	
2.655	2.17162 	-0.0976781 	-1.77409 	2.68732e-05 	-0.116329 	0.0016662 	
2.66	2.17172 	-0.0976504 	-1.77407 	2.83558e-05 	-0.116333 	0.00166671 	
2.665	2.17182 	-0.0976208 	-1.77404 	2.99396e-05 	-0.116337 	0.00166725 	
2.67	2.17192 	-0.0975895 	-1.77402 	3.16244e-05 	-0.11634 	0.00166783 	
2.675	2.17203 	-0.0975564 	-1.774 	3.34101e-05 	-0.116344 	0.00166846 	
2.68	2.17214 	-0.0975215 	-1.77398 	3.52966e-05 	-0.116349 	0.00166913 	
2.685	2.17226 	-0.0974849 	-1.77395 	3.72836e-05 	-0.116353 	0.00166983 	
2.69	2.17238 	-0.0974464 	-1.77393 	3.9371e-05 	-0.116358 	0.00167058 	
2.695	2.17251 	-0.0974062 	-1.7739 	4.15585e-05 	-0.116362 	0.00167137 	
2.7	2.17264 	-0.0973642 	-1.77388 	4.38461e-05 	-0.116367 	0.00167219 	
2.705	2.17277 	-0.0973204 	-1.77385 	4.62336e-05 	-0.116372 	0.00167306 	
2.71	2.17291 	-0.0972748 	-1.77382 	4.87207e-05 	-0.116377 	0.00167396 	
2.715	2.17306 	-0.0972274 	-1.77379 	5.13072e-05 	-0.116383 	0.00167491 	
2.72	2.17321 	-0.0971783 	-1.77376 	5.39931e-05 	-0.116388 	0.00167589 	
2.725	2.17337 	-0.0971274 	-1.77373 	5.6778e-05 	-0.116394 	0.00167691 	
2.73	2.17353 	-0.0970747 	-1.7737 	5.96619e-05 	-0.1164 	0.00167797 	
2.735	2.17369 	-0.0970203 	-1.77367 	6.26444e-05 	-0.116406 	0.00167907 	
2.74	2.17386 	-0.096964 	-1.77363 	6.57254e-05 	-0.116412 	0.00168021 	
2.745	2.17404 	-0.096906 	-1.7736 	6.89047e-05 	-0.116418 	0.00168138 	
2.75	2.17422 	-0.0968463 	-1.77356 	7.2182e-05 	-0.116425 	0.00168259 	
2.755	2.1744 	-0.0967848 	-1.77353 	7.55572e-05 	-0.116432 	0.00168384 	
2.76	2.17459 	-0.0967215 	-1.77349 	7.903e-05 	-0.116439 	0.00168513 	
2.765	2.17479 	-0.0966564 	-1.77345 	8.26002e-05 	-0.116446 	0.00168645 	
2.77	2.17499 	-0.0965896 	-1.77341 	8.62675e-05 	-0.116453 	0.00168781 	
2.775	2.17519 	-0.0965211 	-1.77337 	9.00317e-05 	-0.116461 	0.00168921 	
2.78	2.1754 	-0.0964508 	-1.77333 	9.38926e-05 	-0.116468 	0.00169065 	
2.785	2.17562 	-0.0963788 	-1.77329 	9.785e-05 	-0.116476 	0.00169212 	
2.79	2.17785 	-0.0956792 	-1.77084 	0.00016518 	-0.116483 	0.00173191 	
2.795	2.17806 	-0.0956911 	-1.77087 	0.000163636 	-0.11649 	0.00172911 	
2.8	2.17816 	-0.0957083 	-1.77084 	0.000161687 	-0.116493 	0.00172653 	
2.805	2.17825 	-0.0957042 	-1.77079 	0.000161103 	-0.116495 	0.00172508 	
2.81	2.17836 	-0.0956929 	-1.77073 	0.000160973 	-0.116499 	0.00172389 	
2.815	2.17848 	-0.0956748 	-1.77067 	0.000161272 	-0.116503 	0.00172295 	
2.82	2.17861 	-0.0956504 	-1.77061 	0.000161973 	-0.116507 	0.00172223 	
2.825	2.17876 	-0.0956198 	-1.77056 	0.000163055 	-0.116512 	0.00172173 	
2.83	2.17892 	-0.0955836 	-1.7705 	0.000164496 	-0.116517 	0.00172143 	
2.835	2.17909 	-0.0955418 	-1.77044 	0.000166276 	-0.116523 	0.00172132 	
2.84	2.17928 	-0.095495 	-1.77038 	0.000168377 	-0.11653 	0.00172139 	
2.845	2.17947 	-0.0954432 	-1.77032 	0.000170782 	-0.116537 	0.00172162 	
2.85	2.17968 	-0.0953867 	-1.77027 	0.000173475 	-0.116544 	0.00172201 	
2.855	2.1799 	-0.0953259 	-1.77021 	0.000176442 	-0.116551 	0.00172254 	
2.86	2.1824 	-0.0952032 	-1.76738 	0.000183699 	-0.116559 	0.00172714 	
2.865	2.18262 	-0.0951596 	-1.7674 	0.000185884 	-0.116565 	0.00172728 	
2.87	2.18272 	-0.0950996 	-1.76734 	0.000188869 	-0.116567 	0.00172768 	
2.875	2.18281 	-0.0950249 	-1.76725 	0.000192648 	-0.116569 	0.00172839 	
2.88	2.18291 	-0.0949466 	-1.76716 	0.000196652 	-0.116571 	0.00172924 	
2.885	2.18304 	-0.0948647 	-1.76707 	0.000200869 	-0.116575 	0.00173022 	
2.89	2.18318 	-0.0947795 	-1.76699 	0.000205292 	-0.116579 	0.00173132 	
2.895	2.18334 	-0.094691 	-1.7669 	0.00020991 	-0.116583 	0.00173254 	
2.9	2.18352 	-0.0945995 	-1.76682 	0.000214715 	-0.116589 	0.00173386 	
2.905	2.18372 	-0.0945049 	-1.76674 	0.000219701 	-0.116595 	0.00173528 	
2.91	2.18392 	-0.0944075 	-1.76666 	0.00022486 	-0.116602 	0.0017368 	
2.915	2.18415 	-0.0943073 	-1.76657 	0.000230185 	-0.116609 	0.00173842 	
2.92	2.18672 	-0.0942041 	-1.76364 	0.000233752 	-0.116617 	0.00174073 	
2.925	2.18696 	-0.0941197 	-1.76365 	0.000238441 	-0.116623 	0.0017422 	
2.93	2.18708 	-0.0940176 	-1.76357 	0.000243991 	-0.116625 	0.00174387 	
2.935	2.18718 	-0.093902 	-1.76346 	0.000250232 	-0.116627 	0.00174574 	
2.94	2.1873 	-0.0937844 	-1.76335 	0.000256588 	-0.116629 	0.00174768 	
2.945	2.18745 	-0.0936649 	-1.76325 	0.000263057 	-0.116633 	0.0017497 	
2.95	2.18761 	-0.0935435 	-1.76315 	0.000269635 	-0.116637 	0.00175179 	
2.955	2.1878 	-0.0934202 	-1.76305 	0.000276321 	-0.116643 	0.00175394 	
2.96	2.18801 	-0.0932951 	-1.76295 	0.000283112 	-0.116649 	0.00175617 	
2.965	2.18823 	-0.0931682 	-1.76285 	0.000290007 	-0.116656 	0.00175845 	
2.97	2.18847 	-0.0930395 	-1.76276 	0.000297004 	-0.116663 	0.00176079 	
2.975	2.19114 	-0.0929152 	-1.75971 	0.00030146 	-0.116671 	0.00176356 	
2.98	2.19141 	-0.0928058 	-1.75971 	0.00030763 	-0.116678 	0.00176572 	
2.985	2.19155 	-0.0926782 	-1.75962 	0.000314673 	-0.116681 	0.00176805 	
2.99	2.19167 	-0.0925368 	-1.7595 	0.00032241 	-0.116683 	0.00177054 	
2.995	2.19181 	-0.0923943 	-1.75938 	0.000330211 	-0.116686 	0.0017731 	
3	2.19167 	-0.09183 	-1.75875 	0.000307054 	-0.116648 	0.00182643 	
3.005	2.19186 	-0.0916847 	-1.75864 	0.000315009 	-0.116653 	0.0018291 	
3.01	2.19208 	-0.0915369 	-1.75853 	0.000323104 	-0.116659 	0.00183185 	
3.015	2.19231 	-0.0913874 	-1.75842 	0.000331291 	-0.116666 	0.00183465 	
3.02	2.19257 	-0.0912369 	-1.75831 	0.000339531 	-0.116673 	0.00183749 	
3.025	2.19525 	-0.0910922 	-1.75524 	0.000345011 	-0.116682 	0.00184076 	
3.03	2.19554 	-0.0909631 	-1.75523 	0.000352291 	-0.116689 	0.00184336 	
3.035	2.1957 	-0.0908161 	-1.75514 	0.000360426 	-0.116692 	0.00184612 	
3.04	2.19584 	-0.0906555 	-1.755 	0.000369248 	-0.116695 	0.00184904 	
3.045	2.19601 	-0.0904941 	-1.75488 	0.000378106 	-0.116698 	0.001852 	
3.05	2.1962 	-0.090332 	-1.75475 	0.000387002 	-0.116703 	0.001855 	
3.055	2.19642 	-0.0901691 	-1.75463 	0.000395939 	-0.116709 	0.00185804 	
3.06	2.19665 	-0.0900053 	-1.75451 	0.000404918 	-0.116715 	0.00186112 	
3.065	2.19692 	-0.0898407 	-1.7544 	0.00041394 	-0.116723 	0.00186424 	
3.07	2.19953 	-0.0896821 	-1.7514 	0.000420222 	-0.116731 	0.00186787 	
3.075	2.19983 	-0.0895392 	-1.75138 	0.000428253 	-0.116739 	0.00187074 	
3.08	2.20001 	-0.0893791 	-1.75127 	0.000437102 	-0.116742 	0.00187376 	
3.085	2.20017 	-0.0892058 	-1.75114 	0.000446622 	-0.116745 	0.00187693 	
3.09	2.20036 	-0.0890319 	-1.75101 	0.000456168 	-0.116749 	0.00188014 	
3.095	2.20057 	-0.0888574 	-1.75088 	0.000465742 	-0.116755 	0.00188338 	
3.1	2.20081 	-0.0886822 	-1.75076 	0.000475347 	-0.116761 	0.00188666 	
3.105	2.20108 	-0.0885064 	-1.75064 	0.000484985 	-0.116768 	0.00188998 	
3.11	2.20136 	-0.0883299 	-1.75052 	0.000494657 	-0.116777 	0.00189333 	
3.115	2.20412 	-0.0881603 	-1.74736 	0.000501373 	-0.116786 	0.00189733 	
3.12	2.20446 	-0.0880084 	-1.74735 	0.00050991 	-0.116795 	0.00190038 	
3.125	2.20466 	-0.0878381 	-1.74725 	0.000519319 	-0.116798 	0.00190359 	
3.13	2.20484 	-0.0876533 	-1.74711 	0.000529454 	-0.116802 	0.00190697 	
3.135	2.20504 	-0.0874682 	-1.74698 	0.000539606 	-0.116806 	0.00191039 	
3.14	2.20528 	-0.0872826 	-1.74685 	0.000549779 	-0.116812 	0.00191384 	
3.145	2.20554 	-0.0870964 	-1.74672 	0.000559974 	-0.116819 	0.00191732 	
3.15	2.20582 	-0.0869098 	-1.7466 	0.000570195 	-0.116827 	0.00192084 	
3.155	2.20844 	-0.0867297 	-1.7436 	0.000577583 	-0.116836 	0.00192507 	
3.16	2.20878 	-0.0865663 	-1.74357 	0.000586705 	-0.116845 	0.0019283 	
3.165	2.20899 	-0.0863861 	-1.74347 	0.00059663 	-0.116849 	0.00193168 	
3.17	2.20918 	-0.0861925 	-1.74333 	0.000607238 	-0.116853 	0.00193521 	
3.175	2.20941 	-0.0859986 	-1.74319 	0.000617858 	-0.116858 	0.00193878 	
3.18	2.20966 	-0.0858043 	-1.74307 	0.000628493 	-0.116864 	0.00194238 	
3.185	2.20994 	-0.0856096 	-1.74294 	0.000639146 	-0.116872 	0.00194602 	
3.19	2.21025 	-0.0854144 	-1.74282 	0.000649818 	-0.11688 	0.00194969 	
3.195	2.21296 	-0.0852264 	-1.73973 	0.000657511 	-0.11689 	0.00195419 	
3.2	2.21332 	-0.0850564 	-1.73971 	0.000666992 	-0.116899 	0.00195754 	
3.205	2.21355 	-0.0848689 	-1.73961 	0.000677303 	-0.116904 	0.00196104 	
3.21	2.21376 	-0.0846673 	-1.73947 	0.000688331 	-0.116908 	0.0019647 	
3.215	2.214 	-0.0844655 	-1.73933 	0.000699366 	-0.116913 	0.0019684 	
3.22	2.21428 	-0.0842633 	-1.7392 	0.000710411 	-0.11692 	0.00197214 	
3.225	2.21457 	-0.0840609 	-1.73908 	0.00072147 	-0.116928 	0.00197591 	
3.23	2.2149 	-0.0838581 	-1.73896 	0.000732543 	-0.116938 	0.00197971 	
3.235	2.2177 	-0.083663 	-1.73576 	0.000740473 	-0.116948 	0.00198448 	
3.24	2.21809 	-0.0834874 	-1.73575 	0.000750253 	-0.116958 	0.00198792 	
3.245	2.21834 	-0.0832936 	-1.73566 	0.000760897 	-0.116963 	0.00199152 	
3.25	2.21857 	-0.0830849 	-1.73552 	0.000772293 	-0.116967 	0.00199529 	
3.255	2.21882 	-0.082876 	-1.73539 	0.000783693 	-0.116973 	0.0019991 	
3.26	2.21911 	-0.0826669 	-1.73526 	0.000795098 	-0.11698 	0.00200294 	
3.265	2.21942 	-0.0824576 	-1.73514 	0.000806512 	-0.116989 	0.00200682 	
3.27	2.222 	-0.0822552 	-1.7322 	0.000815027 	-0.116998 	0.0020117 	
3.275	2.22237 	-0.0820702 	-1.73217 	0.000825262 	-0.117007 	0.00201525 	
3.28	2.22262 	-0.0818694 	-1.73206 	0.000836253 	-0.117013 	0.00201893 	
3.285	2.22286 	-0.0816554 	-1.73193 	0.000847918 	-0.117018 	0.00202279 	
3.29	2.22313 	-0.0814413 	-1.7318 	0.000859584 	-0.117024 	0.00202668 	
3.295	2.22344 	-0.0812271 	-1.73168 	0.000871252 	-0.117032 	0.0020306 	
3.3	2.22377 	-0.0810127 	-1.73156 	0.000882925 	-0.117041 	0.00203456 	
3.305	2.22638 	-0.0808055 	-1.72859 	0.000891622 	-0.117051 	0.00203961 	
3.31	2.22676 	-0.0806163 	-1.72856 	0.000902071 	-0.11706 	0.00204322 	
3.315	2.22703 	-0.0804111 	-1.72847 	0.00091328 	-0.117066 	0.00204697 	
3.32	2.22729 	-0.0801926 	-1.72834 	0.000925175 	-0.117071 	0.00205088 	
3.325	2.22758 	-0.079974 	-1.72821 	0.000937068 	-0.117078 	0.00205484 	
3.33	2.2279 	-0.0797553 	-1.72809 	0.00094896 	-0.117086 	0.00205883 	
3.335	2.22824 	-0.0795365 	-1.72798 	0.000960855 	-0.117095 	0.00206286 	
3.34	2.2309 	-0.0793252 	-1.72496 	0.000969671 	-0.117106 	0.00206809 	
3.345	2.23131 	-0.0791327 	-1.72494 	0.000980286 	-0.117116 	0.00207174 	
3.35	2.23159 	-0.078924 	-1.72485 	0.000991669 	-0.117122 	0.00207552 	
3.355	2.23186 	-0.0787015 	-1.72473 	0.00100376 	-0.117127 	0.00207949 	
3.36	2.23216 	-0.0784791 	-1.72461 	0.00101584 	-0.117135 	0.00208349 	
3.365	2.23249 	-0.0782566 	-1.72449 	0.00102792 	-0.117143 	0.00208754 	
3.37	2.23285 	-0.0780341 	-1.72438 	0.00103999 	-0.117153 	0.00209161 	
3.375	2.23556 	-0.0778193 	-1.72131 	0.0010489 	-0.117163 	0.00209701 	
3.38	2.23625 	-0.0779914 	-1.72175 	0.00108735 	-0.117211 	0.00205673 	
3.385	2.23655 	-0.0777801 	-1.72166 	0.00109885 	-0.117217 	0.00206053 	
3.39	2.23683 	-0.0775557 	-1.72154 	0.00111101 	-0.117223 	0.00206449 	
3.395	2.23714 	-0.0773319 	-1.72143 	0.00112314 	-0.11723 	0.00206848 	
3.4	2.23748 	-0.0771079 	-1.72132 	0.00113528 	-0.117239 	0.00207252 	
3.405	2.23784 	-0.0768838 	-1.72121 	0.00114742 	-0.117248 	0.00207659 	
3.41	2.24058 	-0.0766676 	-1.71811 	0.00115636 	-0.11726 	0.00208216 	
3.415	2.24102 	-0.0764715 	-1.71811 	0.00116714 	-0.11727 	0.00208581 	
3.42	2.24133 	-0.0762587 	-1.71803 	0.0011787 	-0.117277 	0.0020896 	
3.425	2.24161 	-0.0760317 	-1.71792 	0.00119099 	-0.117283 	0.0020936 	
3.43	2.24193 	-0.0758046 	-1.71781 	0.00120328 	-0.11729 	0.00209763 	
3.435	2.24228 	-0.0755776 	-1.7177 	0.00121556 	-0.117299 	0.0021017 	
3.44	2.24266 	-0.0753505 	-1.7176 	0.00122784 	-0.117309 	0.00210582 	
3.445	2.24543 	-0.0751316 	-1.71447 	0.00123684 	-0.117321 	0.00211153 	
3.45	2.24587 	-0.0749333 	-1.71448 	0.00124772 	-0.117332 	0.00211519 	
3.455	2.24619 	-0.0747184 	-1.71441 	0.00125937 	-0.117338 	0.002119 	
3.46	2.24648 	-0.0744891 	-1.7143 	0.00127176 	-0.117344 	0.002123 	
3.465	2.24681 	-0.07426 	-1.7142 	0.00128414 	-0.117352 	0.00212705 	
3.47	2.24717 	-0.0740309 	-1.7141 	0.00129651 	-0.117361 	0.00213114 	
3.475	2.24755 	-0.0738018 	-1.714 	0.00130888 	-0.117371 	0.00213527 	
3.48	2.25034 	-0.0735811 	-1.71085 	0.0013179 	-0.117383 	0.00214112 	
3.485	2.25079 	-0.0733814 	-1.71087 	0.00132883 	-0.117394 	0.00214477 	
3.49	2.25112 	-0.0731652 	-1.7108 	0.00134053 	-0.117401 	0.00214856 	
3.495	2.25142 	-0.0729346 	-1.7107 	0.00135297 	-0.117407 	0.00215256 	
3.5	2.25175 	-0.0727042 	-1.7106 	0.00136539 	-0.117415 	0.00215661 	
3.505	2.25212 	-0.072474 	-1.71051 	0.0013778 	-0.117424 	0.0021607 	
3.51	2.25251 	-0.0722438 	-1.71042 	0.00139021 	-0.117434 	0.00216482 	
3.515	2.2553 	-0.0720221 	-1.70726 	0.00139921 	-0.117446 	0.00217078 	
3.52	2.25577 	-0.0718216 	-1.70729 	0.00141016 	-0.117457 	0.0021744 	
3.525	2.2561 	-0.071605 	-1.70723 	0.00142186 	-0.117464 	0.00217817 	
3.53	2.2564 	-0.071374 	-1.70713 	0.0014343 	-0.117471 	0.00218215 	
3.535	2.25674 	-0.0711431 	-1.70704 	0.00144672 	-0.117478 	0.00218618 	
3.54	2.25711 	-0.0709125 	-1.70695 	0.00145913 	-0.117488 	0.00219025 	
3.545	2.25751 	-0.0706821 	-1.70687 	0.00147152 	-0.117498 	0.00219436 	
3.55	2.2603 	-0.0704601 	-1.70371 	0.00148048 	-0.11751 	0.0022004 	
3.555	2.26077 	-0.0702596 	-1.70374 	0.00149141 	-0.117521 	0.00220399 	
3.56	2.26111 	-0.0700431 	-1.70369 	0.00150308 	-0.117528 	0.00220772 	
3.565	2.26142 	-0.0698124 	-1.70361 	0.00151547 	-0.117535 	0.00221167 	
3.57	2.26176 	-0.069582 	-1.70352 	0.00152785 	-0.117543 	0.00221566 	
3.575	2.26214 	-0.0693518 	-1.70344 	0.00154021 	-0.117552 	0.0022197 	
3.58	2.26254 	-0.0691218 	-1.70336 	0.00155256 	-0.117562 	0.00222377 	
3.585	2.26532 	-0.0689004 	-1.70021 	0.00156144 	-0.117574 	0.00222989 	
3.59	2.2658 	-0.0687003 	-1.70025 	0.00157231 	-0.117586 	0.00223342 	
3.595	2.26614 	-0.0684847 	-1.70021 	0.00158391 	-0.117593 	0.0022371 	
3.6	2.26645 	-0.0682552 	-1.70013 	0.00159622 	-0.117599 	0.00224101 	
3.605	2.2668 	-0.0680259 	-1.70005 	0.00160852 	-0.117607 	0.00224495 	
3.61	2.26718 	-0.0677968 	-1.69998 	0.00162079 	-0.117616 	0.00224894 	
3.615	2.26758 	-0.0675681 	-1.69991 	0.00163305 	-0.117627 	0.00225297 	
3.62	2.27035 	-0.0673478 	-1.69678 	0.00164182 	-0.117639 	0.00225913 	
3.625	2.27083 	-0.0671488 	-1.69683 	0.00165262 	-0.11765 	0.00226261 	
3.63	2.27117 	-0.0669347 	-1.69679 	0.0016641 	-0.117657 	0.00226622 	
3.635	2.27149 	-0.066707 	-1.69672 	0.0016763 	-0.117664 	0.00227007 	
3.64	2.27184 	-0.0664795 	-1.69665 	0.00168847 	-0.117672 	0.00227396 	
3.645	2.27222 	-0.0662524 	-1.69659 	0.00170062 	-0.117681 	0.00227789 	
3.65	2.27263 	-0.0660256 	-1.69652 	0.00171276 	-0.117691 	0.00228185 	
3.655	2.27537 	-0.0658071 	-1.69342 	0.0017214 	-0.117703 	0.00228804 	
3.66	2.27584 	-0.0656098 	-1.69347 	0.00173208 	-0.117715 	0.00229145 	
3.665	2.27619 	-0.0653979 	-1.69345 	0.00174343 	-0.117722 	0.00229499 	
3.67	2.27651 	-0.0651727 	-1.69338 	0.00175546 	-0.117728 	0.00229877 	
3.675	2.27686 	-0.0649478 	-1.69332 	0.00176747 	-0.117736 	0.00230258 	
3.68	2.27724 	-0.0647232 	-1.69326 	0.00177947 	-0.117745 	0.00230644 	
3.685	2.27765 	-0.064499 	-1.69321 	0.00179144 	-0.117756 	0.00231034 	
3.69	2.28036 	-0.0642831 	-1.69014 	0.00179992 	-0.117768 	0.00231653 	
3.695	2.28083 	-0.0640878 	-1.6902 	0.00181046 	-0.117779 	0.00231986 	
3.7	2.28118 	-0.0638787 	-1.69018 	0.00182164 	-0.117786 	0.00232332 	
3.705	2.2815 	-0.0636567 	-1.69013 	0.00183348 	-0.117792 	0.00232701 	
3.71	2.28186 	-0.063435 	-1.69007 	0.0018453 	-0.1178 	0.00233075 	
3.715	2.28224 	-0.0632138 	-1.69002 	0.0018571 	-0.11781 	0.00233453 	
3.72	2.28264 	-0.0629929 	-1.68998 	0.00186888 	-0.11782 	0.00233834 	
3.725	2.28531 	-0.06278 	-1.68696 	0.00187718 	-0.117831 	0.00234452 	
3.73	2.28562 	-0.062379 	-1.68678 	0.00187149 	-0.117822 	0.00237249 	
3.735	2.28597 	-0.0621731 	-1.68677 	0.00188248 	-0.117829 	0.00237587 	
3.74	2.28629 	-0.0619542 	-1.68672 	0.00189414 	-0.117835 	0.00237949 	
3.745	2.28664 	-0.0617354 	-1.68667 	0.00190579 	-0.117843 	0.00238316 	
3.75	2.28702 	-0.0615171 	-1.68663 	0.00191741 	-0.117852 	0.00238687 	
3.755	2.28743 	-0.0612993 	-1.68659 	0.001929 	-0.117863 	0.00239061 	
3.76	2.29004 	-0.0610895 	-1.68363 	0.00193711 	-0.117874 	0.00239674 	
3.765	2.29051 	-0.0608994 	-1.6837 	0.00194732 	-0.117885 	0.00239991 	
3.77	2.29085 	-0.0606969 	-1.68369 	0.0019581 	-0.117892 	0.00240319 	
3.775	2.28897 	-0.059188 	-1.67883 	0.00181575 	-0.117632 	0.00239956 	
3.78	2.10015 	0.106565 	-1.24449 	-0.0104679 	-0.0942432 	-0.00296113 	
3.785	1.33224 	0.696312 	0.506661 	-0.0627672 	0.000725912 	-0.0167094 	
3.79	0.692541 	0.995933 	1.93166 	-0.111604 	0.0795563 	-0.0097409 	
3.795	0.874725 	0.931022 	1.78025 	-0.110365 	0.0695542 	-0.0025409 	
3.8	1.24018 	0.847622 	1.71343 	-0.118666 	0.0607506 	0.017387 	
3.805	1.30241 	0.790266 	1.4989 	-0.110912 	0.0495417 	0.0162693 	
3.81	1.31741 	0.78023 	1.40188 	-0.106454 	0.0446049 	0.013567 	
3.815	1.0293 	0.98335 	1.99105 	-0.122922 	0.0772919 	0.00710374 	
3.82	0.144122 	1.47293 	3.86605 	-0.182201 	0.181828 	0.00432635 	
3.825	0.296819 	1.36461 	3.47176 	-0.169062 	0.160519 	0.00413247 	
3.83	0.429803 	1.28881 	3.13188 	-0.157086 	0.142 	0.00215268 	
3.835	0.525435 	1.27487 	2.89121 	-0.147105 	0.128585 	-0.00340127 	
3.84	0.637622 	1.19692 	2.58148 	-0.136347 	0.111816 	-0.00471936 	
3.845	0.713411 	1.16804 	2.34736 	-0.126794 	0.0991643 	-0.00921817 	
3.85	0.820696 	1.0922 	2.07015 	-0.117523 	0.0841824 	-0.00940321 	
3.855	0.929408 	1.00826 	1.79591 	-0.108755 	0.0693758 	-0.00853146 	
3.86	1.03021 	0.930474 	1.54174 	-0.100629 	0.0556512 	-0.00772326 	
3.865	1.12369 	0.858397 	1.30617 	-0.0930962 	0.0429295 	-0.00697393 	
3.87	1.21037 	0.79161 	1.08784 	-0.0861141 	0.0311372 	-0.00627917 	
3.875	1.29076 	0.729725 	0.885494 	-0.0796423 	0.0202064 	-0.00563498 	
3.88	1.36438 	0.672376 	0.699759 	-0.073637 	0.0100739 	-0.00513718 	
3.885	1.43094 	0.623468 	0.531322 	-0.0681333 	0.000971474 	-0.00490206 	
3.89	1.48028 	0.600458 	0.404266 	-0.0634192 	-0.00595369 	-0.00625416 	
3.895	1.51873 	0.599759 	0.314293 	-0.0595578 	-0.01099 	-0.00875278 	
3.9	1.56233 	0.582556 	0.209065 	-0.0556453 	-0.0167746 	-0.00996464 	
3.905	1.59605 	0.581003 	0.130479 	-0.0523106 	-0.0211661 	-0.0120465 	
3.91	1.60316 	0.486553 	0.0980123 	-0.054202 	-0.0220221 	-0.0031213 	
3.915	1.53984 	0.258114 	0.208003 	-0.0668791 	-0.0133155 	0.0240021 	
3.92	1.58764 	0.2485 	0.0888633 	-0.0620005 	-0.0201063 	0.0213328 	
3.925	1.61451 	0.265801 	0.00976917 	-0.0577809 	-0.0246078 	0.0169042 	
3.93	1.66588 	0.242505 	-0.113312 	-0.0533751 	-0.0314635 	0.0158514 	
3.935	1.71349 	0.220937 	-0.227349 	-0.0492905 	-0.0378174 	0.014876 	
3.94	1.75766 	0.200961 	-0.333041 	-0.0455042 	-0.0437078 	0.0139723 	
3.945	1.08319 	0.518739 	0.707322 	-0.0713473 	0.0183599 	-0.000526757 	
3.95	-1.33297 	1.61331 	4.30562 	-0.159276 	0.233789 	-0.0531749 	
3.955	-2.44717 	2.05458 	5.60973 	-0.184092 	0.315283 	-0.0862996 	
3.96	-3.0537 	2.47409 	7.20161 	-0.236588 	0.406482 	-0.0846972 	
3.965	-2.82764 	2.38421 	6.89938 	-0.229903 	0.388396 	-0.0794581 	
3.97	-2.45065 	2.20596 	6.27218 	-0.212895 	0.351304 	-0.0734567 	
3.975	-2.15348 	1.99584 	5.86524 	-0.206637 	0.327373 	-0.0571505 	
3.98	-1.98233 	1.71128 	5.83665 	-0.219847 	0.326081 	-0.0205505 	
3.985	-1.72996 	1.52898 	5.49395 	-0.214814 	0.305975 	-0.00613317 	
3.99	-1.62139 	1.25333 	5.58962 	-0.232631 	0.312186 	0.032684 	
3.995	-1.39537 	1.10404 	5.2666 	-0.226751 	0.293213 	0.0433491 	
4	-1.31128 	0.857942 	5.38376 	-0.243964 	0.300714 	0.0789766 	
4.005	-1.04517 	0.791497 	4.86758 	-0.225922 	0.270035 	0.0733839 	
4.01	-0.904845 	0.672885 	4.5901 	-0.219533 	0.254427 	0.0794526 	
4.015	-0.971283 	0.448208 	4.74076 	-0.234144 	0.265773 	0.108549 	
4.02	-0.770316 	0.374665 	4.41331 	-0.224561 	0.246257 	0.109735 	
4.025	-0.655073 	0.238174 	4.36975 	-0.229954 	0.24392 	0.127356 	
4.03	-0.436785 	0.217123 	3.92799 	-0.212934 	0.217398 	0.118221 	
4.035	-0.234435 	0.197624 	3.51856 	-0.197158 	0.192816 	0.109755 	
4.04	-0.0468546 	0.179562 	3.13909 	-0.182536 	0.170031 	0.101909 	
4.045	0.127036 	0.162834 	2.78739 	-0.168984 	0.148913 	0.0946375 	
4.05	0.288238 	0.147341 	2.46143 	-0.156424 	0.129339 	0.0878984 	
4.055	0.437681 	0.132993 	2.15933 	-0.144782 	0.111197 	0.0816527 	
4.06	0.57374 	0.119699 	1.88007 	-0.134092 	0.0943807 	0.0756859 	
4.065	0.702545 	0.10737 	1.62062 	-0.124085 	0.0787958 	0.0703339 	
4.07	0.82182 	0.0959622 	1.38023 	-0.114809 	0.0643554 	0.0653739 	
4.075	0.932352 	0.0854098 	1.15747 	-0.106211 	0.0509721 	0.0607773 	
4.08	1.03483 	0.0756402 	0.951016 	-0.0982423 	0.0385671 	0.0565173 	
4.085	1.12985 	0.0665959 	0.759669 	-0.0908559 	0.0270688 	0.0525693 	
4.09	1.21794 	0.0582239 	0.582325 	-0.0840096 	0.0164108 	0.0489105 	
4.095	1.29963 	0.0504748 	0.417959 	-0.0776638 	0.00653173 	0.0455197 	
4.1	1.36387 	0.0202475 	0.300736 	-0.0743008 	-0.000352045 	0.0461725 	
4.105	1.14457 	0.162666 	0.844469 	-0.0971255 	0.0319127 	0.0495235 	
4.11	0.464149 	0.796906 	2.40735 	-0.152531 	0.123192 	0.0315543 	
4.115	0.598355 	0.735126 	2.11016 	-0.141207 	0.105493 	0.0292467 	
4.12	0.456089 	0.867606 	2.43064 	-0.152861 	0.124802 	0.025371 	
4.125	-0.215182 	1.3699 	3.92085 	-0.208036 	0.214124 	0.01793 	
4.13	-0.0287093 	1.26664 	3.51285 	-0.192643 	0.189817 	0.0168579 	
4.135	0.14446 	1.17055 	3.13424 	-0.178345 	0.167248 	0.0158179 	
4.14	0.304989 	1.0815 	2.78334 	-0.165094 	0.14633 	0.0148542 	
4.145	0.171856 	1.20817 	3.08595 	-0.175972 	0.164653 	0.0109685 	
4.15	-0.515388 	1.74397 	4.62207 	-0.232377 	0.257054 	0.0013818 	
4.155	-0.306471 	1.61298 	4.16227 	-0.215169 	0.22956 	0.00147522 	
4.16	-0.112813 	1.49159 	3.73612 	-0.19922 	0.204077 	0.00156196 	
4.165	0.0667022 	1.37909 	3.34116 	-0.184438 	0.180459 	0.00164253 	
4.17	0.233109 	1.27483 	2.9751 	-0.170738 	0.158568 	0.00171737 	
4.175	0.384005 	1.1782 	2.6363 	-0.158042 	0.138278 	0.00158447 	
4.18	0.527415 	1.08864 	2.32193 	-0.146274 	0.119474 	0.00166335 	
4.185	0.660227 	1.00565 	2.03064 	-0.135367 	0.10205 	0.00173664 	
4.19	0.783303 	0.92875 	1.76071 	-0.125257 	0.0859015 	0.0018049 	
4.195	0.897399 	0.857485 	1.51052 	-0.115886 	0.070934 	0.00186831 	
4.2	1.00317 	0.791443 	1.27865 	-0.107201 	0.0570611 	0.00192724 	
4.205	1.10123 	0.730243 	1.06375 	-0.0991516 	0.0442027 	0.00198201 	
4.21	1.19214 	0.67353 	0.864571 	-0.0916906 	0.0322844 	0.00203292 	
4.215	1.27642 	0.620975 	0.679971 	-0.0847753 	0.0212376 	0.00208025 	
4.22	1.35458 	0.572249 	0.50885 	-0.0783638 	0.0109959 	0.00212135 	
4.225	1.42703 	0.52712 	0.350279 	-0.0724229 	0.00150529 	0.00216228 	
4.23	1.4942 	0.485301 	0.203313 	-0.0669165 	-0.00729157 	0.00220035 	
4.235	1.55648 	0.446549 	0.0671009 	-0.0618128 	-0.0154454 	0.00223578 	
4.24	1.61422 	0.410641 	-0.0591431 	-0.0570822 	-0.0230033 	0.00226874 	
4.245	1.66776 	0.377368 	-0.176149 	-0.0526975 	-0.0300088 	0.00229943 	
4.25	1.7178 	0.34653 	-0.28237 	-0.0486367 	-0.0365024 	0.00226389 	
4.255	1.49684 	0.507607 	0.210449 	-0.066842 	-0.00633259 	0.000158599 	
4.26	0.757671 	1.03624 	1.85402 	-0.127657 	0.0940077 	-0.00606452 	
4.265	0.629833 	1.16606 	2.19767 	-0.140493 	0.114704 	-0.00826249 	
4.27	0.0230694 	1.70409 	3.71716 	-0.197165 	0.206403 	-0.0159771 	
4.275	-0.0450177 	1.78436 	3.92049 	-0.204856 	0.218609 	-0.0173151 	
4.28	-0.584519 	2.2751 	5.30203 	-0.256645 	0.301915 	-0.0239641 	
4.285	-0.602085 	2.31285 	5.38524 	-0.259918 	0.306855 	-0.0245823 	
4.29	-1.08274 	2.76272 	6.6472 	-0.307484 	0.382878 	-0.0302942 	
4.295	-1.05784 	2.76413 	6.62782 	-0.306977 	0.381619 	-0.0302967 	
4.3	-1.48688 	3.1786 	7.78593 	-0.350888 	0.451312 	-0.0351818 	
4.305	-1.42876 	3.14807 	7.67941 	-0.347111 	0.444812 	-0.0347256 	
4.31	-1.82976 	3.54559 	8.79003 	-0.389487 	0.511596 	-0.038954 	
4.315	-1.74023 	3.48776 	8.60228 	-0.38278 	0.499819 	-0.0381002 	
4.32	-2.01992 	3.73504 	9.2937 	-0.408889 	0.540626 	-0.0415342 	
4.325	-1.93513 	3.70587 	9.17614 	-0.40537 	0.532749 	-0.0402984 	
4.33	-2.18962 	3.93888 	9.82396 	-0.430035 	0.570992 	-0.0433016 	
