0	0.0490075 	0.0219193 	-2.01088 	0.262299 	0.529812 	-0.011542 	
0.005	0.0490075 	0.0219193 	-2.01088 	0.262299 	0.529812 	-0.011542 	
0.01	0.0490075 	0.0219193 	-2.01088 	0.262299 	0.529812 	-0.011542 	
0.015	0.0490075 	0.0219115 	-2.01088 	0.262299 	0.529813 	-0.0115415 	
0.02	0.0490076 	0.0219047 	-2.01087 	0.2623 	0.529815 	-0.011541 	
0.025	0.0490077 	0.0218963 	-2.01086 	0.2623 	0.529817 	-0.0115404 	
0.03	0.0490078 	0.021886 	-2.01086 	0.2623 	0.52982 	-0.0115397 	
0.035	0.0490079 	0.0218738 	-2.01085 	0.262301 	0.529823 	-0.0115389 	
0.04	0.049008 	0.0218597 	-2.01084 	0.262301 	0.529826 	-0.0115379 	
0.045	0.0490081 	0.0218437 	-2.01083 	0.262302 	0.529831 	-0.0115368 	
0.05	0.0490083 	0.0218257 	-2.01081 	0.262303 	0.529835 	-0.0115356 	
0.055	0.0490085 	0.0218059 	-2.0108 	0.262303 	0.52984 	-0.0115342 	
0.06	0.0490087 	0.0217842 	-2.01078 	0.262304 	0.529845 	-0.0115328 	
0.065	0.0490089 	0.0217605 	-2.01076 	0.262305 	0.529851 	-0.0115311 	
0.07	0.0490091 	0.021735 	-2.01074 	0.262306 	0.529858 	-0.0115294 	
0.075	0.0490094 	0.0217075 	-2.01072 	0.262307 	0.529865 	-0.0115275 	
0.08	0.0490096 	0.0216781 	-2.0107 	0.262308 	0.529872 	-0.0115255 	
0.085	0.0490099 	0.0216469 	-2.01068 	0.262309 	0.52988 	-0.0115234 	
0.09	0.0490102 	0.0216137 	-2.01065 	0.262311 	0.529888 	-0.0115212 	
0.095	0.0490105 	0.0215787 	-2.01063 	0.262312 	0.529897 	-0.0115188 	
0.1	0.0490109 	0.0215417 	-2.0106 	0.262313 	0.529906 	-0.0115163 	
0.105	0.0490113 	0.021499 	-2.01057 	0.262315 	0.529917 	-0.0115134 	
0.11	0.0490116 	0.0214617 	-2.01054 	0.262316 	0.529926 	-0.0115108 	
0.115	0.049012 	0.0214152 	-2.01051 	0.262318 	0.529938 	-0.0115077 	
0.12	0.0490125 	0.0213704 	-2.01047 	0.26232 	0.529949 	-0.0115047 	
0.125	0.0490129 	0.0213238 	-2.01044 	0.262322 	0.529961 	-0.0115015 	
0.13	0.0490133 	0.0212753 	-2.0104 	0.262323 	0.529973 	-0.0114982 	
0.135	0.0490138 	0.021225 	-2.01037 	0.262325 	0.529985 	-0.0114948 	
0.14	0.0490143 	0.0211727 	-2.01033 	0.262327 	0.529999 	-0.0114913 	
0.145	0.0490148 	0.0211186 	-2.01029 	0.262329 	0.530012 	-0.0114877 	
0.15	0.0490154 	0.0210625 	-2.01025 	0.262332 	0.530026 	-0.0114839 	
0.155	0.0490159 	0.0210046 	-2.0102 	0.262334 	0.53004 	-0.01148 	
0.16	0.0491189 	0.0207203 	-2.01034 	0.262432 	0.531638 	-0.0108378 	
0.165	0.0491195 	0.0206586 	-2.01029 	0.262434 	0.531653 	-0.0108337 	
0.17	0.0491201 	0.0205951 	-2.01024 	0.262437 	0.531669 	-0.0108294 	
0.175	0.0491207 	0.0205297 	-2.0102 	0.262439 	0.531685 	-0.0108251 	
0.18	0.0491214 	0.0204625 	-2.01015 	0.262442 	0.531702 	-0.0108206 	
0.185	0.0491221 	0.0203934 	-2.01009 	0.262444 	0.531719 	-0.010816 	
0.19	0.0491228 	0.0203225 	-2.01004 	0.262447 	0.531737 	-0.0108112 	
0.195	0.0491235 	0.0202497 	-2.00999 	0.26245 	0.531755 	-0.0108064 	
0.2	0.0491243 	0.020175 	-2.00993 	0.262453 	0.531774 	-0.0108014 	
0.205	0.049125 	0.0200985 	-2.00987 	0.262456 	0.531793 	-0.0107964 	
0.21	0.0491258 	0.0200201 	-2.00982 	0.262459 	0.531812 	-0.0107912 	
0.215	0.0491267 	0.0199399 	-2.00976 	0.262462 	0.531832 	-0.0107859 	
0.22	0.0492294 	0.0196364 	-2.00987 	0.262565 	0.533411 	-0.01015 	
0.225	0.0492302 	0.0195525 	-2.00981 	0.262569 	0.533432 	-0.0101445 	
0.23	0.0492311 	0.0194668 	-2.00975 	0.262572 	0.533453 	-0.0101388 	
0.235	0.0492321 	0.0193793 	-2.00968 	0.262575 	0.533475 	-0.0101331 	
0.24	0.049233 	0.0192899 	-2.00961 	0.262578 	0.533497 	-0.0101272 	
0.245	0.049234 	0.0191987 	-2.00955 	0.262582 	0.533519 	-0.0101213 	
0.25	0.049235 	0.0191057 	-2.00948 	0.262585 	0.533542 	-0.0101152 	
0.255	0.049236 	0.0190109 	-2.00941 	0.262589 	0.533566 	-0.010109 	
0.26	0.0492371 	0.0189143 	-2.00933 	0.262593 	0.53359 	-0.0101027 	
0.265	0.0492382 	0.0188159 	-2.00926 	0.262596 	0.533614 	-0.0100963 	
0.27	0.0493483 	0.0184807 	-2.00937 	0.262713 	0.53529 	-0.00941998 	
0.275	0.0493494 	0.0183786 	-2.00929 	0.262717 	0.535315 	-0.00941337 	
0.28	0.0493506 	0.0182748 	-2.00922 	0.262721 	0.535341 	-0.00940667 	
0.285	0.0493518 	0.0181692 	-2.00914 	0.262725 	0.535367 	-0.00939986 	
0.29	0.049353 	0.0180618 	-2.00906 	0.262729 	0.535393 	-0.00939296 	
0.295	0.0493543 	0.0179526 	-2.00898 	0.262733 	0.53542 	-0.00938595 	
0.3	0.0493556 	0.0178417 	-2.00889 	0.262737 	0.535448 	-0.00937886 	
0.305	0.0493569 	0.017729 	-2.00881 	0.262741 	0.535475 	-0.00937166 	
0.31	0.0494631 	0.0173904 	-2.0089 	0.262859 	0.537076 	-0.00872466 	
0.315	0.0494645 	0.0172741 	-2.00881 	0.262864 	0.537104 	-0.00871727 	
0.32	0.0494659 	0.0171561 	-2.00872 	0.262868 	0.537133 	-0.00870978 	
0.325	0.0494673 	0.0170364 	-2.00863 	0.262873 	0.537163 	-0.00870221 	
0.33	0.0494688 	0.0169149 	-2.00854 	0.262877 	0.537192 	-0.00869454 	
0.335	0.0494703 	0.0167917 	-2.00845 	0.262882 	0.537222 	-0.00868678 	
0.34	0.0494719 	0.0166667 	-2.00836 	0.262886 	0.537253 	-0.00867894 	
0.345	0.0495771 	0.0163203 	-2.00843 	0.263008 	0.538823 	-0.00804299 	
0.35	0.0495787 	0.0161918 	-2.00834 	0.263013 	0.538855 	-0.00803496 	
0.355	0.0495804 	0.0160617 	-2.00824 	0.263018 	0.538886 	-0.00802685 	
0.36	0.0495821 	0.0159298 	-2.00814 	0.263023 	0.538918 	-0.00801865 	
0.365	0.0495838 	0.0157962 	-2.00804 	0.263028 	0.538951 	-0.00801038 	
0.37	0.0495856 	0.015661 	-2.00794 	0.263033 	0.538984 	-0.00800203 	
0.375	0.0495874 	0.015524 	-2.00784 	0.263038 	0.539017 	-0.00799359 	
0.38	0.049703 	0.0151461 	-2.00792 	0.263177 	0.540725 	-0.00730016 	
0.385	0.0497049 	0.0150057 	-2.00781 	0.263182 	0.540759 	-0.00729156 	
0.39	0.0497068 	0.0148636 	-2.0077 	0.263187 	0.540793 	-0.00728288 	
0.395	0.0497087 	0.0147199 	-2.0076 	0.263193 	0.540828 	-0.00727413 	
0.4	0.0497107 	0.0145745 	-2.00749 	0.263198 	0.540863 	-0.00726531 	
0.405	0.0497128 	0.0144274 	-2.00738 	0.263203 	0.540899 	-0.00725642 	
0.41	0.0498232 	0.0140529 	-2.00744 	0.263342 	0.542513 	-0.0065999 	
0.415	0.0498253 	0.0139025 	-2.00733 	0.263347 	0.542549 	-0.00659086 	
0.42	0.0498275 	0.0137505 	-2.00721 	0.263353 	0.542585 	-0.00658174 	
0.425	0.0498297 	0.0135969 	-2.00709 	0.263358 	0.542622 	-0.00657257 	
0.43	0.0498319 	0.0134416 	-2.00698 	0.263364 	0.54266 	-0.00656333 	
0.435	0.0498342 	0.0132847 	-2.00686 	0.26337 	0.542697 	-0.00655403 	
0.44	0.049952 	0.0128875 	-2.00692 	0.263522 	0.544401 	-0.00585915 	
0.445	0.0499544 	0.0127273 	-2.0068 	0.263528 	0.544439 	-0.00584971 	
0.45	0.0499568 	0.0125656 	-2.00668 	0.263534 	0.544478 	-0.00584021 	
0.455	0.0499593 	0.0124022 	-2.00656 	0.26354 	0.544517 	-0.00583066 	
0.46	0.0499618 	0.0122372 	-2.00643 	0.263546 	0.544556 	-0.00582105 	
0.465	0.0499644 	0.0120707 	-2.0063 	0.263552 	0.544596 	-0.00581139 	
0.47	0.0500909 	0.0116487 	-2.00637 	0.263721 	0.546405 	-0.00507111 	
0.475	0.0500936 	0.011479 	-2.00624 	0.263727 	0.546446 	-0.00506132 	
0.48	0.0500963 	0.0113078 	-2.00611 	0.263733 	0.546486 	-0.00505149 	
0.485	0.0500991 	0.0111349 	-2.00598 	0.26374 	0.546527 	-0.00504161 	
0.49	0.0501019 	0.0109606 	-2.00585 	0.263746 	0.546569 	-0.00503169 	
0.495	0.0502168 	0.0105572 	-2.00589 	0.263905 	0.548194 	-0.00436574 	
0.5	0.0502197 	0.0103797 	-2.00575 	0.263911 	0.548236 	-0.0043557 	
0.505	0.0502227 	0.0102007 	-2.00562 	0.263918 	0.548278 	-0.00434563 	
0.51	0.0502257 	0.0100202 	-2.00548 	0.263924 	0.54832 	-0.00433552 	
0.515	0.0502288 	0.0098382 	-2.00534 	0.263931 	0.548363 	-0.00432537 	
0.52	0.0503482 	0.00942049 	-2.00538 	0.2641 	0.550035 	-0.00363879 	
0.525	0.0503514 	0.00923544 	-2.00524 	0.264107 	0.550078 	-0.00362855 	
0.53	0.0503546 	0.00904892 	-2.0051 	0.264114 	0.550122 	-0.00361827 	
0.535	0.0503579 	0.00886092 	-2.00495 	0.264121 	0.550165 	-0.00360797 	
0.54	0.0503612 	0.00867145 	-2.00481 	0.264127 	0.55021 	-0.00359763 	
0.545	0.0504868 	0.00823653 	-2.00484 	0.264311 	0.551948 	-0.00288122 	
0.55	0.0504903 	0.00804408 	-2.0047 	0.264318 	0.551993 	-0.0028708 	
0.555	0.0504938 	0.00785022 	-2.00455 	0.264325 	0.552038 	-0.00286036 	
0.56	0.0504973 	0.00765492 	-2.0044 	0.264332 	0.552084 	-0.0028499 	
0.565	0.050501 	0.00745818 	-2.00425 	0.264339 	0.552129 	-0.00283942 	
0.57	0.050633 	0.00700611 	-2.00429 	0.264537 	0.553936 	-0.00209264 	
0.575	0.0506367 	0.00680648 	-2.00413 	0.264544 	0.553982 	-0.00208209 	
0.58	0.0506405 	0.00660547 	-2.00398 	0.264551 	0.554028 	-0.00207153 	
0.585	0.0506444 	0.00640306 	-2.00383 	0.264558 	0.554075 	-0.00206095 	
0.59	0.0506483 	0.00619926 	-2.00367 	0.264565 	0.554122 	-0.00205035 	
0.595	0.0507868 	0.00573044 	-2.00371 	0.264779 	0.555995 	-0.00127358 	
0.6	0.0507908 	0.00552383 	-2.00355 	0.264786 	0.556042 	-0.00126293 	
0.605	0.0507949 	0.00531589 	-2.00339 	0.264793 	0.55609 	-0.00125228 	
0.61	0.0507991 	0.00510658 	-2.00323 	0.264801 	0.556138 	-0.00124162 	
0.615	0.0509181 	0.00467283 	-2.00323 	0.264989 	0.557729 	-0.000581079 	
0.62	0.0509224 	0.0044608 	-2.00307 	0.264996 	0.557777 	-0.000570385 	
0.625	0.0509268 	0.00424746 	-2.0029 	0.265004 	0.557826 	-0.000559689 	
0.63	0.0509312 	0.00403279 	-2.00274 	0.265011 	0.557875 	-0.000548992 	
0.635	0.0510521 	0.00359242 	-2.00273 	0.265207 	0.559474 	0.000116548 	
0.64	0.0510567 	0.00337509 	-2.00257 	0.265214 	0.559523 	0.000127265 	
0.645	0.0510613 	0.0031565 	-2.0024 	0.265222 	0.559573 	0.000137979 	
0.65	0.051066 	0.00293662 	-2.00223 	0.265229 	0.559622 	0.000148686 	
0.655	0.0511909 	0.0024857 	-2.00223 	0.265435 	0.561258 	0.000831223 	
0.66	0.0511957 	0.00226324 	-2.00205 	0.265443 	0.561308 	0.000841939 	
0.665	0.0512006 	0.00203953 	-2.00188 	0.265451 	0.561358 	0.000852644 	
0.67	0.0512055 	0.00181458 	-2.00171 	0.265458 	0.561409 	0.000863337 	
0.675	0.0513347 	0.00135299 	-2.0017 	0.265675 	0.563082 	0.00156383 	
0.68	0.0513398 	0.00112552 	-2.00153 	0.265683 	0.563133 	0.00157452 	
0.685	0.0513449 	0.00089685 	-2.00135 	0.265691 	0.563184 	0.00158519 	
0.69	0.0513502 	0.00066697 	-2.00117 	0.265699 	0.563235 	0.00159584 	
0.695	0.0514836 	0.000194951 	-2.00116 	0.265927 	0.564945 	0.00231413 	
0.7	0.051489 	-3.73689e-05 	-2.00098 	0.265935 	0.564997 	0.00232477 	
0.705	0.0514944 	-0.000270846 	-2.0008 	0.265943 	0.565048 	0.00233538 	
0.71	0.0514999 	-0.0005055 	-2.00062 	0.265951 	0.5651 	0.00234597 	
0.715	0.0516377 	-0.000987654 	-2.00061 	0.266192 	0.566846 	0.00308176 	
0.72	0.0516433 	-0.00122467 	-2.00043 	0.2662 	0.566898 	0.00309232 	
0.725	0.0516491 	-0.00146281 	-2.00024 	0.266208 	0.566951 	0.00310285 	
0.73	0.0516549 	-0.00170208 	-2.00006 	0.266216 	0.567003 	0.00311335 	
0.735	0.0517969 	-0.00219406 	-2.00005 	0.266469 	0.568784 	0.00386634 	
0.74	0.0518029 	-0.00243562 	-1.99986 	0.266477 	0.568837 	0.0038768 	
0.745	0.0518089 	-0.00267826 	-1.99967 	0.266485 	0.56889 	0.00388723 	
0.75	0.051815 	-0.00292199 	-1.99948 	0.266493 	0.568943 	0.00389761 	
0.755	0.0519613 	-0.0034235 	-1.99947 	0.266759 	0.570757 	0.00466748 	
0.76	0.0519676 	-0.00366943 	-1.99927 	0.266767 	0.570811 	0.00467782 	
0.765	0.0519739 	-0.00391641 	-1.99908 	0.266775 	0.570864 	0.00468811 	
0.77	0.0519804 	-0.00416444 	-1.99889 	0.266783 	0.570918 	0.00469836 	
0.775	0.052131 	-0.00467515 	-1.99887 	0.267062 	0.572764 	0.00548478 	
0.78	0.0521376 	-0.00492531 	-1.99868 	0.26707 	0.572818 	0.00549497 	
0.785	0.0521442 	-0.00517646 	-1.99848 	0.267078 	0.572872 	0.00550511 	
0.79	0.052151 	-0.00542863 	-1.99828 	0.267086 	0.572926 	0.0055152 	
0.795	0.0523059 	-0.00594821 	-1.99827 	0.267378 	0.574803 	0.00631784 	
0.8	0.0523128 	-0.00620242 	-1.99807 	0.267386 	0.574858 	0.00632786 	
0.805	0.0523197 	-0.00645759 	-1.99787 	0.267394 	0.574912 	0.00633782 	
0.81	0.0523268 	-0.00671372 	-1.99767 	0.267403 	0.574967 	0.00634773 	
0.815	0.052486 	-0.00724185 	-1.99765 	0.267707 	0.576874 	0.00716624 	
0.82	0.0524932 	-0.00749995 	-1.99745 	0.267716 	0.576929 	0.00717606 	
0.825	0.0525005 	-0.00775896 	-1.99724 	0.267724 	0.576983 	0.00718582 	
0.83	0.0525079 	-0.00801889 	-1.99704 	0.267733 	0.577038 	0.00719552 	
0.835	0.0526714 	-0.00855522 	-1.99702 	0.268051 	0.578974 	0.00802954 	
0.84	0.052679 	-0.00881704 	-1.99681 	0.268059 	0.579029 	0.00803915 	
0.845	0.0526866 	-0.00907972 	-1.99661 	0.268068 	0.579084 	0.00804869 	
0.85	0.0526943 	-0.00934329 	-1.9964 	0.268076 	0.579139 	0.00805816 	
0.855	0.0528621 	-0.00988747 	-1.99638 	0.268408 	0.581102 	0.00890733 	
0.86	0.0528699 	-0.0101528 	-1.99617 	0.268417 	0.581157 	0.00891669 	
0.865	0.0528779 	-0.010419 	-1.99596 	0.268425 	0.581212 	0.00892599 	
0.87	0.0528859 	-0.010686 	-1.99575 	0.268434 	0.581268 	0.00893521 	
0.875	0.053058 	-0.0112377 	-1.99572 	0.26878 	0.583256 	0.00979915 	
0.88	0.0530662 	-0.0115065 	-1.99551 	0.268788 	0.583311 	0.00980826 	
0.885	0.0530744 	-0.011776 	-1.9953 	0.268797 	0.583367 	0.00981729 	
0.89	0.0532126 	-0.0122688 	-1.99523 	0.269077 	0.584937 	0.0104987 	
0.895	0.053221 	-0.01254 	-1.99501 	0.269085 	0.584992 	0.0105076 	
0.9	0.0532295 	-0.0128118 	-1.9948 	0.269094 	0.585048 	0.0105165 	
0.905	0.0532381 	-0.0130845 	-1.99458 	0.269102 	0.585104 	0.0105252 	
0.91	0.0534138 	-0.013642 	-1.99455 	0.269465 	0.58709 	0.0113945 	
0.915	0.0534226 	-0.0139163 	-1.99433 	0.269474 	0.587146 	0.0114031 	
0.92	0.0534314 	-0.0141912 	-1.99411 	0.269482 	0.587202 	0.0114116 	
0.925	0.053575 	-0.0146937 	-1.99404 	0.269781 	0.588798 	0.0121098 	
0.93	0.053584 	-0.01497 	-1.99382 	0.269789 	0.588854 	0.0121182 	
0.935	0.0535931 	-0.0152471 	-1.9936 	0.269798 	0.588909 	0.0121265 	
0.94	0.0537356 	-0.0157477 	-1.99352 	0.270097 	0.590477 	0.012814 	
0.945	0.0537449 	-0.0160262 	-1.9933 	0.270106 	0.590533 	0.0128221 	
0.95	0.0537542 	-0.0163053 	-1.99307 	0.270114 	0.590589 	0.0128302 	
0.955	0.0538987 	-0.0168092 	-1.99299 	0.270421 	0.592164 	0.0135231 	
0.96	0.0539082 	-0.0170896 	-1.99277 	0.270429 	0.592219 	0.013531 	
0.965	0.0539178 	-0.0173706 	-1.99254 	0.270438 	0.592275 	0.0135388 	
0.97	0.0540647 	-0.0178782 	-1.99246 	0.270753 	0.59386 	0.0142387 	
0.975	0.0540744 	-0.0181605 	-1.99223 	0.270761 	0.593916 	0.0142463 	
0.98	0.0540843 	-0.0184433 	-1.99201 	0.270769 	0.593972 	0.0142538 	
0.985	0.0542335 	-0.0189543 	-1.99192 	0.271093 	0.595567 	0.0149606 	
0.99	0.0542435 	-0.0192384 	-1.9917 	0.271101 	0.595622 	0.0149679 	
0.995	0.0542536 	-0.019523 	-1.99147 	0.271109 	0.595678 	0.0149751 	
1	0.0544051 	-0.0200373 	-1.99138 	0.271441 	0.597282 	0.0156886 	
1.005	0.0544154 	-0.020323 	-1.99115 	0.271449 	0.597338 	0.0156956 	
1.01	0.0544258 	-0.0206092 	-1.99092 	0.271458 	0.597394 	0.0157026 	
1.015	0.0545796 	-0.0211266 	-1.99083 	0.271798 	0.599007 	0.0164226 	
1.02	0.0545901 	-0.0214139 	-1.9906 	0.271806 	0.599062 	0.0164293 	
1.025	0.0546007 	-0.0217016 	-1.99037 	0.271814 	0.599117 	0.016436 	
1.03	0.0547568 	-0.0222219 	-1.99028 	0.272163 	0.600739 	0.0171622 	
1.035	0.0547676 	-0.0225106 	-1.99004 	0.272171 	0.600794 	0.0171687 	
1.04	0.0547784 	-0.0227998 	-1.98981 	0.272179 	0.600849 	0.0171751 	
1.045	0.0549368 	-0.0233228 	-1.98972 	0.272536 	0.602478 	0.0179074 	
1.05	0.0549478 	-0.0236129 	-1.98948 	0.272544 	0.602533 	0.0179136 	
1.055	0.0549589 	-0.0239033 	-1.98925 	0.272552 	0.602588 	0.0179196 	
1.06	0.0551195 	-0.0244289 	-1.98915 	0.272917 	0.604223 	0.0186579 	
1.065	0.0551307 	-0.0247202 	-1.98892 	0.272925 	0.604278 	0.0186637 	
1.07	0.0551421 	-0.0250119 	-1.98868 	0.272933 	0.604333 	0.0186695 	
1.075	0.0553048 	-0.0255397 	-1.98859 	0.273307 	0.605975 	0.0194134 	
1.08	0.0553163 	-0.0258322 	-1.98835 	0.273315 	0.60603 	0.0194189 	
1.085	0.0553279 	-0.0261249 	-1.98811 	0.273323 	0.606084 	0.0194243 	
1.09	0.0554928 	-0.0266549 	-1.98801 	0.273704 	0.607731 	0.0201738 	
1.095	0.0555046 	-0.0269484 	-1.98777 	0.273712 	0.607786 	0.020179 	
1.1	0.0555164 	-0.0272422 	-1.98753 	0.27372 	0.60784 	0.020184 	
1.105	0.0556835 	-0.0277741 	-1.98743 	0.27411 	0.609492 	0.0209387 	
1.11	0.0556954 	-0.0280685 	-1.98719 	0.274118 	0.609547 	0.0209436 	
1.115	0.0557075 	-0.0283631 	-1.98695 	0.274126 	0.609601 	0.0209483 	
1.12	0.0558766 	-0.0288968 	-1.98685 	0.274524 	0.611257 	0.021708 	
1.125	0.0558888 	-0.029192 	-1.98661 	0.274532 	0.611311 	0.0217125 	
1.13	0.0559012 	-0.0294874 	-1.98637 	0.27454 	0.611365 	0.0217169 	
1.135	0.0560723 	-0.0300226 	-1.98627 	0.274946 	0.613025 	0.0224815 	
1.14	0.0560847 	-0.0303185 	-1.98602 	0.274954 	0.613079 	0.0224856 	
1.145	0.0560973 	-0.0306146 	-1.98578 	0.274961 	0.613132 	0.0224897 	
1.15	0.0562704 	-0.0311511 	-1.98568 	0.275376 	0.614795 	0.0232588 	
1.155	0.0562831 	-0.0314477 	-1.98543 	0.275383 	0.614849 	0.0232626 	
1.16	0.0562959 	-0.0317443 	-1.98519 	0.275391 	0.614902 	0.0232663 	
1.165	0.056471 	-0.032282 	-1.98508 	0.275813 	0.616567 	0.0240397 	
1.17	0.0564839 	-0.032579 	-1.98484 	0.275821 	0.61662 	0.0240432 	
1.175	0.0564969 	-0.0328761 	-1.98459 	0.275828 	0.616673 	0.0240466 	
1.18	0.0566739 	-0.0334147 	-1.98448 	0.276259 	0.618341 	0.0248241 	
1.185	0.056687 	-0.0337121 	-1.98424 	0.276266 	0.618393 	0.0248272 	
1.19	0.0567002 	-0.0340096 	-1.98399 	0.276273 	0.618445 	0.0248302 	
1.195	0.056879 	-0.0345489 	-1.98388 	0.276711 	0.620114 	0.0256116 	
1.2	0.0568924 	-0.0348466 	-1.98364 	0.276719 	0.620166 	0.0256144 	
1.205	0.0569058 	-0.0351443 	-1.98339 	0.276726 	0.620218 	0.025617 	
1.21	0.0570865 	-0.0356841 	-1.98328 	0.277172 	0.621887 	0.0264021 	
1.215	0.0571 	-0.035982 	-1.98303 	0.277179 	0.621939 	0.0264045 	
1.22	0.0571137 	-0.0362798 	-1.98278 	0.277186 	0.62199 	0.0264067 	
1.225	0.0572961 	-0.03682 	-1.98267 	0.277639 	0.62366 	0.0271951 	
1.23	0.0573098 	-0.0371179 	-1.98242 	0.277647 	0.623711 	0.0271972 	
1.235	0.0573237 	-0.0374158 	-1.98218 	0.277654 	0.623762 	0.0271991 	
1.24	0.0575077 	-0.0379561 	-1.98206 	0.278114 	0.62543 	0.0279906 	
1.245	0.0575217 	-0.038254 	-1.98181 	0.278121 	0.625481 	0.0279923 	
1.25	0.0575358 	-0.0385518 	-1.98157 	0.278128 	0.625531 	0.0279938 	
1.255	0.0577215 	-0.039092 	-1.98145 	0.278596 	0.627199 	0.0287882 	
1.26	0.0577356 	-0.0393897 	-1.9812 	0.278603 	0.627249 	0.0287895 	
1.265	0.0577499 	-0.0396874 	-1.98095 	0.27861 	0.627299 	0.0287907 	
1.27	0.0579371 	-0.0402273 	-1.98084 	0.279085 	0.628964 	0.0295877 	
1.275	0.0579515 	-0.0405248 	-1.98059 	0.279092 	0.629014 	0.0295886 	
1.28	0.0579659 	-0.0408221 	-1.98034 	0.279099 	0.629063 	0.0295895 	
1.285	0.0581547 	-0.0413616 	-1.98022 	0.279581 	0.630726 	0.0303888 	
1.29	0.0581692 	-0.0416587 	-1.97997 	0.279588 	0.630775 	0.0303894 	
1.295	0.0581839 	-0.0419557 	-1.97972 	0.279594 	0.630824 	0.0303898 	
1.3	0.0583741 	-0.0424945 	-1.9796 	0.280083 	0.632484 	0.0311912 	
1.305	0.0583888 	-0.0427911 	-1.97935 	0.28009 	0.632532 	0.0311914 	
1.31	0.0584036 	-0.0430876 	-1.9791 	0.280096 	0.632581 	0.0311915 	
1.315	0.0585952 	-0.0436255 	-1.97898 	0.280592 	0.634237 	0.0319948 	
1.32	0.05861 	-0.0439216 	-1.97873 	0.280598 	0.634285 	0.0319946 	
1.325	0.058625 	-0.0442174 	-1.97848 	0.280605 	0.634333 	0.0319943 	
1.33	0.0588179 	-0.0447543 	-1.97836 	0.281107 	0.635984 	0.0327991 	
1.335	0.0588329 	-0.0450497 	-1.97811 	0.281113 	0.636032 	0.0327986 	
1.34	0.0588481 	-0.0453448 	-1.97786 	0.281119 	0.636079 	0.0327979 	
1.345	0.0590422 	-0.0458805 	-1.97774 	0.281628 	0.637725 	0.0336039 	
1.35	0.0590574 	-0.0461751 	-1.97749 	0.281634 	0.637772 	0.0336031 	
1.355	0.0590727 	-0.0464694 	-1.97724 	0.28164 	0.637819 	0.0336021 	
1.36	0.0592679 	-0.0470035 	-1.97712 	0.282154 	0.63946 	0.0344091 	
1.365	0.0592833 	-0.0472973 	-1.97687 	0.28216 	0.639506 	0.0344078 	
1.37	0.0592987 	-0.0475907 	-1.97662 	0.282166 	0.639552 	0.0344064 	
1.375	0.059495 	-0.0481231 	-1.97649 	0.282686 	0.641187 	0.0352141 	
1.38	0.0595106 	-0.0484159 	-1.97624 	0.282692 	0.641233 	0.0352125 	
1.385	0.0595261 	-0.0487083 	-1.97599 	0.282698 	0.641278 	0.0352108 	
1.39	0.0597235 	-0.0492389 	-1.97587 	0.283224 	0.642906 	0.0360189 	
1.395	0.0597391 	-0.0495305 	-1.97562 	0.283229 	0.642951 	0.036017 	
1.4	0.0597548 	-0.0498218 	-1.97537 	0.283235 	0.642996 	0.0360149 	
1.405	0.059953 	-0.0503504 	-1.97524 	0.283766 	0.644617 	0.0368231 	
1.41	0.0599688 	-0.0506408 	-1.97499 	0.283772 	0.644661 	0.0368208 	
1.415	0.0599847 	-0.0509309 	-1.97475 	0.283777 	0.644705 	0.0368184 	
1.42	0.0601837 	-0.0514572 	-1.97462 	0.284314 	0.646318 	0.0376264 	
1.425	0.0601996 	-0.0517464 	-1.97437 	0.284319 	0.646362 	0.0376238 	
1.43	0.0602156 	-0.0520351 	-1.97412 	0.284324 	0.646405 	0.037621 	
1.435	0.0604154 	-0.052559 	-1.97399 	0.284866 	0.64801 	0.0384286 	
1.44	0.0604314 	-0.0528468 	-1.97375 	0.284871 	0.648053 	0.0384256 	
1.445	0.0604474 	-0.053134 	-1.9735 	0.284876 	0.648096 	0.0384225 	
1.45	0.0606479 	-0.0536553 	-1.97337 	0.285422 	0.649691 	0.0392293 	
1.455	0.060664 	-0.0539416 	-1.97312 	0.285427 	0.649733 	0.039226 	
1.46	0.0606802 	-0.0542273 	-1.97288 	0.285432 	0.649776 	0.0392226 	
1.465	0.0608812 	-0.0547458 	-1.97275 	0.285982 	0.651361 	0.0400283 	
1.47	0.0608974 	-0.0550305 	-1.9725 	0.285987 	0.651403 	0.0400246 	
1.475	0.0609137 	-0.0553146 	-1.97226 	0.285992 	0.651445 	0.0400209 	
1.48	0.0611152 	-0.0558301 	-1.97212 	0.286546 	0.65302 	0.0408252 	
1.485	0.0611315 	-0.0561131 	-1.97188 	0.286551 	0.653061 	0.0408213 	
1.49	0.0611478 	-0.0563955 	-1.97164 	0.286556 	0.653102 	0.0408172 	
1.495	0.0613497 	-0.0569078 	-1.9715 	0.287113 	0.654667 	0.0416198 	
1.5	0.0613661 	-0.057189 	-1.97126 	0.287118 	0.654707 	0.0416155 	
1.505	0.0613825 	-0.0574695 	-1.97102 	0.287123 	0.654747 	0.0416112 	
1.51	0.0615847 	-0.0579785 	-1.97088 	0.287684 	0.656301 	0.0424118 	
1.515	0.0616011 	-0.0582578 	-1.97064 	0.287688 	0.656341 	0.0424072 	
1.52	0.0616176 	-0.0585364 	-1.9704 	0.287693 	0.65638 	0.0424025 	
1.525	0.06182 	-0.0590418 	-1.97027 	0.288257 	0.657922 	0.0432008 	
1.53	0.0618364 	-0.0593191 	-1.97003 	0.288262 	0.657961 	0.043196 	
1.535	0.061853 	-0.0595958 	-1.96979 	0.288266 	0.658 	0.043191 	
1.54	0.0620555 	-0.0600974 	-1.96965 	0.288833 	0.659529 	0.0439867 	
1.545	0.062072 	-0.0603727 	-1.96941 	0.288837 	0.659567 	0.0439815 	
1.55	0.0620885 	-0.0606472 	-1.96917 	0.288841 	0.659605 	0.0439762 	
1.555	0.0622911 	-0.061145 	-1.96904 	0.289411 	0.661122 	0.044769 	
1.56	0.0623076 	-0.061418 	-1.9688 	0.289415 	0.661159 	0.0447635 	
1.565	0.0623242 	-0.0616904 	-1.96856 	0.289419 	0.661197 	0.044758 	
1.57	0.0625266 	-0.062184 	-1.96843 	0.289991 	0.6627 	0.0455474 	
1.575	0.0625432 	-0.0624549 	-1.96819 	0.289995 	0.662737 	0.0455417 	
1.58	0.0625598 	-0.0627249 	-1.96795 	0.289999 	0.662774 	0.0455359 	
1.585	0.0627621 	-0.0632143 	-1.96782 	0.290573 	0.664263 	0.0463217 	
1.59	0.0627787 	-0.0634828 	-1.96759 	0.290576 	0.664299 	0.0463158 	
1.595	0.0627953 	-0.0637504 	-1.96735 	0.29058 	0.664335 	0.0463097 	
1.6	0.0629972 	-0.0642354 	-1.96722 	0.291155 	0.66581 	0.0470916 	
1.605	0.0630138 	-0.0645014 	-1.96698 	0.291159 	0.665846 	0.0470854 	
1.61	0.0630304 	-0.0647665 	-1.96675 	0.291162 	0.665881 	0.0470791 	
1.615	0.063232 	-0.065247 	-1.96661 	0.291739 	0.667341 	0.0478568 	
1.62	0.0632485 	-0.0655104 	-1.96638 	0.291742 	0.667376 	0.0478503 	
1.625	0.0632652 	-0.065773 	-1.96615 	0.291746 	0.66741 	0.0478437 	
1.63	0.0632818 	-0.0660347 	-1.96592 	0.291749 	0.667445 	0.0478371 	
1.635	0.0635378 	-0.0665732 	-1.96582 	0.292498 	0.669309 	0.0488425 	
1.64	0.0635544 	-0.0668332 	-1.96559 	0.292501 	0.669343 	0.0488357 	
1.645	0.063571 	-0.0670922 	-1.96536 	0.292504 	0.669377 	0.0488288 	
1.65	0.0637768 	-0.0675677 	-1.96523 	0.2931 	0.670843 	0.0496193 	
1.655	0.0637934 	-0.0678248 	-1.965 	0.293103 	0.670876 	0.0496122 	
1.66	0.0638099 	-0.0680811 	-1.96477 	0.293106 	0.670909 	0.0496052 	
1.665	0.0638265 	-0.0683364 	-1.96455 	0.293108 	0.670941 	0.049598 	
1.67	0.064081 	-0.0688621 	-1.96444 	0.29386 	0.672761 	0.0505903 	
1.675	0.0640975 	-0.0691155 	-1.96422 	0.293863 	0.672794 	0.050583 	
1.68	0.064114 	-0.0693679 	-1.96399 	0.293865 	0.672825 	0.0505757 	
1.685	0.0641305 	-0.0696193 	-1.96377 	0.293868 	0.672857 	0.0505682 	
1.69	0.0643885 	-0.0701426 	-1.96367 	0.294634 	0.674686 	0.051572 	
1.695	0.0644049 	-0.070392 	-1.96344 	0.294637 	0.674717 	0.0515645 	
1.7	0.0644213 	-0.0706404 	-1.96322 	0.29464 	0.674748 	0.0515569 	
1.705	0.0644377 	-0.0708878 	-1.963 	0.294642 	0.674778 	0.0515492 	
1.71	0.0646945 	-0.0714032 	-1.9629 	0.295408 	0.67658 	0.0525442 	
1.715	0.0647108 	-0.0716485 	-1.96268 	0.295411 	0.67661 	0.0525364 	
1.72	0.0647271 	-0.0718928 	-1.96246 	0.295413 	0.67664 	0.0525286 	
1.725	0.0647434 	-0.072136 	-1.96225 	0.295416 	0.67667 	0.0525207 	
1.73	0.0649982 	-0.0726425 	-1.96214 	0.296179 	0.67844 	0.0535043 	
1.735	0.0650144 	-0.0728837 	-1.96193 	0.296182 	0.678469 	0.0534963 	
1.74	0.0650306 	-0.0731237 	-1.96171 	0.296184 	0.678498 	0.0534882 	
1.745	0.0650467 	-0.0733626 	-1.9615 	0.296186 	0.678527 	0.0534801 	
1.75	0.0652991 	-0.07386 	-1.9614 	0.296946 	0.680264 	0.0544512 	
1.755	0.0653152 	-0.0740967 	-1.96118 	0.296948 	0.680292 	0.054443 	
1.76	0.0653313 	-0.0743323 	-1.96097 	0.29695 	0.68032 	0.0544348 	
1.765	0.0653473 	-0.0745668 	-1.96076 	0.296952 	0.680348 	0.0544265 	
1.77	0.0655971 	-0.0750547 	-1.96066 	0.297708 	0.682051 	0.0553843 	
1.775	0.0656131 	-0.0752869 	-1.96045 	0.29771 	0.682079 	0.0553759 	
1.78	0.065629 	-0.075518 	-1.96024 	0.297711 	0.682106 	0.0553675 	
1.785	0.0656448 	-0.0757479 	-1.96004 	0.297713 	0.682133 	0.0553591 	
1.79	0.0658918 	-0.0762261 	-1.95993 	0.298463 	0.683801 	0.0563028 	
1.795	0.0659076 	-0.0764537 	-1.95973 	0.298465 	0.683828 	0.0562943 	
1.8	0.0659233 	-0.07668 	-1.95953 	0.298467 	0.683854 	0.0562858 	
1.805	0.065939 	-0.0769052 	-1.95933 	0.298468 	0.68388 	0.0562772 	
1.81	0.0661829 	-0.0773734 	-1.95922 	0.299212 	0.685513 	0.0572061 	
1.815	0.0661984 	-0.0775962 	-1.95902 	0.299213 	0.685538 	0.0571975 	
1.82	0.066214 	-0.0778177 	-1.95882 	0.299215 	0.685564 	0.0571888 	
1.825	0.0662295 	-0.078038 	-1.95862 	0.299216 	0.685589 	0.0571801 	
1.83	0.06647 	-0.0784959 	-1.95852 	0.299952 	0.687185 	0.0580934 	
1.835	0.0664854 	-0.0787138 	-1.95832 	0.299954 	0.68721 	0.0580846 	
1.84	0.0665007 	-0.0789304 	-1.95813 	0.299955 	0.687234 	0.0580759 	
1.845	0.066516 	-0.0791457 	-1.95794 	0.299956 	0.687258 	0.0580671 	
1.85	0.0667529 	-0.0795931 	-1.95783 	0.300684 	0.688817 	0.058964 	
1.855	0.066768 	-0.0798059 	-1.95764 	0.300686 	0.688841 	0.0589552 	
1.86	0.0667831 	-0.0800174 	-1.95745 	0.300687 	0.688864 	0.0589464 	
1.865	0.0667981 	-0.0802277 	-1.95726 	0.300688 	0.688888 	0.0589375 	
1.87	0.0670312 	-0.0806643 	-1.95716 	0.301406 	0.690408 	0.0598172 	
1.875	0.0670461 	-0.0808719 	-1.95697 	0.301407 	0.690431 	0.0598083 	
1.88	0.0670609 	-0.0810782 	-1.95678 	0.301408 	0.690454 	0.0597995 	
1.885	0.0670757 	-0.0812832 	-1.9566 	0.301409 	0.690476 	0.0597906 	
1.89	0.0673047 	-0.0817088 	-1.9565 	0.302118 	0.691958 	0.0606524 	
1.895	0.0673193 	-0.0819112 	-1.95632 	0.302119 	0.69198 	0.0606435 	
1.9	0.0673339 	-0.0821122 	-1.95613 	0.30212 	0.692002 	0.0606346 	
1.905	0.0673484 	-0.0823118 	-1.95595 	0.30212 	0.692023 	0.0606257 	
1.91	0.067573 	-0.0827262 	-1.95585 	0.302818 	0.693465 	0.0614688 	
1.915	0.0675874 	-0.0829231 	-1.95568 	0.302818 	0.693486 	0.0614599 	
1.92	0.0676016 	-0.0831187 	-1.9555 	0.302819 	0.693507 	0.061451 	
1.925	0.0676159 	-0.0833129 	-1.95532 	0.30282 	0.693528 	0.0614421 	
1.93	0.0678359 	-0.0837157 	-1.95522 	0.303505 	0.694929 	0.0622658 	
1.935	0.0678499 	-0.0839072 	-1.95505 	0.303506 	0.694949 	0.0622569 	
1.94	0.0678639 	-0.0840972 	-1.95488 	0.303506 	0.694969 	0.0622481 	
1.945	0.0678778 	-0.0842858 	-1.95471 	0.303507 	0.694989 	0.0622392 	
1.95	0.0678917 	-0.084473 	-1.95453 	0.303507 	0.695009 	0.0622304 	
1.955	0.0681511 	-0.0849076 	-1.95446 	0.304328 	0.696664 	0.0632129 	
1.96	0.0681648 	-0.085092 	-1.95429 	0.304328 	0.696683 	0.0632041 	
1.965	0.0681784 	-0.085275 	-1.95412 	0.304329 	0.696702 	0.0631953 	
1.97	0.0681919 	-0.0854565 	-1.95396 	0.304329 	0.696721 	0.0631865 	
1.975	0.0682053 	-0.0856365 	-1.95379 	0.30433 	0.69674 	0.0631777 	
1.98	0.0684616 	-0.086059 	-1.95372 	0.305144 	0.698361 	0.0641468 	
1.985	0.0684749 	-0.0862362 	-1.95356 	0.305144 	0.698379 	0.0641381 	
1.99	0.068488 	-0.0864119 	-1.9534 	0.305144 	0.698397 	0.0641294 	
1.995	0.0685011 	-0.0865861 	-1.95324 	0.305145 	0.698415 	0.0641207 	
2	0.0685141 	-0.0867589 	-1.95308 	0.305145 	0.698432 	0.0641121 	
2.005	0.0687625 	-0.0871645 	-1.95301 	0.305937 	0.69999 	0.0650489 	
2.01	0.0687753 	-0.0873343 	-1.95285 	0.305937 	0.700007 	0.0650403 	
2.015	0.068788 	-0.0875026 	-1.9527 	0.305938 	0.700024 	0.0650318 	
2.02	0.0688006 	-0.0876695 	-1.95254 	0.305938 	0.700041 	0.0650233 	
2.025	0.0688131 	-0.0878348 	-1.95239 	0.305938 	0.700058 	0.0650148 	
2.03	0.0690528 	-0.0882228 	-1.95232 	0.306705 	0.701548 	0.0659162 	
2.035	0.0690651 	-0.0883851 	-1.95217 	0.306705 	0.701564 	0.0659078 	
2.04	0.0690773 	-0.0885459 	-1.95202 	0.306705 	0.70158 	0.0658995 	
2.045	0.0690895 	-0.0887051 	-1.95188 	0.306705 	0.701596 	0.0658912 	
2.05	0.0691015 	-0.0888628 	-1.95173 	0.306705 	0.701612 	0.0658829 	
2.055	0.0693319 	-0.0892329 	-1.95166 	0.307444 	0.703033 	0.0667475 	
2.06	0.0693437 	-0.0893875 	-1.95152 	0.307444 	0.703049 	0.0667393 	
2.065	0.0693554 	-0.0895406 	-1.95138 	0.307444 	0.703064 	0.0667311 	
2.07	0.0693671 	-0.0896922 	-1.95124 	0.307444 	0.703078 	0.066723 	
2.075	0.0693786 	-0.0898422 	-1.9511 	0.307444 	0.703093 	0.066715 	
2.08	0.06939 	-0.0899906 	-1.95097 	0.307444 	0.703107 	0.0667069 	
2.085	0.069647 	-0.0903761 	-1.95091 	0.308278 	0.704691 	0.0676783 	
2.09	0.0696582 	-0.0905214 	-1.95078 	0.308278 	0.704705 	0.0676704 	
2.095	0.0696693 	-0.0906651 	-1.95065 	0.308278 	0.704719 	0.0676625 	
2.1	0.0696803 	-0.0908072 	-1.95052 	0.308278 	0.704732 	0.0676547 	
2.105	0.0696912 	-0.0909477 	-1.95039 	0.308278 	0.704746 	0.067647 	
2.11	0.069702 	-0.0910867 	-1.95026 	0.308278 	0.704759 	0.0676393 	
2.115	0.0699486 	-0.0914513 	-1.95021 	0.309082 	0.706267 	0.0685702 	
2.12	0.0699591 	-0.091587 	-1.95008 	0.309082 	0.70628 	0.0685626 	
2.125	0.0699695 	-0.0917212 	-1.94996 	0.309082 	0.706293 	0.0685551 	
2.13	0.0699799 	-0.0918537 	-1.94984 	0.309081 	0.706305 	0.0685477 	
2.135	0.0699901 	-0.0919846 	-1.94972 	0.309081 	0.706317 	0.0685403 	
2.14	0.0700002 	-0.0921138 	-1.9496 	0.309081 	0.70633 	0.068533 	
2.145	0.0702321 	-0.0924535 	-1.94955 	0.309839 	0.707736 	0.0694066 	
2.15	0.0702419 	-0.0925796 	-1.94944 	0.309839 	0.707748 	0.0693994 	
2.155	0.0702517 	-0.092704 	-1.94932 	0.309839 	0.70776 	0.0693923 	
2.16	0.0702613 	-0.0928267 	-1.94921 	0.309839 	0.707771 	0.0693852 	
2.165	0.0702708 	-0.0929478 	-1.94909 	0.309839 	0.707782 	0.0693783 	
2.17	0.0702802 	-0.0930673 	-1.94898 	0.309838 	0.707794 	0.0693714 	
2.175	0.0702895 	-0.0931851 	-1.94888 	0.309838 	0.707804 	0.0693646 	
2.18	0.070535 	-0.0935253 	-1.94884 	0.310648 	0.709289 	0.0702936 	
2.185	0.070544 	-0.0936398 	-1.94874 	0.310648 	0.7093 	0.070287 	
2.19	0.0705529 	-0.0937526 	-1.94863 	0.310647 	0.70931 	0.0702804 	
2.195	0.0705617 	-0.0938638 	-1.94853 	0.310647 	0.70932 	0.0702739 	
2.2	0.0705703 	-0.0939733 	-1.94843 	0.310647 	0.70933 	0.0702674 	
2.205	0.0705789 	-0.0940811 	-1.94833 	0.310647 	0.70934 	0.0702611 	
2.21	0.0705873 	-0.0941872 	-1.94823 	0.310646 	0.70935 	0.0702548 	
2.215	0.0708141 	-0.0944973 	-1.9482 	0.311397 	0.710712 	0.0711123 	
2.22	0.0708222 	-0.0946 	-1.9481 	0.311397 	0.710721 	0.0711062 	
2.225	0.0708303 	-0.0947011 	-1.94801 	0.311397 	0.71073 	0.0711002 	
2.23	0.0708382 	-0.0948005 	-1.94792 	0.311397 	0.710739 	0.0710943 	
2.235	0.070846 	-0.0948982 	-1.94783 	0.311396 	0.710748 	0.0710884 	
2.24	0.0708536 	-0.0949942 	-1.94774 	0.311396 	0.710757 	0.0710826 	
2.245	0.0708611 	-0.0950884 	-1.94765 	0.311396 	0.710765 	0.071077 	
2.25	0.0708685 	-0.095181 	-1.94756 	0.311395 	0.710774 	0.0710714 	
2.255	0.0710958 	-0.0954774 	-1.94754 	0.312154 	0.712134 	0.0719339 	
2.26	0.0711029 	-0.0955666 	-1.94746 	0.312154 	0.712142 	0.0719285 	
2.265	0.0711099 	-0.095654 	-1.94738 	0.312153 	0.71215 	0.0719231 	
2.27	0.0711168 	-0.0957397 	-1.9473 	0.312153 	0.712157 	0.0719179 	
2.275	0.0711235 	-0.0958237 	-1.94722 	0.312153 	0.712165 	0.0719128 	
2.28	0.0711301 	-0.095906 	-1.94715 	0.312152 	0.712172 	0.0719077 	
2.285	0.0711366 	-0.0959866 	-1.94707 	0.312152 	0.712179 	0.0719028 	
2.29	0.0711429 	-0.0960654 	-1.947 	0.312152 	0.712186 	0.071898 	
2.295	0.0711491 	-0.0961425 	-1.94693 	0.312152 	0.712193 	0.0718932 	
2.3	0.0711552 	-0.0962178 	-1.94686 	0.312151 	0.7122 	0.0718885 	
2.305	0.0713927 	-0.0965061 	-1.94686 	0.312952 	0.713619 	0.0727957 	
2.31	0.0713984 	-0.096578 	-1.94679 	0.312952 	0.713625 	0.0727913 	
2.315	0.0714041 	-0.0966481 	-1.94672 	0.312951 	0.713631 	0.0727869 	
2.32	0.0714096 	-0.0967165 	-1.94666 	0.312951 	0.713637 	0.0727827 	
2.325	0.071415 	-0.0967832 	-1.9466 	0.312951 	0.713643 	0.0727785 	
2.33	0.0714202 	-0.0968481 	-1.94654 	0.31295 	0.713649 	0.0727745 	
2.335	0.0714253 	-0.0969112 	-1.94648 	0.31295 	0.713654 	0.0727705 	
2.34	0.0714302 	-0.0969726 	-1.94642 	0.31295 	0.71366 	0.0727667 	
2.345	0.0714351 	-0.0970322 	-1.94637 	0.31295 	0.713665 	0.0727629 	
2.35	0.0714397 	-0.0970901 	-1.94631 	0.312949 	0.71367 	0.0727593 	
2.355	0.0714443 	-0.0971462 	-1.94626 	0.312949 	0.713675 	0.0727558 	
2.36	0.0714487 	-0.0972005 	-1.94621 	0.312949 	0.713679 	0.0727523 	
2.365	0.0714529 	-0.0972531 	-1.94616 	0.312949 	0.713684 	0.072749 	
2.37	0.071687 	-0.0975154 	-1.94618 	0.313746 	0.71508 	0.0736492 	
2.375	0.0716909 	-0.0975645 	-1.94613 	0.313746 	0.715084 	0.0736461 	
2.38	0.0716948 	-0.0976118 	-1.94609 	0.313745 	0.715088 	0.0736431 	
2.385	0.0716985 	-0.0976573 	-1.94605 	0.313745 	0.715092 	0.0736403 	
2.39	0.071702 	-0.097701 	-1.94601 	0.313745 	0.715096 	0.0736375 	
2.395	0.0717054 	-0.097743 	-1.94597 	0.313745 	0.7151 	0.0736348 	
2.4	0.0717087 	-0.0977832 	-1.94593 	0.313745 	0.715103 	0.0736323 	
2.405	0.0717115 	-0.0978181 	-1.9459 	0.313744 	0.715106 	0.07363 	
2.41	0.0717148 	-0.0978582 	-1.94586 	0.313744 	0.71511 	0.0736275 	
2.415	0.0717173 	-0.0978899 	-1.94583 	0.313744 	0.715112 	0.0736255 	
2.42	0.07172 	-0.0979229 	-1.9458 	0.313744 	0.715115 	0.0736234 	
2.425	0.0717226 	-0.0979543 	-1.94577 	0.313744 	0.715118 	0.0736213 	
2.43	0.071725 	-0.097984 	-1.94574 	0.313744 	0.71512 	0.0736195 	
2.435	0.0717273 	-0.0980119 	-1.94571 	0.313743 	0.715123 	0.0736177 	
2.44	0.0717294 	-0.0980381 	-1.94569 	0.313743 	0.715125 	0.073616 	
2.445	0.0717314 	-0.0980624 	-1.94567 	0.313743 	0.715127 	0.0736144 	
2.45	0.0717332 	-0.098085 	-1.94565 	0.313743 	0.715129 	0.073613 	
2.455	0.0717349 	-0.0981058 	-1.94563 	0.313743 	0.715131 	0.0736117 	
2.46	0.0717364 	-0.0981247 	-1.94561 	0.313743 	0.715132 	0.0736104 	
2.465	0.0717378 	-0.098142 	-1.94559 	0.313743 	0.715134 	0.0736093 	
2.47	0.0717391 	-0.0981574 	-1.94558 	0.313743 	0.715135 	0.0736083 	
2.475	0.0717402 	-0.098171 	-1.94557 	0.313743 	0.715136 	0.0736075 	
2.48	0.0717412 	-0.0981828 	-1.94556 	0.313743 	0.715137 	0.0736067 	
2.485	0.071742 	-0.0981929 	-1.94555 	0.313743 	0.715138 	0.0736061 	
2.49	0.0717427 	-0.0982011 	-1.94554 	0.313743 	0.715139 	0.0736055 	
2.495	0.0717432 	-0.0982076 	-1.94553 	0.313742 	0.71514 	0.0736051 	
2.5	0.0717436 	-0.0982123 	-1.94553 	0.313742 	0.71514 	0.0736048 	
2.505	0.0717436 	-0.0982123 	-1.94553 	0.313742 	0.71514 	0.0736048 	
2.51	0.0717439 	-0.098216 	-1.94552 	0.313742 	0.71514 	0.0736046 	
2.515	0.0717439 	-0.098216 	-1.94552 	0.313742 	0.71514 	0.0736046 	
2.52	0.0717439 	-0.098216 	-1.94552 	0.313742 	0.71514 	0.0736046 	
2.525	0.0717387 	-0.0982173 	-1.94552 	0.313743 	0.715135 	0.0736086 	
2.53	0.0717342 	-0.0982183 	-1.94551 	0.313743 	0.71513 	0.0736121 	
2.535	0.0717285 	-0.0982194 	-1.94551 	0.313743 	0.715124 	0.0736165 	
2.54	0.0717216 	-0.0982207 	-1.9455 	0.313744 	0.715116 	0.0736218 	
2.545	0.0717134 	-0.0982223 	-1.94549 	0.313744 	0.715107 	0.0736282 	
2.55	0.0717039 	-0.0982242 	-1.94548 	0.313745 	0.715097 	0.0736355 	
2.555	0.0716932 	-0.0982263 	-1.94547 	0.313745 	0.715085 	0.0736439 	
2.56	0.0716811 	-0.0982286 	-1.94546 	0.313746 	0.715072 	0.0736532 	
2.565	0.0716678 	-0.0982312 	-1.94544 	0.313746 	0.715058 	0.0736635 	
2.57	0.0716532 	-0.0982341 	-1.94543 	0.313747 	0.715042 	0.0736748 	
2.575	0.0716374 	-0.0982372 	-1.94541 	0.313748 	0.715025 	0.0736871 	
2.58	0.0716202 	-0.0982405 	-1.9454 	0.313749 	0.715007 	0.0737004 	
2.585	0.0716018 	-0.0982441 	-1.94538 	0.31375 	0.714987 	0.0737146 	
2.59	0.0715821 	-0.0982479 	-1.94536 	0.313751 	0.714965 	0.0737299 	
2.595	0.0715612 	-0.098252 	-1.94533 	0.313752 	0.714943 	0.0737461 	
2.6	0.0715389 	-0.0982564 	-1.94531 	0.313753 	0.714919 	0.0737634 	
2.605	0.0715154 	-0.098261 	-1.94529 	0.313754 	0.714893 	0.0737816 	
2.61	0.0714907 	-0.0982658 	-1.94526 	0.313756 	0.714866 	0.0738008 	
2.615	0.0714646 	-0.0982709 	-1.94523 	0.313757 	0.714838 	0.073821 	
2.62	0.0714346 	-0.0982768 	-1.9452 	0.313759 	0.714806 	0.0738442 	
2.625	0.0714085 	-0.0982819 	-1.94517 	0.31376 	0.714778 	0.0738645 	
2.63	0.0713759 	-0.0982882 	-1.94514 	0.313762 	0.714742 	0.0738897 	
2.635	0.0713447 	-0.0982943 	-1.94511 	0.313763 	0.714709 	0.0739139 	
2.64	0.0713122 	-0.0983007 	-1.94507 	0.313765 	0.714673 	0.073939 	
2.645	0.0712785 	-0.0983073 	-1.94504 	0.313767 	0.714637 	0.0739652 	
2.65	0.0712435 	-0.0983141 	-1.945 	0.313769 	0.714599 	0.0739923 	
2.655	0.0712073 	-0.0983212 	-1.94496 	0.313771 	0.71456 	0.0740203 	
2.66	0.0711698 	-0.0983286 	-1.94493 	0.313773 	0.714519 	0.0740494 	
2.665	0.0711311 	-0.0983362 	-1.94488 	0.313775 	0.714478 	0.0740794 	
2.67	0.0710911 	-0.098344 	-1.94484 	0.313777 	0.714434 	0.0741103 	
2.675	0.0710499 	-0.0983521 	-1.9448 	0.313779 	0.71439 	0.0741422 	
2.68	0.0710075 	-0.0983604 	-1.94476 	0.313781 	0.714344 	0.0741751 	
2.685	0.0709638 	-0.098369 	-1.94471 	0.313783 	0.714297 	0.074209 	
2.69	0.0709189 	-0.0983778 	-1.94466 	0.313786 	0.714248 	0.0742438 	
2.695	0.0708727 	-0.0983869 	-1.94461 	0.313788 	0.714198 	0.0742795 	
2.7	0.0708253 	-0.0983962 	-1.94457 	0.313791 	0.714147 	0.0743162 	
2.705	0.0707767 	-0.0984057 	-1.94451 	0.313793 	0.714094 	0.0743538 	
2.71	0.0707269 	-0.0984155 	-1.94446 	0.313796 	0.71404 	0.0743924 	
2.715	0.0706759 	-0.0984255 	-1.94441 	0.313799 	0.713985 	0.0744319 	
2.72	0.0706236 	-0.0984358 	-1.94435 	0.313801 	0.713929 	0.0744724 	
2.725	0.0705701 	-0.0984463 	-1.9443 	0.313804 	0.713871 	0.0745138 	
2.73	0.0705155 	-0.0984571 	-1.94424 	0.313807 	0.713812 	0.0745561 	
2.735	0.0704596 	-0.0984681 	-1.94418 	0.31381 	0.713751 	0.0745994 	
2.74	0.0704025 	-0.0984794 	-1.94412 	0.313813 	0.713689 	0.0746436 	
2.745	0.0703442 	-0.0984909 	-1.94406 	0.313816 	0.713626 	0.0746887 	
2.75	0.0702848 	-0.0985026 	-1.944 	0.313819 	0.713562 	0.0747348 	
2.755	0.0702241 	-0.0985146 	-1.94394 	0.313822 	0.713496 	0.0747817 	
2.76	0.0701622 	-0.0985268 	-1.94387 	0.313825 	0.713429 	0.0748296 	
2.765	0.0700992 	-0.0985393 	-1.94381 	0.313829 	0.713361 	0.0748784 	
2.77	0.070035 	-0.098552 	-1.94374 	0.313832 	0.713292 	0.0749281 	
2.775	0.0699696 	-0.0985649 	-1.94367 	0.313836 	0.713221 	0.0749787 	
2.78	0.0699031 	-0.0985781 	-1.9436 	0.313839 	0.713149 	0.0750302 	
2.785	0.0698457 	-0.0982947 	-1.94346 	0.314241 	0.711591 	0.0757216 	
2.79	0.0697768 	-0.0983085 	-1.94339 	0.314245 	0.711517 	0.0757749 	
2.795	0.0697067 	-0.0983224 	-1.94331 	0.314248 	0.711441 	0.075829 	
2.8	0.0696355 	-0.0983365 	-1.94324 	0.314252 	0.711364 	0.0758841 	
2.805	0.0695631 	-0.0983509 	-1.94316 	0.314256 	0.711285 	0.07594 	
2.81	0.0694896 	-0.0983655 	-1.94308 	0.314259 	0.711206 	0.0759968 	
2.815	0.0694149 	-0.0983804 	-1.94301 	0.314263 	0.711125 	0.0760545 	
2.82	0.0693392 	-0.0983955 	-1.94293 	0.314267 	0.711043 	0.076113 	
2.825	0.0692622 	-0.0984108 	-1.94285 	0.314271 	0.71096 	0.0761725 	
2.83	0.0691842 	-0.0984264 	-1.94276 	0.314275 	0.710875 	0.0762328 	
2.835	0.069105 	-0.0984422 	-1.94268 	0.314279 	0.710789 	0.0762939 	
2.84	0.0690247 	-0.0984582 	-1.9426 	0.314283 	0.710703 	0.0763559 	
2.845	0.0689433 	-0.0984745 	-1.94251 	0.314287 	0.710614 	0.0764188 	
2.85	0.0688609 	-0.098491 	-1.94243 	0.314291 	0.710525 	0.0764825 	
2.855	0.0686683 	-0.0982086 	-1.94226 	0.314155 	0.708764 	0.0765158 	
2.86	0.0685836 	-0.0982256 	-1.94217 	0.31416 	0.708672 	0.0765811 	
2.865	0.0684978 	-0.0982428 	-1.94208 	0.314164 	0.708579 	0.0766473 	
2.87	0.0684109 	-0.0982603 	-1.94199 	0.314168 	0.708485 	0.0767144 	
2.875	0.068323 	-0.098278 	-1.94189 	0.314173 	0.70839 	0.0767823 	
2.88	0.0682339 	-0.0982959 	-1.9418 	0.314177 	0.708293 	0.076851 	
2.885	0.0681438 	-0.0983141 	-1.94171 	0.314182 	0.708196 	0.0769205 	
2.89	0.0680527 	-0.0983324 	-1.94161 	0.314186 	0.708097 	0.0769908 	
2.895	0.0679604 	-0.098351 	-1.94151 	0.314191 	0.707997 	0.0770619 	
2.9	0.0678672 	-0.0983699 	-1.94141 	0.314195 	0.707896 	0.0771339 	
2.905	0.0677729 	-0.0983889 	-1.94132 	0.3142 	0.707794 	0.0772066 	
2.91	0.0676775 	-0.0984082 	-1.94122 	0.314205 	0.707691 	0.0772802 	
2.915	0.0674583 	-0.0981245 	-1.94103 	0.314013 	0.70587 	0.0772554 	
2.92	0.0673609 	-0.0981443 	-1.94093 	0.314017 	0.705765 	0.0773305 	
2.925	0.0672624 	-0.0981643 	-1.94082 	0.314022 	0.705658 	0.0774064 	
2.93	0.067163 	-0.0981845 	-1.94072 	0.314027 	0.70555 	0.077483 	
2.935	0.0670625 	-0.098205 	-1.94061 	0.314032 	0.705441 	0.0775604 	
2.94	0.066961 	-0.0982256 	-1.94051 	0.314037 	0.705332 	0.0776386 	
2.945	0.0668585 	-0.0982465 	-1.9404 	0.314042 	0.705221 	0.0777176 	
2.95	0.0667551 	-0.0982676 	-1.94029 	0.314047 	0.705108 	0.0777973 	
2.955	0.0666506 	-0.098289 	-1.94018 	0.314052 	0.704995 	0.0778777 	
2.96	0.0665452 	-0.0983105 	-1.94007 	0.314057 	0.704881 	0.0779589 	
2.965	0.0664388 	-0.0983322 	-1.93996 	0.314062 	0.704766 	0.0780408 	
2.97	0.066203 	-0.0980417 	-1.93975 	0.313858 	0.702872 	0.0780143 	
2.975	0.0660946 	-0.0980639 	-1.93964 	0.313863 	0.702755 	0.0780977 	
2.98	0.0659854 	-0.0980864 	-1.93952 	0.313868 	0.702636 	0.0781818 	
2.985	0.0658752 	-0.0981091 	-1.93941 	0.313873 	0.702517 	0.0782666 	
2.99	0.065764 	-0.098132 	-1.93929 	0.313878 	0.702396 	0.0783521 	
2.995	0.0656519 	-0.0981551 	-1.93917 	0.313884 	0.702275 	0.0784384 	
3	0.0655389 	-0.0981784 	-1.93905 	0.313889 	0.702152 	0.0785253 	
3.005	0.065425 	-0.0982019 	-1.93893 	0.313894 	0.702029 	0.0786129 	
3.01	0.0653102 	-0.0982256 	-1.93881 	0.3139 	0.701905 	0.0787012 	
3.015	0.0651945 	-0.0982495 	-1.93869 	0.313905 	0.701779 	0.0787902 	
3.02	0.0649487 	-0.0979616 	-1.93847 	0.3137 	0.699871 	0.07877 	
3.025	0.0648312 	-0.0979861 	-1.93835 	0.313705 	0.699744 	0.0788603 	
3.03	0.0647128 	-0.0980107 	-1.93822 	0.31371 	0.699616 	0.0789513 	
3.035	0.0645935 	-0.0980355 	-1.9381 	0.313716 	0.699486 	0.079043 	
3.04	0.0644734 	-0.0980605 	-1.93797 	0.313721 	0.699356 	0.0791353 	
3.045	0.0643524 	-0.0980858 	-1.93784 	0.313727 	0.699225 	0.0792282 	
3.05	0.0642306 	-0.0981112 	-1.93771 	0.313733 	0.699093 	0.0793218 	
3.055	0.064108 	-0.0981368 	-1.93759 	0.313738 	0.69896 	0.079416 	
3.06	0.0639845 	-0.0981626 	-1.93745 	0.313744 	0.698826 	0.0795109 	
3.065	0.0637344 	-0.0978867 	-1.93723 	0.313544 	0.696961 	0.0794998 	
3.07	0.0636093 	-0.0979131 	-1.9371 	0.31355 	0.696825 	0.0795958 	
3.075	0.0634833 	-0.0979395 	-1.93697 	0.313555 	0.696689 	0.0796925 	
3.08	0.0633565 	-0.0979662 	-1.93683 	0.313561 	0.696551 	0.0797898 	
3.085	0.063229 	-0.0979931 	-1.9367 	0.313567 	0.696413 	0.0798877 	
3.09	0.0631006 	-0.0980201 	-1.93656 	0.313572 	0.696274 	0.0799861 	
3.095	0.0629715 	-0.0980474 	-1.93642 	0.313578 	0.696134 	0.0800852 	
3.1	0.0628416 	-0.0980748 	-1.93629 	0.313584 	0.695993 	0.0801848 	
3.105	0.062711 	-0.0981024 	-1.93615 	0.31359 	0.695851 	0.080285 	
3.11	0.0624471 	-0.0978139 	-1.93591 	0.313379 	0.693889 	0.0802738 	
3.115	0.0623149 	-0.097842 	-1.93577 	0.313384 	0.693745 	0.0803751 	
3.12	0.062182 	-0.0978703 	-1.93563 	0.31339 	0.693601 	0.080477 	
3.125	0.0620484 	-0.0978987 	-1.93549 	0.313396 	0.693456 	0.0805794 	
3.13	0.061914 	-0.0979273 	-1.93535 	0.313402 	0.693311 	0.0806823 	
3.135	0.061779 	-0.0979561 	-1.9352 	0.313408 	0.693164 	0.0807858 	
3.14	0.0616432 	-0.0979851 	-1.93506 	0.313414 	0.693017 	0.0808898 	
3.145	0.0615068 	-0.0980143 	-1.93491 	0.31342 	0.692869 	0.0809943 	
3.15	0.0612442 	-0.097746 	-1.93468 	0.31322 	0.691001 	0.0809938 	
3.155	0.0611064 	-0.0977756 	-1.93453 	0.313226 	0.690852 	0.0810993 	
3.16	0.0609679 	-0.0978054 	-1.93438 	0.313232 	0.690701 	0.0812053 	
3.165	0.0608287 	-0.0978353 	-1.93423 	0.313238 	0.690551 	0.0813118 	
3.17	0.0606889 	-0.0978654 	-1.93408 	0.313244 	0.690399 	0.0814188 	
3.175	0.0605485 	-0.0978957 	-1.93393 	0.31325 	0.690247 	0.0815263 	
3.18	0.0604074 	-0.0979261 	-1.93378 	0.313256 	0.690094 	0.0816342 	
3.185	0.0602657 	-0.0979568 	-1.93363 	0.313262 	0.68994 	0.0817426 	
3.19	0.0599939 	-0.0976821 	-1.93338 	0.313055 	0.688014 	0.0817428 	
3.195	0.059851 	-0.0977131 	-1.93323 	0.313061 	0.687859 	0.0818521 	
3.2	0.0597074 	-0.0977443 	-1.93308 	0.313067 	0.687703 	0.0819618 	
3.205	0.0595633 	-0.0977756 	-1.93293 	0.313073 	0.687547 	0.082072 	
3.21	0.0594186 	-0.0978071 	-1.93277 	0.313079 	0.68739 	0.0821826 	
3.215	0.0592733 	-0.0978388 	-1.93262 	0.313085 	0.687232 	0.0822936 	
3.22	0.0591275 	-0.0978706 	-1.93246 	0.313091 	0.687074 	0.082405 	
3.225	0.0589811 	-0.0979026 	-1.9323 	0.313097 	0.686915 	0.0825169 	
3.23	0.0586999 	-0.09762 	-1.93205 	0.312883 	0.684923 	0.0825169 	
3.235	0.0585524 	-0.0976524 	-1.93189 	0.312889 	0.684763 	0.0826295 	
3.24	0.0584044 	-0.0976849 	-1.93173 	0.312895 	0.684602 	0.0827425 	
3.245	0.0582559 	-0.0977175 	-1.93157 	0.312901 	0.684441 	0.0828558 	
3.25	0.0581069 	-0.0977504 	-1.93141 	0.312906 	0.684279 	0.0829696 	
3.255	0.0579574 	-0.0977833 	-1.93125 	0.312912 	0.684117 	0.0830837 	
3.26	0.0578074 	-0.0978164 	-1.93109 	0.312918 	0.683954 	0.0831982 	
3.265	0.0575342 	-0.0975635 	-1.93083 	0.312723 	0.682118 	0.0832107 	
3.27	0.0573832 	-0.097597 	-1.93067 	0.312729 	0.681954 	0.0833259 	
3.275	0.0572317 	-0.0976305 	-1.93051 	0.312735 	0.68179 	0.0834413 	
3.28	0.0570799 	-0.0976643 	-1.93035 	0.312741 	0.681625 	0.0835571 	
3.285	0.0569275 	-0.0976982 	-1.93018 	0.312747 	0.681459 	0.0836732 	
3.29	0.0567748 	-0.0977322 	-1.93002 	0.312752 	0.681294 	0.0837897 	
3.295	0.0566216 	-0.0977663 	-1.92986 	0.312758 	0.681127 	0.0839064 	
3.3	0.0563438 	-0.0975125 	-1.9296 	0.31256 	0.67927 	0.0839203 	
3.305	0.0561898 	-0.097547 	-1.92943 	0.312566 	0.679103 	0.0840376 	
3.31	0.0560354 	-0.0975816 	-1.92926 	0.312572 	0.678936 	0.0841551 	
3.315	0.0558807 	-0.0976163 	-1.9291 	0.312578 	0.678768 	0.084273 	
3.32	0.0557255 	-0.0976512 	-1.92893 	0.312584 	0.678599 	0.0843911 	
3.325	0.05557 	-0.0976862 	-1.92876 	0.31259 	0.67843 	0.0845095 	
3.33	0.0554142 	-0.0977212 	-1.9286 	0.312595 	0.678261 	0.0846282 	
3.335	0.0551313 	-0.0974643 	-1.92833 	0.312393 	0.676371 	0.0846422 	
3.34	0.0549747 	-0.0974998 	-1.92816 	0.312399 	0.676201 	0.0847613 	
3.345	0.0548179 	-0.0975353 	-1.92799 	0.312404 	0.67603 	0.0848806 	
3.35	0.0546607 	-0.0975709 	-1.92782 	0.31241 	0.67586 	0.0850001 	
3.355	0.0545032 	-0.0976066 	-1.92765 	0.312416 	0.675689 	0.0851199 	
3.36	0.0543454 	-0.0976425 	-1.92748 	0.312422 	0.675517 	0.0852399 	
3.365	0.0541873 	-0.0976784 	-1.92731 	0.312428 	0.675345 	0.0853601 	
3.37	0.0539001 	-0.097419 	-1.92704 	0.312221 	0.673426 	0.0853741 	
3.375	0.0537415 	-0.0974552 	-1.92687 	0.312227 	0.673254 	0.0854946 	
3.38	0.0535826 	-0.0974916 	-1.9267 	0.312232 	0.673081 	0.0856153 	
3.385	0.0534235 	-0.097528 	-1.92652 	0.312238 	0.672908 	0.0857362 	
3.39	0.0532641 	-0.0975645 	-1.92635 	0.312244 	0.672735 	0.0858572 	
3.395	0.0531045 	-0.0976012 	-1.92618 	0.312249 	0.672562 	0.0859784 	
3.4	0.0529447 	-0.0976379 	-1.92601 	0.312255 	0.672388 	0.0860997 	
3.405	0.052654 	-0.0973766 	-1.92573 	0.312045 	0.670445 	0.0861137 	
3.41	0.0524938 	-0.0974137 	-1.92556 	0.312051 	0.670271 	0.0862353 	
3.415	0.0523334 	-0.0974507 	-1.92538 	0.312056 	0.670096 	0.086357 	
3.42	0.0521728 	-0.0974879 	-1.92521 	0.312062 	0.669922 	0.0864788 	
3.425	0.0520121 	-0.0975251 	-1.92503 	0.312067 	0.669747 	0.0866008 	
3.43	0.0518512 	-0.0975624 	-1.92486 	0.312073 	0.669572 	0.0867228 	
3.435	0.0516902 	-0.0975998 	-1.92469 	0.312078 	0.669397 	0.0868449 	
3.44	0.0513968 	-0.0973376 	-1.9244 	0.311866 	0.667436 	0.0868589 	
3.445	0.0512355 	-0.0973753 	-1.92423 	0.311871 	0.667261 	0.0869811 	
3.45	0.0510741 	-0.097413 	-1.92405 	0.311877 	0.667085 	0.0871034 	
3.455	0.0509125 	-0.0974507 	-1.92388 	0.311882 	0.66691 	0.0872258 	
3.46	0.0507509 	-0.0974885 	-1.9237 	0.311888 	0.666734 	0.0873483 	
3.465	0.0505892 	-0.0975264 	-1.92353 	0.311893 	0.666558 	0.0874708 	
3.47	0.0504275 	-0.0975643 	-1.92335 	0.311898 	0.666382 	0.0875933 	
3.475	0.0501324 	-0.0973021 	-1.92307 	0.311684 	0.664409 	0.0876071 	
3.48	0.0499705 	-0.0973403 	-1.92289 	0.311689 	0.664233 	0.0877297 	
3.485	0.0498085 	-0.0973785 	-1.92271 	0.311694 	0.664057 	0.0878523 	
3.49	0.0496465 	-0.0974167 	-1.92254 	0.311699 	0.663881 	0.0879749 	
3.495	0.0494845 	-0.097455 	-1.92236 	0.311705 	0.663705 	0.0880975 	
3.5	0.0493225 	-0.0974934 	-1.92219 	0.31171 	0.663529 	0.08822 	
3.505	0.0491605 	-0.0975317 	-1.92201 	0.311715 	0.663352 	0.0883426 	
3.51	0.0488646 	-0.0972703 	-1.92172 	0.311499 	0.661374 	0.0883563 	
3.515	0.0487026 	-0.0973089 	-1.92155 	0.311504 	0.661197 	0.0884788 	
3.52	0.0485406 	-0.0973474 	-1.92137 	0.311509 	0.661021 	0.0886012 	
3.525	0.0483786 	-0.0973861 	-1.92119 	0.311514 	0.660845 	0.0887236 	
3.53	0.0482167 	-0.0974247 	-1.92102 	0.311519 	0.660669 	0.088846 	
3.535	0.0480549 	-0.0974634 	-1.92084 	0.311524 	0.660493 	0.0889683 	
3.54	0.0478931 	-0.0975021 	-1.92066 	0.311529 	0.660317 	0.0890906 	
3.545	0.0475973 	-0.0972422 	-1.92037 	0.311312 	0.658338 	0.0891041 	
3.55	0.0474356 	-0.0972811 	-1.9202 	0.311317 	0.658162 	0.0892261 	
3.555	0.0472741 	-0.0973199 	-1.92002 	0.311322 	0.657987 	0.0893481 	
3.56	0.0471127 	-0.0973588 	-1.91984 	0.311327 	0.657811 	0.0894699 	
3.565	0.0469514 	-0.0973977 	-1.91967 	0.311332 	0.657635 	0.0895917 	
3.57	0.0467902 	-0.0974366 	-1.91949 	0.311336 	0.65746 	0.0897133 	
3.575	0.0466292 	-0.0974755 	-1.91931 	0.311341 	0.657285 	0.0898349 	
3.58	0.0463344 	-0.0972179 	-1.91903 	0.311124 	0.655313 	0.0898481 	
3.585	0.0461736 	-0.097257 	-1.91885 	0.311129 	0.655138 	0.0899694 	
