0	0.310429 	-0.173769 	0.537008 	0.180534 	-1.45468 	-0.24872 	
0.005	0.310429 	-0.173769 	0.537008 	0.180534 	-1.45468 	-0.24872 	
0.01	0.310429 	-0.173769 	0.537008 	0.180534 	-1.45468 	-0.24872 	
0.015	0.31043 	-0.173769 	0.537008 	0.180534 	-1.45468 	-0.24872 	
0.02	0.310431 	-0.173769 	0.537008 	0.180534 	-1.45468 	-0.24872 	
0.025	0.310433 	-0.173769 	0.537009 	0.180534 	-1.45468 	-0.24872 	
0.03	0.310435 	-0.173769 	0.537009 	0.180534 	-1.45468 	-0.24872 	
0.035	0.310438 	-0.173769 	0.53701 	0.180534 	-1.45468 	-0.24872 	
0.04	0.310441 	-0.173769 	0.53701 	0.180534 	-1.45468 	-0.24872 	
0.045	0.310445 	-0.173769 	0.537011 	0.180534 	-1.45468 	-0.24872 	
0.05	0.31045 	-0.173769 	0.537012 	0.180534 	-1.45468 	-0.24872 	
0.055	0.310455 	-0.17377 	0.537013 	0.180534 	-1.45468 	-0.24872 	
0.06	0.310461 	-0.17377 	0.537014 	0.180534 	-1.45468 	-0.24872 	
0.065	0.310467 	-0.17377 	0.537015 	0.180534 	-1.45468 	-0.24872 	
0.07	0.310473 	-0.17377 	0.537016 	0.180534 	-1.45468 	-0.24872 	
0.075	0.310481 	-0.17377 	0.537018 	0.180534 	-1.45468 	-0.24872 	
0.08	0.310488 	-0.17377 	0.537019 	0.180534 	-1.45468 	-0.24872 	
0.085	0.310497 	-0.17377 	0.537021 	0.180534 	-1.45468 	-0.24872 	
0.09	0.310505 	-0.173771 	0.537022 	0.180534 	-1.45468 	-0.24872 	
0.095	0.310516 	-0.173771 	0.537024 	0.180534 	-1.45468 	-0.24872 	
0.1	0.310526 	-0.173771 	0.537026 	0.180534 	-1.45468 	-0.24872 	
0.105	0.310536 	-0.173771 	0.537028 	0.180534 	-1.45468 	-0.24872 	
0.11	0.310547 	-0.173771 	0.53703 	0.180534 	-1.45468 	-0.24872 	
0.115	0.310559 	-0.173772 	0.537032 	0.180534 	-1.45468 	-0.24872 	
0.12	0.310571 	-0.173772 	0.537034 	0.180534 	-1.45468 	-0.24872 	
0.125	0.310583 	-0.173772 	0.537037 	0.180534 	-1.45468 	-0.24872 	
0.13	0.310597 	-0.173772 	0.537039 	0.180534 	-1.45468 	-0.24872 	
0.135	0.31061 	-0.173773 	0.537042 	0.180534 	-1.45468 	-0.24872 	
0.14	0.310624 	-0.173773 	0.537044 	0.180534 	-1.45468 	-0.24872 	
0.145	0.310639 	-0.173773 	0.537047 	0.180534 	-1.45468 	-0.24872 	
0.15	0.310654 	-0.173774 	0.53705 	0.180534 	-1.45468 	-0.24872 	
0.155	0.31067 	-0.173774 	0.537053 	0.180534 	-1.45468 	-0.24872 	
0.16	0.310687 	-0.173774 	0.537056 	0.180534 	-1.45468 	-0.24872 	
0.165	0.310641 	-0.173759 	0.53704 	0.178912 	-1.45354 	-0.246485 	
0.17	0.310658 	-0.173759 	0.537043 	0.178912 	-1.45354 	-0.246485 	
0.175	0.310676 	-0.17376 	0.537047 	0.178912 	-1.45354 	-0.246485 	
0.18	0.310695 	-0.17376 	0.53705 	0.178912 	-1.45354 	-0.246485 	
0.185	0.310714 	-0.17376 	0.537054 	0.178912 	-1.45354 	-0.246485 	
0.19	0.310733 	-0.173761 	0.537057 	0.178912 	-1.45354 	-0.246485 	
0.195	0.310753 	-0.173761 	0.537061 	0.178912 	-1.45354 	-0.246485 	
0.2	0.310774 	-0.173762 	0.537065 	0.178912 	-1.45354 	-0.246485 	
0.205	0.310795 	-0.173762 	0.537069 	0.178912 	-1.45354 	-0.246485 	
0.21	0.310816 	-0.173762 	0.537073 	0.178912 	-1.45354 	-0.246485 	
0.215	0.310839 	-0.173763 	0.537077 	0.178912 	-1.45354 	-0.246485 	
0.22	0.310861 	-0.173763 	0.537081 	0.178912 	-1.45354 	-0.246485 	
0.225	0.310823 	-0.173749 	0.537066 	0.177313 	-1.45242 	-0.244282 	
0.23	0.310846 	-0.173749 	0.537071 	0.177313 	-1.45242 	-0.244282 	
0.235	0.310871 	-0.173749 	0.537075 	0.177313 	-1.45242 	-0.244282 	
0.24	0.310895 	-0.17375 	0.53708 	0.177313 	-1.45242 	-0.244282 	
0.245	0.310921 	-0.17375 	0.537085 	0.177313 	-1.45242 	-0.244282 	
0.25	0.310946 	-0.173751 	0.537089 	0.177313 	-1.45242 	-0.244282 	
0.255	0.310973 	-0.173751 	0.537094 	0.177313 	-1.45242 	-0.244282 	
0.26	0.310999 	-0.173752 	0.537099 	0.177313 	-1.45242 	-0.244282 	
0.265	0.311027 	-0.173752 	0.537104 	0.177313 	-1.45242 	-0.244282 	
0.27	0.311054 	-0.173753 	0.537109 	0.177313 	-1.45242 	-0.244282 	
0.275	0.311017 	-0.173738 	0.537095 	0.175618 	-1.45123 	-0.241947 	
0.28	0.311046 	-0.173738 	0.5371 	0.175618 	-1.45123 	-0.241947 	
0.285	0.311076 	-0.173739 	0.537106 	0.175618 	-1.45123 	-0.241947 	
0.29	0.311105 	-0.173739 	0.537111 	0.175618 	-1.45123 	-0.241947 	
0.295	0.311136 	-0.17374 	0.537117 	0.175618 	-1.45123 	-0.241947 	
0.3	0.311167 	-0.17374 	0.537122 	0.175618 	-1.45123 	-0.241947 	
0.305	0.311198 	-0.173741 	0.537128 	0.175618 	-1.45123 	-0.241947 	
0.31	0.31123 	-0.173741 	0.537134 	0.175618 	-1.45123 	-0.241947 	
0.315	0.3112 	-0.173727 	0.537121 	0.174005 	-1.4501 	-0.239725 	
0.32	0.311233 	-0.173728 	0.537127 	0.174005 	-1.4501 	-0.239725 	
0.325	0.311266 	-0.173728 	0.537134 	0.174005 	-1.4501 	-0.239725 	
0.33	0.3113 	-0.173729 	0.53714 	0.174005 	-1.4501 	-0.239725 	
0.335	0.311334 	-0.173729 	0.537146 	0.174005 	-1.4501 	-0.239725 	
0.34	0.311369 	-0.17373 	0.537153 	0.174005 	-1.4501 	-0.239725 	
0.345	0.311404 	-0.17373 	0.537159 	0.174005 	-1.4501 	-0.239725 	
0.35	0.311379 	-0.173717 	0.537147 	0.172425 	-1.44899 	-0.237548 	
0.355	0.311416 	-0.173717 	0.537154 	0.172425 	-1.44899 	-0.237548 	
0.36	0.311452 	-0.173718 	0.537161 	0.172425 	-1.44899 	-0.237548 	
0.365	0.31149 	-0.173719 	0.537168 	0.172425 	-1.44899 	-0.237548 	
0.37	0.311527 	-0.173719 	0.537175 	0.172425 	-1.44899 	-0.237548 	
0.375	0.311566 	-0.17372 	0.537182 	0.172425 	-1.44899 	-0.237548 	
0.38	0.311604 	-0.17372 	0.537189 	0.172425 	-1.44899 	-0.237548 	
0.385	0.311577 	-0.173706 	0.537176 	0.170708 	-1.44779 	-0.235182 	
0.39	0.311617 	-0.173706 	0.537184 	0.170708 	-1.44779 	-0.235182 	
0.395	0.311657 	-0.173707 	0.537191 	0.170708 	-1.44779 	-0.235182 	
0.4	0.311698 	-0.173707 	0.537198 	0.170708 	-1.44779 	-0.235182 	
0.405	0.311739 	-0.173708 	0.537206 	0.170708 	-1.44779 	-0.235182 	
0.41	0.311781 	-0.173708 	0.537214 	0.170708 	-1.44779 	-0.235182 	
0.415	0.31176 	-0.173695 	0.537203 	0.169088 	-1.44665 	-0.232951 	
0.42	0.311803 	-0.173696 	0.537211 	0.169088 	-1.44665 	-0.232951 	
0.425	0.311846 	-0.173696 	0.537218 	0.169089 	-1.44665 	-0.232951 	
0.43	0.311889 	-0.173697 	0.537226 	0.169089 	-1.44665 	-0.232951 	
0.435	0.311933 	-0.173697 	0.537235 	0.169089 	-1.44665 	-0.232951 	
0.44	0.311978 	-0.173698 	0.537243 	0.169089 	-1.44665 	-0.232951 	
0.445	0.311956 	-0.173684 	0.537231 	0.16738 	-1.44546 	-0.230597 	
0.45	0.312002 	-0.173685 	0.53724 	0.16738 	-1.44546 	-0.230597 	
0.455	0.312047 	-0.173685 	0.537248 	0.16738 	-1.44546 	-0.230597 	
0.46	0.312094 	-0.173686 	0.537257 	0.16738 	-1.44546 	-0.230597 	
0.465	0.312141 	-0.173686 	0.537265 	0.16738 	-1.44546 	-0.230597 	
0.47	0.312188 	-0.173687 	0.537274 	0.16738 	-1.44546 	-0.230597 	
0.475	0.312165 	-0.173672 	0.537262 	0.165564 	-1.44418 	-0.228096 	
0.48	0.312213 	-0.173673 	0.537271 	0.165564 	-1.44418 	-0.228096 	
0.485	0.312262 	-0.173673 	0.537279 	0.165564 	-1.44418 	-0.228096 	
0.49	0.312311 	-0.173674 	0.537288 	0.165564 	-1.44418 	-0.228096 	
0.495	0.31236 	-0.173674 	0.537297 	0.165564 	-1.44418 	-0.228096 	
0.5	0.312347 	-0.173662 	0.537288 	0.163939 	-1.44304 	-0.225857 	
0.505	0.312397 	-0.173662 	0.537297 	0.163939 	-1.44304 	-0.225857 	
0.51	0.312448 	-0.173663 	0.537307 	0.163939 	-1.44304 	-0.225857 	
0.515	0.312499 	-0.173663 	0.537316 	0.163939 	-1.44304 	-0.225857 	
0.52	0.312551 	-0.173664 	0.537325 	0.163939 	-1.44304 	-0.225857 	
0.525	0.312538 	-0.173651 	0.537316 	0.162268 	-1.44187 	-0.223555 	
0.53	0.312591 	-0.173651 	0.537325 	0.162268 	-1.44187 	-0.223555 	
0.535	0.312643 	-0.173652 	0.537335 	0.162268 	-1.44187 	-0.223555 	
0.54	0.312697 	-0.173652 	0.537345 	0.162268 	-1.44187 	-0.223555 	
0.545	0.312751 	-0.173653 	0.537355 	0.162268 	-1.44187 	-0.223555 	
0.55	0.312737 	-0.17364 	0.537345 	0.16053 	-1.44065 	-0.22116 	
0.555	0.312792 	-0.17364 	0.537355 	0.16053 	-1.44065 	-0.22116 	
0.56	0.312847 	-0.17364 	0.537365 	0.16053 	-1.44065 	-0.22116 	
0.565	0.312902 	-0.173641 	0.537375 	0.16053 	-1.44065 	-0.22116 	
0.57	0.312958 	-0.173641 	0.537385 	0.16053 	-1.44065 	-0.22116 	
0.575	0.312944 	-0.173628 	0.537375 	0.158723 	-1.43939 	-0.21867 	
0.58	0.313001 	-0.173628 	0.537385 	0.158723 	-1.43939 	-0.21867 	
0.585	0.313058 	-0.173629 	0.537396 	0.158723 	-1.43939 	-0.21867 	
0.59	0.313116 	-0.173629 	0.537406 	0.158723 	-1.43939 	-0.21867 	
0.595	0.313174 	-0.173629 	0.537417 	0.158723 	-1.43939 	-0.21867 	
0.6	0.313159 	-0.173616 	0.537406 	0.156849 	-1.43807 	-0.216089 	
0.605	0.313218 	-0.173616 	0.537417 	0.156849 	-1.43807 	-0.216089 	
0.61	0.313277 	-0.173616 	0.537428 	0.156849 	-1.43807 	-0.216089 	
0.615	0.313336 	-0.173617 	0.537439 	0.156849 	-1.43807 	-0.216089 	
0.62	0.313335 	-0.173605 	0.537432 	0.155264 	-1.43696 	-0.213905 	
0.625	0.313395 	-0.173606 	0.537443 	0.155264 	-1.43696 	-0.213905 	
0.63	0.313456 	-0.173606 	0.537454 	0.155264 	-1.43696 	-0.213905 	
0.635	0.313517 	-0.173606 	0.537465 	0.155264 	-1.43696 	-0.213905 	
0.64	0.313516 	-0.173595 	0.537458 	0.153672 	-1.43585 	-0.211712 	
0.645	0.313578 	-0.173595 	0.537469 	0.153672 	-1.43585 	-0.211712 	
0.65	0.31364 	-0.173595 	0.537481 	0.153672 	-1.43585 	-0.211712 	
0.655	0.313703 	-0.173596 	0.537492 	0.153672 	-1.43585 	-0.211712 	
0.66	0.313702 	-0.173585 	0.537485 	0.152044 	-1.4347 	-0.209469 	
0.665	0.313766 	-0.173585 	0.537497 	0.152044 	-1.4347 	-0.209469 	
0.67	0.313829 	-0.173585 	0.537508 	0.152044 	-1.4347 	-0.209469 	
0.675	0.313893 	-0.173585 	0.53752 	0.152044 	-1.4347 	-0.209469 	
0.68	0.313893 	-0.173574 	0.537513 	0.150377 	-1.43353 	-0.207173 	
0.685	0.313958 	-0.173574 	0.537525 	0.150377 	-1.43353 	-0.207173 	
0.69	0.314023 	-0.173574 	0.537536 	0.150377 	-1.43353 	-0.207173 	
0.695	0.314088 	-0.173574 	0.537548 	0.150377 	-1.43353 	-0.207173 	
0.7	0.314088 	-0.173563 	0.537541 	0.148673 	-1.43234 	-0.204825 	
0.705	0.314154 	-0.173563 	0.537553 	0.148673 	-1.43234 	-0.204825 	
0.71	0.314221 	-0.173562 	0.537565 	0.148673 	-1.43234 	-0.204825 	
0.715	0.314288 	-0.173562 	0.537577 	0.148673 	-1.43234 	-0.204825 	
0.72	0.314287 	-0.173551 	0.53757 	0.146932 	-1.43112 	-0.202427 	
0.725	0.314354 	-0.173551 	0.537582 	0.146932 	-1.43112 	-0.202427 	
0.73	0.314422 	-0.173551 	0.537595 	0.146932 	-1.43112 	-0.202427 	
0.735	0.314491 	-0.173551 	0.537607 	0.146932 	-1.43112 	-0.202427 	
0.74	0.31449 	-0.17354 	0.5376 	0.145156 	-1.42987 	-0.199979 	
0.745	0.314559 	-0.17354 	0.537612 	0.145156 	-1.42987 	-0.199979 	
0.75	0.314628 	-0.173539 	0.537625 	0.145156 	-1.42987 	-0.199979 	
0.755	0.314698 	-0.173539 	0.537637 	0.145156 	-1.42987 	-0.199979 	
0.76	0.314697 	-0.173528 	0.53763 	0.143345 	-1.4286 	-0.197485 	
0.765	0.314767 	-0.173528 	0.537642 	0.143345 	-1.4286 	-0.197485 	
0.77	0.314837 	-0.173527 	0.537655 	0.143345 	-1.4286 	-0.197485 	
0.775	0.314908 	-0.173527 	0.537668 	0.143345 	-1.4286 	-0.197485 	
0.78	0.314907 	-0.173516 	0.53766 	0.141501 	-1.42731 	-0.194944 	
0.785	0.314979 	-0.173516 	0.537673 	0.141501 	-1.42731 	-0.194944 	
0.79	0.315051 	-0.173515 	0.537686 	0.141501 	-1.42731 	-0.194944 	
0.795	0.315123 	-0.173515 	0.537699 	0.141501 	-1.42731 	-0.194944 	
0.8	0.315122 	-0.173504 	0.537692 	0.139625 	-1.426 	-0.19236 	
0.805	0.315194 	-0.173503 	0.537705 	0.139625 	-1.426 	-0.19236 	
0.81	0.315267 	-0.173503 	0.537718 	0.139625 	-1.426 	-0.19236 	
0.815	0.315341 	-0.173502 	0.537731 	0.139625 	-1.426 	-0.19236 	
0.82	0.315339 	-0.173491 	0.537723 	0.137718 	-1.42466 	-0.189732 	
0.825	0.315413 	-0.173491 	0.537737 	0.137718 	-1.42466 	-0.189732 	
0.83	0.315488 	-0.17349 	0.53775 	0.137718 	-1.42466 	-0.189732 	
0.835	0.315562 	-0.17349 	0.537763 	0.137718 	-1.42466 	-0.189732 	
0.84	0.315561 	-0.173479 	0.537756 	0.135781 	-1.4233 	-0.187064 	
0.845	0.315636 	-0.173478 	0.537769 	0.135781 	-1.4233 	-0.187064 	
0.85	0.315711 	-0.173477 	0.537782 	0.135781 	-1.4233 	-0.187064 	
0.855	0.315787 	-0.173477 	0.537796 	0.135781 	-1.4233 	-0.187064 	
0.86	0.315785 	-0.173466 	0.537788 	0.133816 	-1.42192 	-0.184357 	
0.865	0.315861 	-0.173465 	0.537802 	0.133816 	-1.42192 	-0.184357 	
0.87	0.315938 	-0.173464 	0.537815 	0.133816 	-1.42192 	-0.184357 	
0.875	0.316014 	-0.173464 	0.537829 	0.133816 	-1.42192 	-0.184357 	
0.88	0.316013 	-0.173453 	0.537821 	0.131824 	-1.42053 	-0.181612 	
0.885	0.31609 	-0.173452 	0.537835 	0.131824 	-1.42053 	-0.181612 	
0.89	0.316167 	-0.173451 	0.537849 	0.131824 	-1.42053 	-0.181612 	
0.895	0.316183 	-0.173443 	0.537846 	0.130261 	-1.41943 	-0.179459 	
0.9	0.316261 	-0.173442 	0.53786 	0.130261 	-1.41943 	-0.179459 	
0.905	0.316339 	-0.173441 	0.537873 	0.130261 	-1.41943 	-0.179459 	
0.91	0.316418 	-0.17344 	0.537887 	0.130261 	-1.41943 	-0.179459 	
0.915	0.316418 	-0.17343 	0.53788 	0.12827 	-1.41803 	-0.176715 	
0.92	0.316496 	-0.173429 	0.537894 	0.12827 	-1.41803 	-0.176715 	
0.925	0.316575 	-0.173428 	0.537908 	0.12827 	-1.41803 	-0.176715 	
0.93	0.316592 	-0.17342 	0.537905 	0.126678 	-1.41692 	-0.174523 	
0.935	0.316671 	-0.173419 	0.537919 	0.126678 	-1.41692 	-0.174523 	
0.94	0.316751 	-0.173417 	0.537933 	0.126678 	-1.41692 	-0.174523 	
0.945	0.316769 	-0.17341 	0.537931 	0.125116 	-1.41582 	-0.172371 	
0.95	0.316849 	-0.173408 	0.537945 	0.125116 	-1.41582 	-0.172371 	
0.955	0.31693 	-0.173407 	0.537959 	0.125116 	-1.41582 	-0.172371 	
0.96	0.316948 	-0.173399 	0.537957 	0.123547 	-1.41472 	-0.170209 	
0.965	0.317029 	-0.173398 	0.537971 	0.123547 	-1.41472 	-0.170209 	
0.97	0.31711 	-0.173397 	0.537986 	0.123547 	-1.41472 	-0.170209 	
0.975	0.317129 	-0.173389 	0.537983 	0.121966 	-1.41361 	-0.168031 	
0.98	0.31721 	-0.173388 	0.537998 	0.121966 	-1.41361 	-0.168031 	
0.985	0.317292 	-0.173386 	0.538012 	0.121966 	-1.41361 	-0.168031 	
0.99	0.31731 	-0.173379 	0.53801 	0.120373 	-1.4125 	-0.165837 	
0.995	0.317392 	-0.173377 	0.538024 	0.120373 	-1.4125 	-0.165837 	
1	0.317474 	-0.173376 	0.538039 	0.120373 	-1.4125 	-0.165837 	
1.005	0.317493 	-0.173368 	0.538036 	0.118771 	-1.41137 	-0.163629 	
1.01	0.317576 	-0.173367 	0.538051 	0.118771 	-1.41137 	-0.163629 	
1.015	0.317658 	-0.173365 	0.538065 	0.118771 	-1.41137 	-0.163629 	
1.02	0.317677 	-0.173358 	0.538063 	0.117158 	-1.41024 	-0.161407 	
1.025	0.31776 	-0.173356 	0.538078 	0.117158 	-1.41024 	-0.161407 	
1.03	0.317843 	-0.173354 	0.538092 	0.117158 	-1.41024 	-0.161407 	
1.035	0.317862 	-0.173347 	0.53809 	0.115535 	-1.40911 	-0.159172 	
1.04	0.317946 	-0.173346 	0.538105 	0.115535 	-1.40911 	-0.159172 	
1.045	0.318029 	-0.173344 	0.538119 	0.115535 	-1.40911 	-0.159172 	
1.05	0.318048 	-0.173337 	0.538117 	0.113904 	-1.40796 	-0.156924 	
1.055	0.318132 	-0.173335 	0.538132 	0.113904 	-1.40796 	-0.156924 	
1.06	0.318216 	-0.173333 	0.538146 	0.113904 	-1.40796 	-0.156924 	
1.065	0.318235 	-0.173326 	0.538144 	0.112264 	-1.40681 	-0.154665 	
1.07	0.318319 	-0.173324 	0.538159 	0.112264 	-1.40681 	-0.154665 	
1.075	0.318404 	-0.173322 	0.538174 	0.112264 	-1.40681 	-0.154665 	
1.08	0.318423 	-0.173316 	0.538172 	0.110617 	-1.40566 	-0.152396 	
1.085	0.318508 	-0.173313 	0.538186 	0.110617 	-1.40566 	-0.152396 	
1.09	0.318592 	-0.173311 	0.538201 	0.110617 	-1.40566 	-0.152396 	
1.095	0.318612 	-0.173305 	0.538199 	0.108963 	-1.4045 	-0.150116 	
1.1	0.318697 	-0.173302 	0.538214 	0.108963 	-1.4045 	-0.150116 	
1.105	0.318782 	-0.1733 	0.538229 	0.108963 	-1.4045 	-0.150116 	
1.11	0.318801 	-0.173294 	0.538227 	0.107301 	-1.40333 	-0.147828 	
1.115	0.318886 	-0.173292 	0.538241 	0.107301 	-1.40333 	-0.147828 	
1.12	0.318972 	-0.173289 	0.538256 	0.107301 	-1.40333 	-0.147828 	
1.125	0.318991 	-0.173283 	0.538254 	0.105634 	-1.40216 	-0.145531 	
1.13	0.319077 	-0.173281 	0.538269 	0.105634 	-1.40216 	-0.145531 	
1.135	0.319162 	-0.173278 	0.538284 	0.105634 	-1.40216 	-0.145531 	
1.14	0.319182 	-0.173272 	0.538282 	0.103962 	-1.40099 	-0.143227 	
1.145	0.319268 	-0.17327 	0.538297 	0.103962 	-1.40099 	-0.143227 	
1.15	0.319354 	-0.173267 	0.538312 	0.103962 	-1.40099 	-0.143227 	
1.155	0.319373 	-0.173261 	0.53831 	0.102284 	-1.39981 	-0.140916 	
1.16	0.319459 	-0.173259 	0.538325 	0.102284 	-1.39981 	-0.140916 	
1.165	0.319545 	-0.173256 	0.538339 	0.102284 	-1.39981 	-0.140916 	
1.17	0.319565 	-0.17325 	0.538338 	0.100603 	-1.39864 	-0.138599 	
1.175	0.319651 	-0.173248 	0.538352 	0.100603 	-1.39864 	-0.138599 	
1.18	0.319737 	-0.173245 	0.538367 	0.100603 	-1.39864 	-0.138599 	
1.185	0.319757 	-0.17324 	0.538366 	0.0989176 	-1.39745 	-0.136278 	
1.19	0.319843 	-0.173237 	0.53838 	0.0989176 	-1.39745 	-0.136278 	
1.195	0.31993 	-0.173234 	0.538395 	0.0989176 	-1.39745 	-0.136278 	
1.2	0.319949 	-0.173229 	0.538393 	0.0972293 	-1.39627 	-0.133952 	
1.205	0.320036 	-0.173225 	0.538408 	0.0972293 	-1.39627 	-0.133952 	
1.21	0.320122 	-0.173222 	0.538423 	0.0972293 	-1.39627 	-0.133952 	
1.215	0.320142 	-0.173218 	0.538422 	0.0955386 	-1.39508 	-0.131622 	
1.22	0.320229 	-0.173214 	0.538436 	0.0955386 	-1.39508 	-0.131622 	
1.225	0.320315 	-0.173211 	0.538451 	0.0955386 	-1.39508 	-0.131622 	
1.23	0.320335 	-0.173207 	0.53845 	0.093846 	-1.3939 	-0.12929 	
1.235	0.320422 	-0.173203 	0.538464 	0.093846 	-1.3939 	-0.12929 	
1.24	0.320508 	-0.1732 	0.538479 	0.093846 	-1.3939 	-0.12929 	
1.245	0.320528 	-0.173196 	0.538478 	0.0921521 	-1.39271 	-0.126957 	
1.25	0.320615 	-0.173192 	0.538492 	0.0921521 	-1.39271 	-0.126957 	
1.255	0.320702 	-0.173189 	0.538507 	0.0921521 	-1.39271 	-0.126957 	
1.26	0.320721 	-0.173185 	0.538506 	0.0904576 	-1.39152 	-0.124622 	
1.265	0.320808 	-0.173181 	0.538521 	0.0904576 	-1.39152 	-0.124622 	
1.27	0.320895 	-0.173178 	0.538535 	0.0904576 	-1.39152 	-0.124622 	
1.275	0.320914 	-0.173174 	0.538534 	0.088763 	-1.39033 	-0.122288 	
1.28	0.321001 	-0.17317 	0.538549 	0.088763 	-1.39033 	-0.122288 	
1.285	0.321088 	-0.173166 	0.538563 	0.088763 	-1.39033 	-0.122288 	
1.29	0.321107 	-0.173163 	0.538562 	0.0870689 	-1.38915 	-0.119954 	
1.295	0.321194 	-0.173159 	0.538577 	0.0870689 	-1.38915 	-0.119954 	
1.3	0.321281 	-0.173155 	0.538591 	0.0870689 	-1.38915 	-0.119954 	
1.305	0.3213 	-0.173152 	0.53859 	0.085376 	-1.38796 	-0.117621 	
1.31	0.321387 	-0.173148 	0.538605 	0.085376 	-1.38796 	-0.117621 	
1.315	0.321473 	-0.173144 	0.538619 	0.085376 	-1.38796 	-0.117621 	
1.32	0.321493 	-0.173141 	0.538618 	0.0836848 	-1.38677 	-0.115291 	
1.325	0.321579 	-0.173137 	0.538633 	0.0836848 	-1.38677 	-0.115291 	
1.33	0.321666 	-0.173133 	0.538647 	0.0836848 	-1.38677 	-0.115291 	
1.335	0.321685 	-0.17313 	0.538646 	0.0819959 	-1.38559 	-0.112965 	
1.34	0.321772 	-0.173126 	0.538661 	0.0819959 	-1.38559 	-0.112965 	
1.345	0.321858 	-0.173122 	0.538675 	0.0819959 	-1.38559 	-0.112965 	
1.35	0.321877 	-0.173119 	0.538674 	0.0803099 	-1.38441 	-0.110642 	
1.355	0.321963 	-0.173115 	0.538688 	0.0803099 	-1.38441 	-0.110642 	
1.36	0.32205 	-0.17311 	0.538703 	0.0803099 	-1.38441 	-0.110642 	
1.365	0.322069 	-0.173108 	0.538702 	0.0786274 	-1.38323 	-0.108324 	
1.37	0.322155 	-0.173104 	0.538716 	0.0786274 	-1.38323 	-0.108324 	
1.375	0.322241 	-0.173099 	0.538731 	0.0786274 	-1.38323 	-0.108324 	
1.38	0.32226 	-0.173097 	0.538729 	0.076949 	-1.38205 	-0.106012 	
1.385	0.322346 	-0.173093 	0.538744 	0.076949 	-1.38205 	-0.106012 	
1.39	0.322432 	-0.173088 	0.538758 	0.076949 	-1.38205 	-0.106012 	
1.395	0.322451 	-0.173086 	0.538757 	0.0752753 	-1.38088 	-0.103706 	
1.4	0.322536 	-0.173082 	0.538772 	0.0752753 	-1.38088 	-0.103706 	
1.405	0.322622 	-0.173077 	0.538786 	0.0752753 	-1.38088 	-0.103706 	
1.41	0.322641 	-0.173075 	0.538785 	0.0736069 	-1.37971 	-0.101407 	
1.415	0.322726 	-0.173071 	0.538799 	0.0736069 	-1.37971 	-0.101407 	
1.42	0.322811 	-0.173066 	0.538813 	0.0736069 	-1.37971 	-0.101407 	
1.425	0.32283 	-0.173064 	0.538812 	0.0719444 	-1.37854 	-0.0991169 	
1.43	0.322915 	-0.17306 	0.538827 	0.0719444 	-1.37854 	-0.0991169 	
1.435	0.323 	-0.173055 	0.538841 	0.0719444 	-1.37854 	-0.0991169 	
1.44	0.323019 	-0.173054 	0.53884 	0.0702883 	-1.37738 	-0.0968353 	
1.445	0.323103 	-0.173049 	0.538854 	0.0702883 	-1.37738 	-0.0968353 	
1.45	0.323188 	-0.173044 	0.538868 	0.0702883 	-1.37738 	-0.0968353 	
1.455	0.323206 	-0.173043 	0.538867 	0.0686393 	-1.37622 	-0.0945635 	
1.46	0.323291 	-0.173038 	0.538881 	0.0686393 	-1.37622 	-0.0945635 	
1.465	0.323375 	-0.173034 	0.538895 	0.0686393 	-1.37622 	-0.0945635 	
1.47	0.323393 	-0.173032 	0.538894 	0.0669979 	-1.37507 	-0.0923021 	
1.475	0.323477 	-0.173028 	0.538908 	0.0669979 	-1.37507 	-0.0923021 	
1.48	0.323561 	-0.173023 	0.538922 	0.0669979 	-1.37507 	-0.0923021 	
1.485	0.323579 	-0.173022 	0.538921 	0.0653647 	-1.37393 	-0.0900521 	
1.49	0.323663 	-0.173017 	0.538935 	0.0653647 	-1.37393 	-0.0900521 	
1.495	0.323746 	-0.173012 	0.538949 	0.0653647 	-1.37393 	-0.0900521 	
1.5	0.323764 	-0.173011 	0.538948 	0.0637403 	-1.37279 	-0.0878141 	
1.505	0.323847 	-0.173006 	0.538962 	0.0637403 	-1.37279 	-0.0878141 	
1.51	0.32393 	-0.173001 	0.538976 	0.0637403 	-1.37279 	-0.0878141 	
1.515	0.323948 	-0.173001 	0.538975 	0.0621252 	-1.37166 	-0.085589 	
1.52	0.32403 	-0.172996 	0.538989 	0.0621252 	-1.37166 	-0.085589 	
1.525	0.324113 	-0.172991 	0.539002 	0.0621252 	-1.37166 	-0.085589 	
1.53	0.324131 	-0.17299 	0.539001 	0.06052 	-1.37053 	-0.0833776 	
1.535	0.324213 	-0.172985 	0.539015 	0.06052 	-1.37053 	-0.0833776 	
1.54	0.324294 	-0.17298 	0.539029 	0.06052 	-1.37053 	-0.0833776 	
1.545	0.324312 	-0.17298 	0.539028 	0.0589253 	-1.36941 	-0.0811806 	
1.55	0.324394 	-0.172975 	0.539041 	0.0589253 	-1.36941 	-0.0811806 	
1.555	0.324475 	-0.17297 	0.539055 	0.0589253 	-1.36941 	-0.0811806 	
1.56	0.324493 	-0.17297 	0.539054 	0.0573417 	-1.3683 	-0.0789989 	
1.565	0.324573 	-0.172965 	0.539067 	0.0573417 	-1.3683 	-0.0789989 	
1.57	0.324654 	-0.172959 	0.539081 	0.0573417 	-1.3683 	-0.0789989 	
1.575	0.324671 	-0.172959 	0.53908 	0.0557697 	-1.3672 	-0.0768331 	
1.58	0.324752 	-0.172954 	0.539093 	0.0557697 	-1.3672 	-0.0768331 	
1.585	0.324832 	-0.172949 	0.539106 	0.0557697 	-1.3672 	-0.0768331 	
1.59	0.324849 	-0.172949 	0.539106 	0.0542098 	-1.36611 	-0.0746841 	
1.595	0.324929 	-0.172944 	0.539119 	0.0542098 	-1.36611 	-0.0746841 	
1.6	0.325008 	-0.172939 	0.539132 	0.0542098 	-1.36611 	-0.0746841 	
1.605	0.325025 	-0.172939 	0.539131 	0.0526626 	-1.36502 	-0.0725526 	
1.61	0.325104 	-0.172934 	0.539144 	0.0526626 	-1.36502 	-0.0725526 	
1.615	0.325182 	-0.172929 	0.539157 	0.0526626 	-1.36502 	-0.0725526 	
1.62	0.3252 	-0.172929 	0.539157 	0.0511287 	-1.36395 	-0.0704394 	
1.625	0.325278 	-0.172924 	0.53917 	0.0511287 	-1.36395 	-0.0704394 	
1.63	0.325356 	-0.172919 	0.539182 	0.0511287 	-1.36395 	-0.0704394 	
1.635	0.325433 	-0.172914 	0.539195 	0.0511287 	-1.36395 	-0.0704394 	
1.64	0.325432 	-0.172916 	0.539191 	0.0491571 	-1.36256 	-0.067723 	
1.645	0.325509 	-0.172911 	0.539203 	0.0491571 	-1.36256 	-0.067723 	
1.65	0.325586 	-0.172905 	0.539216 	0.0491571 	-1.36256 	-0.067723 	
1.655	0.325601 	-0.172906 	0.539215 	0.0476095 	-1.36148 	-0.0655909 	
1.66	0.325677 	-0.172901 	0.539228 	0.0476095 	-1.36148 	-0.0655909 	
1.665	0.325753 	-0.172896 	0.53924 	0.0476095 	-1.36148 	-0.0655909 	
1.67	0.325829 	-0.17289 	0.539252 	0.0476095 	-1.36148 	-0.0655909 	
1.675	0.325828 	-0.172893 	0.539248 	0.0456779 	-1.36012 	-0.0629297 	
1.68	0.325903 	-0.172888 	0.539261 	0.0456779 	-1.36012 	-0.0629297 	
1.685	0.325978 	-0.172883 	0.539273 	0.0456779 	-1.36012 	-0.0629297 	
1.69	0.326053 	-0.172877 	0.539285 	0.0456779 	-1.36012 	-0.0629297 	
1.695	0.32605 	-0.172881 	0.539281 	0.0437322 	-1.35876 	-0.0602491 	
1.7	0.326124 	-0.172875 	0.539293 	0.0437322 	-1.35876 	-0.0602491 	
1.705	0.326198 	-0.17287 	0.539305 	0.0437322 	-1.35876 	-0.0602491 	
1.71	0.326271 	-0.172865 	0.539317 	0.0437322 	-1.35876 	-0.0602491 	
1.715	0.326268 	-0.172868 	0.539312 	0.0418113 	-1.35741 	-0.0576027 	
1.72	0.326341 	-0.172863 	0.539324 	0.0418113 	-1.35741 	-0.0576027 	
1.725	0.326414 	-0.172858 	0.539336 	0.0418113 	-1.35741 	-0.0576027 	
1.73	0.326486 	-0.172852 	0.539348 	0.0418113 	-1.35741 	-0.0576027 	
1.735	0.326483 	-0.172856 	0.539344 	0.0399204 	-1.35609 	-0.0549976 	
1.74	0.326555 	-0.172851 	0.539355 	0.0399204 	-1.35609 	-0.0549976 	
1.745	0.326626 	-0.172845 	0.539367 	0.0399204 	-1.35609 	-0.0549976 	
1.75	0.326698 	-0.17284 	0.539378 	0.0399204 	-1.35609 	-0.0549976 	
1.755	0.326694 	-0.172844 	0.539374 	0.0380609 	-1.35478 	-0.0524358 	
1.76	0.326765 	-0.172839 	0.539386 	0.0380609 	-1.35478 	-0.0524358 	
1.765	0.326835 	-0.172833 	0.539397 	0.0380609 	-1.35478 	-0.0524358 	
1.77	0.326905 	-0.172828 	0.539408 	0.0380609 	-1.35478 	-0.0524358 	
1.775	0.326902 	-0.172832 	0.539404 	0.0362341 	-1.3535 	-0.0499191 	
1.78	0.326971 	-0.172827 	0.539416 	0.0362341 	-1.3535 	-0.0499191 	
1.785	0.32704 	-0.172821 	0.539427 	0.0362341 	-1.3535 	-0.0499191 	
1.79	0.327109 	-0.172816 	0.539438 	0.0362341 	-1.3535 	-0.0499191 	
1.795	0.327106 	-0.172821 	0.539434 	0.0344412 	-1.35225 	-0.0474491 	
1.8	0.327174 	-0.172815 	0.539445 	0.0344412 	-1.35225 	-0.0474491 	
1.805	0.327241 	-0.17281 	0.539456 	0.0344412 	-1.35225 	-0.0474491 	
1.81	0.327308 	-0.172805 	0.539467 	0.0344412 	-1.35225 	-0.0474491 	
1.815	0.327305 	-0.172809 	0.539463 	0.0326833 	-1.35101 	-0.0450272 	
1.82	0.327372 	-0.172804 	0.539474 	0.0326833 	-1.35101 	-0.0450272 	
1.825	0.327438 	-0.172799 	0.539484 	0.0326833 	-1.35101 	-0.0450272 	
1.83	0.327504 	-0.172793 	0.539495 	0.0326833 	-1.35101 	-0.0450272 	
1.835	0.327501 	-0.172798 	0.539492 	0.0309615 	-1.34981 	-0.0426551 	
1.84	0.327566 	-0.172793 	0.539502 	0.0309615 	-1.34981 	-0.0426551 	
1.845	0.327631 	-0.172788 	0.539512 	0.0309615 	-1.34981 	-0.0426551 	
1.85	0.327695 	-0.172782 	0.539523 	0.0309615 	-1.34981 	-0.0426551 	
1.855	0.327692 	-0.172787 	0.539519 	0.0292768 	-1.34863 	-0.0403341 	
1.86	0.327756 	-0.172782 	0.53953 	0.0292768 	-1.34863 	-0.0403341 	
1.865	0.327819 	-0.172777 	0.53954 	0.0292768 	-1.34863 	-0.0403341 	
1.87	0.327882 	-0.172771 	0.53955 	0.0292768 	-1.34863 	-0.0403341 	
1.875	0.327879 	-0.172777 	0.539547 	0.0276303 	-1.34747 	-0.0380658 	
1.88	0.327941 	-0.172771 	0.539556 	0.0276303 	-1.34747 	-0.0380658 	
1.885	0.328003 	-0.172766 	0.539566 	0.0276303 	-1.34747 	-0.0380658 	
1.89	0.328065 	-0.172761 	0.539576 	0.0276303 	-1.34747 	-0.0380658 	
1.895	0.328062 	-0.172766 	0.539573 	0.0260231 	-1.34634 	-0.0358516 	
1.9	0.328122 	-0.172761 	0.539583 	0.0260231 	-1.34634 	-0.0358516 	
1.905	0.328183 	-0.172756 	0.539592 	0.0260231 	-1.34634 	-0.0358516 	
1.91	0.328242 	-0.172751 	0.539602 	0.0260231 	-1.34634 	-0.0358516 	
1.915	0.32824 	-0.172756 	0.539599 	0.0244562 	-1.34525 	-0.0336928 	
1.92	0.328299 	-0.172751 	0.539608 	0.0244562 	-1.34525 	-0.0336928 	
1.925	0.328357 	-0.172746 	0.539618 	0.0244562 	-1.34525 	-0.0336928 	
1.93	0.328415 	-0.172741 	0.539627 	0.0244562 	-1.34525 	-0.0336928 	
1.935	0.328413 	-0.172746 	0.539624 	0.0229304 	-1.34418 	-0.0315909 	
1.94	0.32847 	-0.172741 	0.539633 	0.0229304 	-1.34418 	-0.0315909 	
1.945	0.328527 	-0.172736 	0.539642 	0.0229304 	-1.34418 	-0.0315909 	
1.95	0.328584 	-0.172731 	0.539651 	0.0229304 	-1.34418 	-0.0315909 	
1.955	0.32864 	-0.172726 	0.53966 	0.0229304 	-1.34418 	-0.0315909 	
1.96	0.328624 	-0.172734 	0.539655 	0.0211211 	-1.34291 	-0.0290981 	
1.965	0.328679 	-0.172729 	0.539664 	0.0211211 	-1.34291 	-0.0290981 	
1.97	0.328734 	-0.172724 	0.539672 	0.0211211 	-1.34291 	-0.0290981 	
1.975	0.328789 	-0.172719 	0.539681 	0.0211211 	-1.34291 	-0.0290981 	
1.98	0.328843 	-0.172715 	0.53969 	0.0211211 	-1.34291 	-0.0290981 	
1.985	0.328826 	-0.172723 	0.539684 	0.0193437 	-1.34166 	-0.0266494 	
1.99	0.328879 	-0.172718 	0.539693 	0.0193437 	-1.34166 	-0.0266494 	
1.995	0.328932 	-0.172713 	0.539701 	0.0193437 	-1.34166 	-0.0266494 	
2	0.328984 	-0.172708 	0.539709 	0.0193437 	-1.34166 	-0.0266494 	
2.005	0.329036 	-0.172704 	0.539717 	0.0193437 	-1.34166 	-0.0266494 	
2.01	0.32902 	-0.172712 	0.539712 	0.017632 	-1.34046 	-0.0242913 	
2.015	0.329071 	-0.172707 	0.53972 	0.017632 	-1.34046 	-0.0242913 	
2.02	0.329121 	-0.172702 	0.539728 	0.017632 	-1.34046 	-0.0242913 	
2.025	0.329172 	-0.172698 	0.539736 	0.017632 	-1.34046 	-0.0242913 	
2.03	0.329221 	-0.172693 	0.539744 	0.017632 	-1.34046 	-0.0242913 	
2.035	0.329206 	-0.172701 	0.539739 	0.0159911 	-1.33931 	-0.0220306 	
2.04	0.329254 	-0.172697 	0.539747 	0.0159911 	-1.33931 	-0.0220306 	
2.045	0.329303 	-0.172692 	0.539755 	0.0159911 	-1.33931 	-0.0220306 	
2.05	0.329351 	-0.172688 	0.539762 	0.0159911 	-1.33931 	-0.0220306 	
2.055	0.329398 	-0.172683 	0.53977 	0.0159911 	-1.33931 	-0.0220306 	
2.06	0.329383 	-0.172691 	0.539765 	0.0144229 	-1.33821 	-0.0198701 	
2.065	0.32943 	-0.172687 	0.539772 	0.0144229 	-1.33821 	-0.0198701 	
2.07	0.329476 	-0.172682 	0.53978 	0.0144229 	-1.33821 	-0.0198701 	
2.075	0.329521 	-0.172678 	0.539787 	0.0144229 	-1.33821 	-0.0198701 	
2.08	0.329566 	-0.172674 	0.539794 	0.0144229 	-1.33821 	-0.0198701 	
2.085	0.329611 	-0.17267 	0.539801 	0.0144229 	-1.33821 	-0.0198701 	
2.09	0.329586 	-0.172679 	0.539795 	0.0126703 	-1.33698 	-0.0174556 	
2.095	0.32963 	-0.172675 	0.539802 	0.0126703 	-1.33698 	-0.0174556 	
2.1	0.329673 	-0.172671 	0.539808 	0.0126703 	-1.33698 	-0.0174556 	
2.105	0.329716 	-0.172667 	0.539815 	0.0126703 	-1.33698 	-0.0174556 	
2.11	0.329758 	-0.172663 	0.539822 	0.0126703 	-1.33698 	-0.0174556 	
2.115	0.3298 	-0.172659 	0.539828 	0.0126703 	-1.33698 	-0.0174556 	
2.12	0.329775 	-0.172668 	0.539822 	0.0109973 	-1.33581 	-0.0151507 	
2.125	0.329816 	-0.172665 	0.539829 	0.0109973 	-1.33581 	-0.0151507 	
2.13	0.329857 	-0.172661 	0.539835 	0.0109973 	-1.33581 	-0.0151507 	
2.135	0.329897 	-0.172657 	0.539841 	0.0109973 	-1.33581 	-0.0151507 	
2.14	0.329936 	-0.172653 	0.539847 	0.0109973 	-1.33581 	-0.0151507 	
2.145	0.329975 	-0.172649 	0.539854 	0.0109973 	-1.33581 	-0.0151507 	
2.15	0.329952 	-0.172659 	0.539848 	0.00943304 	-1.33471 	-0.0129956 	
2.155	0.32999 	-0.172655 	0.539854 	0.00943304 	-1.33471 	-0.0129956 	
2.16	0.330027 	-0.172651 	0.53986 	0.00943304 	-1.33471 	-0.0129956 	
2.165	0.330064 	-0.172648 	0.539865 	0.00943304 	-1.33471 	-0.0129956 	
2.17	0.330101 	-0.172644 	0.539871 	0.00943304 	-1.33471 	-0.0129956 	
2.175	0.330137 	-0.172641 	0.539877 	0.00943304 	-1.33471 	-0.0129956 	
2.18	0.330172 	-0.172637 	0.539882 	0.00943304 	-1.33471 	-0.0129956 	
2.185	0.330142 	-0.172648 	0.539876 	0.00777741 	-1.33355 	-0.0107147 	
2.19	0.330176 	-0.172644 	0.539881 	0.00777741 	-1.33355 	-0.0107147 	
2.195	0.33021 	-0.172641 	0.539886 	0.00777741 	-1.33355 	-0.0107147 	
2.2	0.330244 	-0.172638 	0.539891 	0.00777741 	-1.33355 	-0.0107147 	
2.205	0.330277 	-0.172634 	0.539897 	0.00777741 	-1.33355 	-0.0107147 	
2.21	0.33031 	-0.172631 	0.539902 	0.00777741 	-1.33355 	-0.0107147 	
2.215	0.330342 	-0.172628 	0.539907 	0.00777741 	-1.33355 	-0.0107147 	
2.22	0.330313 	-0.172638 	0.5399 	0.00625483 	-1.33248 	-0.00861705 	
2.225	0.330344 	-0.172635 	0.539905 	0.00625483 	-1.33248 	-0.00861705 	
2.23	0.330375 	-0.172632 	0.53991 	0.00625483 	-1.33248 	-0.00861705 	
2.235	0.330405 	-0.172629 	0.539915 	0.00625483 	-1.33248 	-0.00861705 	
2.24	0.330434 	-0.172626 	0.539919 	0.00625483 	-1.33248 	-0.00861705 	
2.245	0.330463 	-0.172623 	0.539924 	0.00625483 	-1.33248 	-0.00861705 	
2.25	0.330492 	-0.17262 	0.539928 	0.00625483 	-1.33248 	-0.00861705 	
2.255	0.33052 	-0.172617 	0.539933 	0.00625483 	-1.33248 	-0.00861705 	
2.26	0.330487 	-0.172628 	0.539926 	0.00473024 	-1.33141 	-0.00651664 	
2.265	0.330514 	-0.172625 	0.53993 	0.00473024 	-1.33141 	-0.00651664 	
2.27	0.33054 	-0.172623 	0.539934 	0.00473024 	-1.33141 	-0.00651664 	
2.275	0.330566 	-0.17262 	0.539938 	0.00473024 	-1.33141 	-0.00651664 	
2.28	0.330592 	-0.172618 	0.539942 	0.00473024 	-1.33141 	-0.00651664 	
2.285	0.330616 	-0.172615 	0.539946 	0.00473024 	-1.33141 	-0.00651664 	
2.29	0.330641 	-0.172613 	0.53995 	0.00473024 	-1.33141 	-0.00651664 	
2.295	0.330665 	-0.17261 	0.539953 	0.00473024 	-1.33141 	-0.00651664 	
2.3	0.330688 	-0.172608 	0.539957 	0.00473024 	-1.33141 	-0.00651664 	
2.305	0.330711 	-0.172606 	0.53996 	0.00473024 	-1.33141 	-0.00651664 	
2.31	0.33067 	-0.172618 	0.539952 	0.00313474 	-1.3303 	-0.00431852 	
2.315	0.330692 	-0.172615 	0.539956 	0.00313474 	-1.3303 	-0.00431852 	
2.32	0.330713 	-0.172613 	0.539959 	0.00313474 	-1.3303 	-0.00431852 	
2.325	0.330734 	-0.172611 	0.539962 	0.00313474 	-1.3303 	-0.00431852 	
2.33	0.330754 	-0.172609 	0.539965 	0.00313474 	-1.3303 	-0.00431852 	
2.335	0.330773 	-0.172607 	0.539968 	0.00313474 	-1.3303 	-0.00431852 	
2.34	0.330792 	-0.172605 	0.539971 	0.00313474 	-1.3303 	-0.00431852 	
2.345	0.330811 	-0.172603 	0.539974 	0.00313474 	-1.3303 	-0.00431852 	
2.35	0.330829 	-0.172601 	0.539977 	0.00313474 	-1.3303 	-0.00431852 	
2.355	0.330847 	-0.1726 	0.53998 	0.00313474 	-1.3303 	-0.00431852 	
2.36	0.330864 	-0.172598 	0.539982 	0.00313474 	-1.3303 	-0.00431852 	
2.365	0.33088 	-0.172596 	0.539985 	0.00313474 	-1.3303 	-0.00431852 	
2.37	0.330896 	-0.172595 	0.539987 	0.00313474 	-1.3303 	-0.00431852 	
2.375	0.330849 	-0.172607 	0.539978 	0.00155958 	-1.32919 	-0.00214844 	
2.38	0.330864 	-0.172606 	0.539981 	0.00155958 	-1.32919 	-0.00214844 	
2.385	0.330878 	-0.172604 	0.539983 	0.00155958 	-1.32919 	-0.00214844 	
2.39	0.330892 	-0.172603 	0.539985 	0.00155958 	-1.32919 	-0.00214844 	
2.395	0.330905 	-0.172602 	0.539987 	0.00155958 	-1.32919 	-0.00214844 	
2.4	0.330918 	-0.1726 	0.539989 	0.00155958 	-1.32919 	-0.00214844 	
2.405	0.33093 	-0.172599 	0.539991 	0.00155958 	-1.32919 	-0.00214844 	
2.41	0.330942 	-0.172598 	0.539993 	0.00155958 	-1.32919 	-0.00214844 	
2.415	0.330953 	-0.172597 	0.539994 	0.00155958 	-1.32919 	-0.00214844 	
2.42	0.330963 	-0.172596 	0.539996 	0.00155958 	-1.32919 	-0.00214844 	
2.425	0.330973 	-0.172595 	0.539998 	0.00155958 	-1.32919 	-0.00214844 	
2.43	0.330982 	-0.172594 	0.539999 	0.00155958 	-1.32919 	-0.00214844 	
2.435	0.330992 	-0.172593 	0.54 	0.00155958 	-1.32919 	-0.00214844 	
2.44	0.330999 	-0.172592 	0.540002 	0.00155958 	-1.32919 	-0.00214844 	
2.445	0.331007 	-0.172591 	0.540003 	0.00155958 	-1.32919 	-0.00214844 	
2.45	0.331015 	-0.17259 	0.540004 	0.00155958 	-1.32919 	-0.00214844 	
2.455	0.331021 	-0.17259 	0.540005 	0.00155958 	-1.32919 	-0.00214844 	
2.46	0.331028 	-0.172589 	0.540006 	0.00155958 	-1.32919 	-0.00214844 	
2.465	0.331034 	-0.172588 	0.540007 	0.00155958 	-1.32919 	-0.00214844 	
2.47	0.331039 	-0.172588 	0.540008 	0.00155958 	-1.32919 	-0.00214844 	
2.475	0.331043 	-0.172587 	0.540008 	0.00155958 	-1.32919 	-0.00214844 	
2.48	0.331048 	-0.172587 	0.540009 	0.00155958 	-1.32919 	-0.00214844 	
2.485	0.331051 	-0.172587 	0.54001 	0.00155958 	-1.32919 	-0.00214844 	
2.49	0.331054 	-0.172586 	0.54001 	0.00155958 	-1.32919 	-0.00214844 	
2.495	0.331057 	-0.172586 	0.540011 	0.00155958 	-1.32919 	-0.00214844 	
2.5	0.331059 	-0.172586 	0.540011 	0.00155958 	-1.32919 	-0.00214844 	
2.505	0.33106 	-0.172586 	0.540011 	0.00155958 	-1.32919 	-0.00214844 	
2.51	0.33106 	-0.172586 	0.540011 	0.00155958 	-1.32919 	-0.00214844 	
2.515	0.331061 	-0.172586 	0.540011 	0.00155958 	-1.32919 	-0.00214844 	
2.52	0.331061 	-0.172586 	0.540011 	0.00155958 	-1.32919 	-0.00214844 	
2.525	0.331062 	-0.172587 	0.54001 	0.00155958 	-1.32919 	-0.00214844 	
2.53	0.331063 	-0.172588 	0.540009 	0.00155958 	-1.32919 	-0.00214844 	
2.535	0.331064 	-0.17259 	0.540008 	0.00155958 	-1.32919 	-0.00214844 	
2.54	0.331065 	-0.172593 	0.540006 	0.00155958 	-1.32919 	-0.00214844 	
2.545	0.331067 	-0.172597 	0.540003 	0.00155958 	-1.32919 	-0.00214844 	
2.55	0.331015 	-0.172607 	0.539991 	0.000457822 	-1.32824 	-0.000217556 	
2.555	0.331018 	-0.172612 	0.539987 	0.000457822 	-1.32824 	-0.000217556 	
2.56	0.33102 	-0.172617 	0.539983 	0.000457821 	-1.32824 	-0.000217556 	
2.565	0.331024 	-0.172623 	0.539979 	0.000457821 	-1.32824 	-0.000217556 	
2.57	0.331027 	-0.172629 	0.539974 	0.000457821 	-1.32824 	-0.000217555 	
2.575	0.331031 	-0.172637 	0.539969 	0.000457821 	-1.32824 	-0.000217555 	
2.58	0.331035 	-0.172645 	0.539963 	0.000457821 	-1.32824 	-0.000217555 	
2.585	0.33104 	-0.172654 	0.539957 	0.000457821 	-1.32824 	-0.000217555 	
2.59	0.331045 	-0.172663 	0.53995 	0.00045782 	-1.32824 	-0.000217554 	
2.595	0.33105 	-0.172645 	0.539944 	0.00160936 	-1.32829 	-2.1587e-05 	
2.6	0.331055 	-0.172655 	0.539937 	0.00160936 	-1.32829 	-2.15865e-05 	
2.605	0.331061 	-0.172666 	0.539929 	0.00160936 	-1.32829 	-2.1586e-05 	
2.61	0.331067 	-0.172678 	0.53992 	0.00160936 	-1.32829 	-2.15854e-05 	
2.615	0.331073 	-0.17269 	0.539911 	0.00160936 	-1.32829 	-2.15848e-05 	
2.62	0.33108 	-0.172703 	0.539902 	0.00160936 	-1.32829 	-2.15841e-05 	
2.625	0.331093 	-0.172683 	0.539895 	0.0031133 	-1.32846 	-1.5667e-06 	
2.63	0.331101 	-0.172697 	0.539884 	0.0031133 	-1.32846 	-1.56586e-06 	
2.635	0.331108 	-0.172712 	0.539874 	0.0031133 	-1.32846 	-1.56494e-06 	
2.64	0.331116 	-0.172727 	0.539862 	0.0031133 	-1.32846 	-1.56394e-06 	
2.645	0.33113 	-0.172713 	0.539853 	0.00443111 	-1.32861 	3.18024e-07 	
2.65	0.331139 	-0.17273 	0.539841 	0.00443111 	-1.32861 	3.19189e-07 	
2.655	0.331148 	-0.172747 	0.539828 	0.00443111 	-1.32861 	3.20442e-07 	
2.66	0.331158 	-0.172765 	0.539816 	0.00443111 	-1.32861 	3.21785e-07 	
2.665	0.331174 	-0.17275 	0.539805 	0.00592167 	-1.32878 	6.42348e-07 	
2.67	0.331184 	-0.172769 	0.539791 	0.00592167 	-1.32878 	6.43879e-07 	
2.675	0.331194 	-0.172789 	0.539776 	0.00592167 	-1.32878 	6.45508e-07 	
2.68	0.33121 	-0.17278 	0.539764 	0.00721498 	-1.32893 	5.31419e-07 	
2.685	0.331221 	-0.172801 	0.539749 	0.00721497 	-1.32893 	5.33252e-07 	
2.69	0.331232 	-0.172823 	0.539733 	0.00721497 	-1.32893 	5.35192e-07 	
2.695	0.33125 	-0.172814 	0.539719 	0.00859473 	-1.32909 	5.86227e-07 	
2.7	0.331262 	-0.172837 	0.539703 	0.00859473 	-1.32909 	5.88386e-07 	
2.705	0.331274 	-0.17286 	0.539686 	0.00859473 	-1.32909 	5.90659e-07 	
2.71	0.331293 	-0.17285 	0.539671 	0.0100888 	-1.32926 	6.84065e-07 	
2.715	0.331306 	-0.172875 	0.539653 	0.0100888 	-1.32926 	6.86571e-07 	
2.72	0.331319 	-0.1729 	0.539635 	0.0100888 	-1.32926 	6.89199e-07 	
2.725	0.331339 	-0.17289 	0.539619 	0.0116992 	-1.32944 	7.95385e-07 	
2.73	0.331353 	-0.172916 	0.5396 	0.0116992 	-1.32944 	7.98259e-07 	
2.735	0.331368 	-0.172943 	0.53958 	0.0116992 	-1.32944 	8.01261e-07 	
2.74	0.331389 	-0.172932 	0.539563 	0.0134253 	-1.32964 	9.15189e-07 	
2.745	0.331404 	-0.17296 	0.539542 	0.0134253 	-1.32964 	9.1845e-07 	
2.75	0.331424 	-0.17296 	0.539524 	0.0146991 	-1.32978 	5.61055e-07 	
2.755	0.33144 	-0.172989 	0.539502 	0.0146991 	-1.32978 	5.64583e-07 	
2.76	0.331461 	-0.172991 	0.539483 	0.0159729 	-1.32993 	5.2824e-07 	
2.765	0.331477 	-0.173021 	0.539461 	0.0159729 	-1.32993 	5.32043e-07 	
2.77	0.331499 	-0.173023 	0.53944 	0.0172921 	-1.33008 	5.59624e-07 	
2.775	0.331516 	-0.173054 	0.539417 	0.0172921 	-1.33008 	5.63708e-07 	
2.78	0.331538 	-0.173056 	0.539396 	0.0186607 	-1.33024 	6.01819e-07 	
2.785	0.331556 	-0.173089 	0.539372 	0.0186607 	-1.33024 	6.06192e-07 	
2.79	0.331579 	-0.17309 	0.539351 	0.0200791 	-1.3304 	6.46648e-07 	
2.795	0.331597 	-0.173124 	0.539326 	0.020079 	-1.3304 	6.51314e-07 	
2.8	0.331621 	-0.173126 	0.539303 	0.0215467 	-1.33057 	6.92965e-07 	
2.805	0.33164 	-0.173161 	0.539278 	0.0215467 	-1.33057 	6.97929e-07 	
2.81	0.331665 	-0.173163 	0.539254 	0.0230634 	-1.33074 	7.40588e-07 	
2.815	0.331684 	-0.173199 	0.539228 	0.0230634 	-1.33074 	7.45854e-07 	
2.82	0.33171 	-0.1732 	0.539204 	0.0246287 	-1.33092 	7.89457e-07 	
2.825	0.33173 	-0.173238 	0.539177 	0.0246287 	-1.33092 	7.9503e-07 	
2.83	0.331756 	-0.17324 	0.539152 	0.0262422 	-1.33111 	8.39527e-07 	
2.835	0.331777 	-0.173278 	0.539124 	0.0262422 	-1.33111 	8.4541e-07 	
2.84	0.331804 	-0.17328 	0.539099 	0.0279036 	-1.3313 	8.90753e-07 	
2.845	0.331825 	-0.173319 	0.53907 	0.0279036 	-1.3313 	8.96949e-07 	
2.85	0.331853 	-0.173321 	0.539044 	0.0296124 	-1.33149 	9.43089e-07 	
2.855	0.331875 	-0.173362 	0.539014 	0.0296124 	-1.33149 	9.496e-07 	
2.86	0.331903 	-0.173364 	0.538987 	0.0313681 	-1.33169 	9.96488e-07 	
2.865	0.331926 	-0.173405 	0.538957 	0.0313681 	-1.33169 	1.00332e-06 	
2.87	0.331955 	-0.173407 	0.538929 	0.0331704 	-1.3319 	1.0509e-06 	
2.875	0.331978 	-0.17345 	0.538898 	0.0331704 	-1.3319 	1.05805e-06 	
2.88	0.332008 	-0.173452 	0.53887 	0.0350188 	-1.33211 	1.10628e-06 	
2.885	0.332032 	-0.173496 	0.538838 	0.0350188 	-1.33211 	1.11375e-06 	
2.89	0.332063 	-0.173498 	0.538809 	0.0369128 	-1.33233 	1.16258e-06 	
2.895	0.332087 	-0.173543 	0.538776 	0.0369128 	-1.33233 	1.17036e-06 	
2.9	0.332118 	-0.173545 	0.538746 	0.0388521 	-1.33255 	1.21974e-06 	
2.905	0.332143 	-0.173591 	0.538713 	0.038852 	-1.33255 	1.22784e-06 	
2.91	0.332175 	-0.173593 	0.538682 	0.0408359 	-1.33278 	1.27772e-06 	
2.915	0.332201 	-0.17364 	0.538648 	0.0408359 	-1.33278 	1.28614e-06 	
2.92	0.332234 	-0.173642 	0.538617 	0.042864 	-1.33301 	1.33646e-06 	
2.925	0.33226 	-0.17369 	0.538582 	0.042864 	-1.33301 	1.34519e-06 	
2.93	0.332293 	-0.173692 	0.538551 	0.0449358 	-1.33325 	1.39591e-06 	
2.935	0.33232 	-0.173741 	0.538515 	0.0449358 	-1.33325 	1.40495e-06 	
2.94	0.332354 	-0.173743 	0.538483 	0.0470507 	-1.33349 	1.45601e-06 	
2.945	0.332381 	-0.173793 	0.538446 	0.0470507 	-1.33349 	1.46536e-06 	
2.95	0.332416 	-0.173795 	0.538413 	0.0492083 	-1.33374 	1.51671e-06 	
2.955	0.332444 	-0.173846 	0.538376 	0.0492083 	-1.33374 	1.52637e-06 	
2.96	0.332479 	-0.173848 	0.538342 	0.051408 	-1.33399 	1.57796e-06 	
2.965	0.332507 	-0.1739 	0.538305 	0.051408 	-1.33399 	1.58791e-06 	
2.97	0.332543 	-0.173902 	0.53827 	0.0536492 	-1.33425 	1.63969e-06 	
2.975	0.332572 	-0.173955 	0.538232 	0.0536492 	-1.33425 	1.64995e-06 	
2.98	0.332609 	-0.173957 	0.538197 	0.0559314 	-1.33451 	1.70186e-06 	
2.985	0.332642 	-0.173983 	0.53816 	0.0572034 	-1.33466 	6.90683e-07 	
2.99	0.332672 	-0.174037 	0.53812 	0.0572034 	-1.33466 	7.0137e-07 	
2.995	0.332709 	-0.174042 	0.538085 	0.0594421 	-1.33491 	1.55943e-06 	
3	0.332743 	-0.174068 	0.538047 	0.0607364 	-1.33506 	6.96505e-07 	
3.005	0.332774 	-0.174123 	0.538006 	0.0607364 	-1.33506 	7.07612e-07 	
3.01	0.332812 	-0.174128 	0.537969 	0.0630304 	-1.33532 	1.63676e-06 	
3.015	0.332847 	-0.174155 	0.53793 	0.0643567 	-1.33548 	7.31715e-07 	
3.02	0.332879 	-0.174212 	0.537889 	0.0643567 	-1.33548 	7.43226e-07 	
3.025	0.332918 	-0.174217 	0.537851 	0.0667057 	-1.33574 	1.71863e-06 	
3.03	0.332954 	-0.174244 	0.537811 	0.0680631 	-1.3359 	7.67528e-07 	
3.035	0.33299 	-0.174274 	0.537771 	0.0693288 	-1.33605 	6.03712e-07 	
3.04	0.333026 	-0.174305 	0.53773 	0.0705936 	-1.33619 	5.87793e-07 	
3.045	0.333062 	-0.174336 	0.53769 	0.0718666 	-1.33634 	5.93327e-07 	
3.05	0.333099 	-0.174366 	0.537648 	0.0731486 	-1.33648 	6.0167e-07 	
3.055	0.333136 	-0.174398 	0.537607 	0.0744396 	-1.33663 	6.10355e-07 	
3.06	0.333173 	-0.174429 	0.537565 	0.0757395 	-1.33678 	6.19072e-07 	
3.065	0.333211 	-0.17446 	0.537523 	0.0770483 	-1.33693 	6.27783e-07 	
3.07	0.333249 	-0.174492 	0.537481 	0.078366 	-1.33708 	6.36481e-07 	
3.075	0.333287 	-0.174524 	0.537438 	0.0796923 	-1.33723 	6.45163e-07 	
3.08	0.333325 	-0.174556 	0.537395 	0.0810272 	-1.33739 	6.53828e-07 	
3.085	0.333363 	-0.174589 	0.537352 	0.0823707 	-1.33754 	6.62474e-07 	
3.09	0.333402 	-0.174621 	0.537309 	0.0837227 	-1.33769 	6.71098e-07 	
3.095	0.333441 	-0.174654 	0.537265 	0.085083 	-1.33785 	6.79699e-07 	
3.1	0.33348 	-0.174687 	0.537221 	0.0864517 	-1.33801 	6.88274e-07 	
3.105	0.33352 	-0.17472 	0.537177 	0.0878285 	-1.33817 	6.96821e-07 	
3.11	0.33356 	-0.174754 	0.537133 	0.0892134 	-1.33832 	7.05338e-07 	
3.115	0.3336 	-0.174787 	0.537088 	0.0906064 	-1.33848 	7.13823e-07 	
3.12	0.33364 	-0.174821 	0.537043 	0.0920074 	-1.33864 	7.22275e-07 	
3.125	0.33368 	-0.174855 	0.536998 	0.0934162 	-1.33881 	7.3069e-07 	
3.13	0.333721 	-0.174889 	0.536952 	0.0948327 	-1.33897 	7.39068e-07 	
3.135	0.333762 	-0.174923 	0.536906 	0.096257 	-1.33913 	7.47405e-07 	
3.14	0.333803 	-0.174958 	0.53686 	0.0976888 	-1.3393 	7.55701e-07 	
3.145	0.333844 	-0.174992 	0.536814 	0.0991282 	-1.33946 	7.63952e-07 	
3.15	0.333885 	-0.175027 	0.536768 	0.100575 	-1.33963 	7.72158e-07 	
3.155	0.333927 	-0.175062 	0.536721 	0.102029 	-1.33979 	7.80315e-07 	
3.16	0.333969 	-0.175097 	0.536674 	0.10349 	-1.33996 	7.88423e-07 	
3.165	0.334011 	-0.175133 	0.536627 	0.104959 	-1.34013 	7.96479e-07 	
3.17	0.334053 	-0.175168 	0.53658 	0.106434 	-1.3403 	8.0448e-07 	
3.175	0.334096 	-0.175204 	0.536532 	0.107917 	-1.34047 	8.12426e-07 	
3.18	0.334139 	-0.17524 	0.536484 	0.109406 	-1.34064 	8.20314e-07 	
3.185	0.334181 	-0.175276 	0.536436 	0.110902 	-1.34081 	8.28143e-07 	
3.19	0.334224 	-0.175312 	0.536388 	0.112405 	-1.34098 	8.35909e-07 	
3.195	0.334268 	-0.175349 	0.536339 	0.113914 	-1.34115 	8.43612e-07 	
3.2	0.334311 	-0.175385 	0.536291 	0.11543 	-1.34133 	8.5125e-07 	
3.205	0.334355 	-0.175422 	0.536242 	0.116953 	-1.3415 	8.58821e-07 	
3.21	0.334399 	-0.175459 	0.536193 	0.118481 	-1.34168 	8.66322e-07 	
3.215	0.334443 	-0.175495 	0.536144 	0.120016 	-1.34185 	8.73752e-07 	
3.22	0.334487 	-0.175533 	0.536094 	0.121557 	-1.34203 	8.8111e-07 	
3.225	0.334531 	-0.17557 	0.536044 	0.123104 	-1.34221 	8.88393e-07 	
3.23	0.334576 	-0.175607 	0.535995 	0.124657 	-1.34239 	8.95599e-07 	
3.235	0.334621 	-0.175645 	0.535944 	0.126215 	-1.34256 	9.02729e-07 	
3.24	0.334665 	-0.175682 	0.535894 	0.12778 	-1.34274 	9.08322e-07 	
3.245	0.334711 	-0.175721 	0.535843 	0.12935 	-1.34292 	9.16584e-07 	
3.25	0.334756 	-0.175759 	0.535793 	0.130925 	-1.3431 	9.22141e-07 	
3.255	0.334801 	-0.175797 	0.535742 	0.132506 	-1.34329 	9.28797e-07 	
3.26	0.334847 	-0.175835 	0.535691 	0.134093 	-1.34347 	9.35487e-07 	
3.265	0.334892 	-0.175873 	0.53564 	0.135684 	-1.34365 	9.421e-07 	
3.27	0.334938 	-0.175912 	0.535589 	0.137281 	-1.34383 	9.48624e-07 	
3.275	0.334984 	-0.175951 	0.535537 	0.138883 	-1.34402 	9.55057e-07 	
3.28	0.33503 	-0.175989 	0.535486 	0.14049 	-1.3442 	9.61397e-07 	
3.285	0.335076 	-0.176028 	0.535434 	0.142101 	-1.34438 	9.67641e-07 	
3.29	0.335122 	-0.176067 	0.535382 	0.143717 	-1.34457 	9.7379e-07 	
3.295	0.335169 	-0.176106 	0.53533 	0.145338 	-1.34476 	9.7984e-07 	
3.3	0.335215 	-0.176145 	0.535278 	0.146964 	-1.34494 	9.85791e-07 	
3.305	0.335262 	-0.176184 	0.535226 	0.148594 	-1.34513 	9.91642e-07 	
3.31	0.335309 	-0.176224 	0.535173 	0.150228 	-1.34532 	9.97389e-07 	
3.315	0.335356 	-0.176263 	0.535121 	0.151866 	-1.3455 	1.00303e-06 	
3.32	0.335403 	-0.176303 	0.535068 	0.153509 	-1.34569 	1.00857e-06 	
3.325	0.33545 	-0.176342 	0.535015 	0.155156 	-1.34588 	1.014e-06 	
3.33	0.335498 	-0.176382 	0.534962 	0.156806 	-1.34607 	1.01933e-06 	
3.335	0.335545 	-0.176422 	0.534909 	0.15846 	-1.34626 	1.02454e-06 	
3.34	0.335593 	-0.176462 	0.534856 	0.160118 	-1.34645 	1.02964e-06 	
3.345	0.33564 	-0.176502 	0.534802 	0.16178 	-1.34664 	1.03464e-06 	
3.35	0.335688 	-0.176542 	0.534749 	0.163445 	-1.34683 	1.03951e-06 	
3.355	0.335736 	-0.176582 	0.534695 	0.165114 	-1.34702 	1.04428e-06 	
3.36	0.335784 	-0.176622 	0.534642 	0.166786 	-1.34721 	1.04892e-06 	
3.365	0.335832 	-0.176663 	0.534588 	0.168461 	-1.34741 	1.05345e-06 	
3.37	0.33588 	-0.176703 	0.534534 	0.170139 	-1.3476 	1.05786e-06 	
3.375	0.335928 	-0.176744 	0.53448 	0.17182 	-1.34779 	1.06216e-06 	
3.38	0.335976 	-0.176784 	0.534426 	0.173505 	-1.34798 	1.06633e-06 	
3.385	0.336024 	-0.176825 	0.534372 	0.175191 	-1.34818 	1.07038e-06 	
3.39	0.336073 	-0.176865 	0.534318 	0.176881 	-1.34837 	1.07431e-06 	
3.395	0.336121 	-0.176906 	0.534263 	0.178573 	-1.34856 	1.07811e-06 	
3.4	0.33617 	-0.176947 	0.534209 	0.180268 	-1.34876 	1.08179e-06 	
3.405	0.336219 	-0.176988 	0.534155 	0.181965 	-1.34895 	1.08534e-06 	
3.41	0.336267 	-0.177029 	0.5341 	0.183664 	-1.34915 	1.08876e-06 	
3.415	0.336316 	-0.17707 	0.534045 	0.185365 	-1.34934 	1.09206e-06 	
3.42	0.336365 	-0.177111 	0.533991 	0.187069 	-1.34954 	1.09523e-06 	
3.425	0.336414 	-0.177152 	0.533936 	0.188774 	-1.34973 	1.09827e-06 	
3.43	0.336463 	-0.177193 	0.533881 	0.190481 	-1.34993 	1.10118e-06 	
3.435	0.336512 	-0.177234 	0.533826 	0.19219 	-1.35013 	1.10396e-06 	
3.44	0.336561 	-0.177275 	0.533772 	0.1939 	-1.35032 	1.10661e-06 	
3.445	0.33661 	-0.177316 	0.533717 	0.195612 	-1.35052 	1.10912e-06 	
3.45	0.336659 	-0.177358 	0.533662 	0.197326 	-1.35071 	1.1115e-06 	
3.455	0.336708 	-0.177399 	0.533607 	0.199041 	-1.35091 	1.11375e-06 	
3.46	0.336757 	-0.17744 	0.533552 	0.200757 	-1.35111 	1.11586e-06 	
3.465	0.336806 	-0.177481 	0.533496 	0.202473 	-1.3513 	1.11784e-06 	
3.47	0.336856 	-0.177523 	0.533441 	0.204191 	-1.3515 	1.11968e-06 	
3.475	0.336905 	-0.177564 	0.533386 	0.20591 	-1.3517 	1.12138e-06 	
3.48	0.336954 	-0.177606 	0.533331 	0.20763 	-1.35189 	1.12295e-06 	
3.485	0.337003 	-0.177647 	0.533276 	0.20935 	-1.35209 	1.12438e-06 	
3.49	0.337053 	-0.177688 	0.533221 	0.211071 	-1.35229 	1.12567e-06 	
3.495	0.337102 	-0.17773 	0.533165 	0.212792 	-1.35249 	1.12683e-06 	
3.5	0.337151 	-0.177771 	0.53311 	0.214514 	-1.35268 	1.12784e-06 	
3.505	0.337201 	-0.177813 	0.533055 	0.216236 	-1.35288 	1.12872e-06 	
3.51	0.33725 	-0.177854 	0.533 	0.217958 	-1.35308 	1.12945e-06 	
3.515	0.337299 	-0.177895 	0.532944 	0.219679 	-1.35328 	1.13005e-06 	
3.52	0.337349 	-0.177937 	0.532889 	0.221401 	-1.35347 	1.13051e-06 	
3.525	0.337398 	-0.177978 	0.532834 	0.223123 	-1.35367 	1.13082e-06 	
3.53	0.337447 	-0.17802 	0.532779 	0.224844 	-1.35387 	1.131e-06 	
3.535	0.337497 	-0.178061 	0.532723 	0.226565 	-1.35406 	1.13104e-06 	
3.54	0.337546 	-0.178103 	0.532668 	0.228286 	-1.35426 	1.13093e-06 	
3.545	0.337595 	-0.178144 	0.532613 	0.230005 	-1.35446 	1.13069e-06 	
3.55	0.337644 	-0.178185 	0.532558 	0.231724 	-1.35466 	1.1303e-06 	
3.555	0.337694 	-0.178227 	0.532503 	0.233442 	-1.35485 	1.12978e-06 	
3.56	0.337743 	-0.178268 	0.532448 	0.23516 	-1.35505 	1.12911e-06 	
3.565	0.337792 	-0.178309 	0.532393 	0.236876 	-1.35525 	1.1283e-06 	
3.57	0.337841 	-0.178351 	0.532337 	0.238591 	-1.35544 	1.12736e-06 	
3.575	0.33789 	-0.178392 	0.532283 	0.240305 	-1.35564 	1.12627e-06 	
3.58	0.337939 	-0.178433 	0.532228 	0.242017 	-1.35584 	1.12504e-06 	
3.585	0.337988 	-0.178474 	0.532173 	0.243728 	-1.35603 	1.12367e-06 	
3.59	0.338037 	-0.178515 	0.532118 	0.245437 	-1.35623 	1.12216e-06 	
3.595	0.338086 	-0.178556 	0.532063 	0.247145 	-1.35642 	1.12052e-06 	
3.6	0.338135 	-0.178597 	0.532008 	0.24885 	-1.35662 	1.11873e-06 	
3.605	0.338184 	-0.178638 	0.531954 	0.250554 	-1.35681 	1.1168e-06 	
3.61	0.338233 	-0.178679 	0.531899 	0.252256 	-1.35701 	1.11474e-06 	
3.615	0.338281 	-0.17872 	0.531845 	0.253956 	-1.3572 	1.11254e-06 	
3.62	0.33833 	-0.178761 	0.53179 	0.255653 	-1.3574 	1.1102e-06 	
3.625	0.338379 	-0.178802 	0.531736 	0.257348 	-1.35759 	1.10772e-06 	
3.63	0.338427 	-0.178843 	0.531681 	0.259041 	-1.35779 	1.10511e-06 	
3.635	0.338476 	-0.178883 	0.531627 	0.260731 	-1.35798 	1.10236e-06 	
3.64	0.338524 	-0.178924 	0.531573 	0.262419 	-1.35817 	1.09947e-06 	
3.645	0.338572 	-0.178964 	0.531519 	0.264103 	-1.35837 	1.09645e-06 	
3.65	0.33862 	-0.179005 	0.531465 	0.265785 	-1.35856 	1.0933e-06 	
3.655	0.338668 	-0.179045 	0.531411 	0.267464 	-1.35875 	1.09001e-06 	
3.66	0.338716 	-0.179086 	0.531357 	0.26914 	-1.35894 	1.08659e-06 	
3.665	0.338764 	-0.179126 	0.531304 	0.270813 	-1.35914 	1.08304e-06 	
3.67	0.338812 	-0.179166 	0.53125 	0.272482 	-1.35933 	1.07936e-06 	
3.675	0.33886 	-0.179206 	0.531197 	0.274148 	-1.35952 	1.07554e-06 	
3.68	0.338908 	-0.179246 	0.531143 	0.27581 	-1.35971 	1.0716e-06 	
3.685	0.338955 	-0.179286 	0.53109 	0.277469 	-1.3599 	1.06753e-06 	
3.69	0.339002 	-0.179326 	0.531037 	0.279124 	-1.36009 	1.06333e-06 	
3.695	0.33905 	-0.179365 	0.530984 	0.280776 	-1.36028 	1.059e-06 	
3.7	0.339097 	-0.179405 	0.530931 	0.282423 	-1.36047 	1.05455e-06 	
3.705	0.339144 	-0.179445 	0.530879 	0.284067 	-1.36065 	1.04997e-06 	
3.71	0.339191 	-0.179484 	0.530826 	0.285706 	-1.36084 	1.04527e-06 	
3.715	0.339238 	-0.179523 	0.530773 	0.287341 	-1.36103 	1.04045e-06 	
3.72	0.339285 	-0.179563 	0.530721 	0.288972 	-1.36122 	1.0355e-06 	
3.725	0.339331 	-0.179602 	0.530669 	0.290599 	-1.3614 	1.03044e-06 	
3.73	0.339378 	-0.179641 	0.530617 	0.292221 	-1.36159 	1.02525e-06 	
3.735	0.339424 	-0.17968 	0.530565 	0.293838 	-1.36177 	1.01995e-06 	
3.74	0.33947 	-0.179718 	0.530513 	0.295451 	-1.36196 	1.01453e-06 	
3.745	0.339516 	-0.179757 	0.530462 	0.297058 	-1.36214 	1.009e-06 	
3.75	0.339562 	-0.179796 	0.53041 	0.298661 	-1.36233 	1.00335e-06 	
3.755	0.339608 	-0.179834 	0.530359 	0.300259 	-1.36251 	9.9759e-07 	
3.76	0.339653 	-0.179872 	0.530308 	0.301852 	-1.36269 	9.91718e-07 	
3.765	0.339699 	-0.17991 	0.530257 	0.303439 	-1.36287 	9.85736e-07 	
3.77	0.339744 	-0.179949 	0.530206 	0.305022 	-1.36306 	9.79646e-07 	
3.775	0.339789 	-0.179986 	0.530156 	0.306598 	-1.36324 	9.73449e-07 	
3.78	0.339834 	-0.180024 	0.530105 	0.30817 	-1.36342 	9.67146e-07 	
3.785	0.339879 	-0.180062 	0.530055 	0.309735 	-1.3636 	9.6074e-07 	
3.79	0.339924 	-0.180099 	0.530005 	0.311295 	-1.36377 	9.54231e-07 	
3.795	0.339968 	-0.180137 	0.529955 	0.31285 	-1.36395 	9.47621e-07 	
3.8	0.340013 	-0.180174 	0.529906 	0.314398 	-1.36413 	9.40913e-07 	
3.805	0.340057 	-0.180211 	0.529856 	0.31594 	-1.36431 	9.34106e-07 	
3.81	0.340101 	-0.180247 	0.529807 	0.317476 	-1.36448 	9.27204e-07 	
3.815	0.340145 	-0.180285 	0.529758 	0.319006 	-1.36466 	9.21276e-07 	
3.82	0.340188 	-0.180321 	0.529709 	0.32053 	-1.36483 	9.13227e-07 	
3.825	0.340231 	-0.180357 	0.529661 	0.322047 	-1.36501 	9.06996e-07 	
3.83	0.340275 	-0.180394 	0.529612 	0.323558 	-1.36518 	8.99821e-07 	
3.835	0.340318 	-0.18043 	0.529564 	0.325063 	-1.36535 	8.92463e-07 	
3.84	0.340361 	-0.180466 	0.529516 	0.32656 	-1.36552 	8.8501e-07 	
3.845	0.340403 	-0.180502 	0.529468 	0.328051 	-1.36569 	8.77473e-07 	
3.85	0.340446 	-0.180537 	0.529421 	0.329535 	-1.36586 	8.69854e-07 	
3.855	0.340488 	-0.180573 	0.529373 	0.331012 	-1.36603 	8.62155e-07 	
3.86	0.34053 	-0.180608 	0.529326 	0.332482 	-1.3662 	8.54378e-07 	
3.865	0.340572 	-0.180643 	0.529279 	0.333945 	-1.36637 	8.46526e-07 	
3.87	0.340614 	-0.180678 	0.529232 	0.335401 	-1.36654 	8.38599e-07 	
3.875	0.340655 	-0.180713 	0.529186 	0.336849 	-1.3667 	8.30601e-07 	
3.88	0.340697 	-0.180748 	0.52914 	0.33829 	-1.36687 	8.22533e-07 	
3.885	0.340738 	-0.180782 	0.529094 	0.339724 	-1.36703 	8.14397e-07 	
3.89	0.340779 	-0.180817 	0.529048 	0.34115 	-1.3672 	8.06195e-07 	
3.895	0.340819 	-0.180851 	0.529003 	0.342568 	-1.36736 	7.97929e-07 	
3.9	0.34086 	-0.180885 	0.528957 	0.343979 	-1.36752 	7.89602e-07 	
3.905	0.3409 	-0.180918 	0.528912 	0.345381 	-1.36768 	7.81215e-07 	
3.91	0.34094 	-0.180952 	0.528868 	0.346776 	-1.36784 	7.72771e-07 	
3.915	0.340979 	-0.180985 	0.528823 	0.348163 	-1.368 	7.64272e-07 	
3.92	0.341019 	-0.181018 	0.528779 	0.349542 	-1.36816 	7.55719e-07 	
3.925	0.341058 	-0.181051 	0.528735 	0.350912 	-1.36831 	7.47116e-07 	
3.93	0.341097 	-0.181084 	0.528691 	0.352274 	-1.36847 	7.38463e-07 	
3.935	0.341136 	-0.181117 	0.528648 	0.353628 	-1.36863 	7.29765e-07 	
3.94	0.341174 	-0.181149 	0.528605 	0.354973 	-1.36878 	7.21022e-07 	
3.945	0.341213 	-0.181181 	0.528562 	0.35631 	-1.36893 	7.12237e-07 	
3.95	0.341251 	-0.181213 	0.528519 	0.357639 	-1.36909 	7.03412e-07 	
3.955	0.341288 	-0.181245 	0.528477 	0.358958 	-1.36924 	6.94549e-07 	
3.96	0.341326 	-0.181276 	0.528435 	0.360269 	-1.36939 	6.85652e-07 	
3.965	0.341363 	-0.181307 	0.528393 	0.361571 	-1.36954 	6.76721e-07 	
3.97	0.3414 	-0.181339 	0.528352 	0.362864 	-1.36968 	6.6776e-07 	
3.975	0.341437 	-0.181369 	0.528311 	0.364148 	-1.36983 	6.5877e-07 	
3.98	0.341474 	-0.1814 	0.52827 	0.365423 	-1.36998 	6.49755e-07 	
3.985	0.34151 	-0.18143 	0.528229 	0.366689 	-1.37012 	6.40715e-07 	
3.99	0.34155 	-0.181486 	0.528185 	0.366689 	-1.37012 	6.38527e-07 	
3.995	0.341582 	-0.181493 	0.528149 	0.369065 	-1.3704 	1.97089e-06 	
4	0.341617 	-0.181521 	0.528109 	0.370417 	-1.37055 	8.46386e-07 	
4.005	0.341657 	-0.181575 	0.528066 	0.370417 	-1.37055 	8.44105e-07 	
4.01	0.341687 	-0.181582 	0.52803 	0.372751 	-1.37082 	1.92618e-06 	
4.015	0.341722 	-0.181608 	0.527992 	0.374073 	-1.37097 	8.14028e-07 	
4.02	0.34176 	-0.181661 	0.52795 	0.374073 	-1.37097 	8.11674e-07 	
4.025	0.34179 	-0.181668 	0.527915 	0.376352 	-1.37123 	1.83958e-06 	
4.03	0.341824 	-0.181694 	0.527878 	0.377642 	-1.37138 	7.76376e-07 	
4.035	0.341862 	-0.181746 	0.527836 	0.377642 	-1.37138 	7.73972e-07 	
4.04	0.341891 	-0.181752 	0.527803 	0.379864 	-1.37163 	1.75211e-06 	
4.045	0.341928 	-0.181803 	0.527762 	0.379864 	-1.37163 	1.74968e-06 	
4.05	0.341956 	-0.181807 	0.527729 	0.382145 	-1.37189 	1.93324e-06 	
4.055	0.341993 	-0.181857 	0.527689 	0.382145 	-1.37189 	1.9308e-06 	
4.06	0.342021 	-0.181861 	0.527657 	0.384394 	-1.37215 	1.90492e-06 	
4.065	0.342057 	-0.18191 	0.527618 	0.384394 	-1.37215 	1.90248e-06 	
4.07	0.342084 	-0.181914 	0.527586 	0.386603 	-1.3724 	1.8427e-06 	
4.075	0.342119 	-0.181962 	0.527548 	0.386603 	-1.3724 	1.84026e-06 	
4.08	0.342146 	-0.181966 	0.527517 	0.38877 	-1.37265 	1.77599e-06 	
4.085	0.342181 	-0.182013 	0.527479 	0.38877 	-1.37265 	1.77356e-06 	
4.09	0.342207 	-0.182017 	0.527449 	0.390895 	-1.3729 	1.70898e-06 	
4.095	0.342241 	-0.182063 	0.527412 	0.390895 	-1.3729 	1.70657e-06 	
4.1	0.342266 	-0.182067 	0.527382 	0.392976 	-1.37314 	1.64225e-06 	
4.105	0.3423 	-0.182112 	0.527346 	0.392976 	-1.37314 	1.63986e-06 	
4.11	0.342324 	-0.182116 	0.527317 	0.395014 	-1.37337 	1.57595e-06 	
4.115	0.342357 	-0.18216 	0.527282 	0.395014 	-1.37337 	1.57359e-06 	
4.12	0.342381 	-0.182164 	0.527253 	0.397008 	-1.3736 	1.51016e-06 	
