0	0.0491512 	0.0215826 	-2.01119 	0.262454 	0.532296 	-0.0105206 	
0.005	0.0491512 	0.0215826 	-2.01119 	0.262454 	0.532296 	-0.0105206 	
0.01	0.0491513 	0.0215785 	-2.01118 	0.262454 	0.532297 	-0.0105204 	
0.015	0.0491513 	0.0215728 	-2.01118 	0.262454 	0.532298 	-0.01052 	
0.02	0.0491513 	0.0215649 	-2.01117 	0.262455 	0.5323 	-0.0105195 	
0.025	0.0491513 	0.0215548 	-2.01116 	0.262455 	0.532302 	-0.0105189 	
0.03	0.0491513 	0.0215423 	-2.01115 	0.262455 	0.532305 	-0.0105181 	
0.035	0.0491513 	0.0215274 	-2.01114 	0.262456 	0.532308 	-0.0105172 	
0.04	0.0491514 	0.0215103 	-2.01113 	0.262456 	0.532311 	-0.0105161 	
0.045	0.0491514 	0.0214909 	-2.01111 	0.262457 	0.532315 	-0.0105148 	
0.05	0.0491514 	0.0214691 	-2.0111 	0.262458 	0.53232 	-0.0105135 	
0.055	0.0491515 	0.021445 	-2.01108 	0.262458 	0.532325 	-0.0105119 	
0.06	0.0491515 	0.0214186 	-2.01106 	0.262459 	0.53233 	-0.0105103 	
0.065	0.0491516 	0.0213899 	-2.01104 	0.26246 	0.532336 	-0.0105085 	
0.07	0.0491516 	0.0213589 	-2.01101 	0.262461 	0.532343 	-0.0105065 	
0.075	0.0491517 	0.0213256 	-2.01098 	0.262462 	0.53235 	-0.0105044 	
0.08	0.0491518 	0.0212899 	-2.01096 	0.262464 	0.532357 	-0.0105022 	
0.085	0.0491518 	0.0212482 	-2.01092 	0.262465 	0.532366 	-0.0104995 	
0.09	0.0491519 	0.0212113 	-2.0109 	0.262466 	0.532374 	-0.0104972 	
0.095	0.049152 	0.0211649 	-2.01086 	0.262468 	0.532383 	-0.0104943 	
0.1	0.0491521 	0.0211198 	-2.01082 	0.262469 	0.532393 	-0.0104915 	
0.105	0.0491522 	0.0210724 	-2.01079 	0.262471 	0.532403 	-0.0104885 	
0.11	0.0491523 	0.0210227 	-2.01075 	0.262472 	0.532413 	-0.0104854 	
0.115	0.0491524 	0.0209707 	-2.01071 	0.262474 	0.532424 	-0.0104821 	
0.12	0.0491525 	0.0209164 	-2.01066 	0.262476 	0.532435 	-0.0104787 	
0.125	0.0491526 	0.0208598 	-2.01062 	0.262478 	0.532447 	-0.0104752 	
0.13	0.0491527 	0.020801 	-2.01057 	0.26248 	0.532459 	-0.0104715 	
0.135	0.0491529 	0.0207398 	-2.01052 	0.262481 	0.532472 	-0.0104677 	
0.14	0.049153 	0.0206764 	-2.01047 	0.262484 	0.532485 	-0.0104638 	
0.145	0.0491531 	0.0206107 	-2.01042 	0.262486 	0.532498 	-0.0104597 	
0.15	0.0491533 	0.0205427 	-2.01037 	0.262488 	0.532513 	-0.0104554 	
0.155	0.0491535 	0.0204724 	-2.01031 	0.26249 	0.532527 	-0.0104511 	
0.16	0.0492566 	0.0201771 	-2.01044 	0.262597 	0.534109 	-0.00981226 	
0.165	0.0492568 	0.0201023 	-2.01038 	0.262599 	0.534124 	-0.00980761 	
0.17	0.0492569 	0.0200252 	-2.01032 	0.262602 	0.53414 	-0.00980283 	
0.175	0.0492571 	0.0199459 	-2.01025 	0.262604 	0.534157 	-0.00979792 	
0.18	0.0492573 	0.0198643 	-2.01019 	0.262607 	0.534174 	-0.00979287 	
0.185	0.0492575 	0.0197804 	-2.01012 	0.26261 	0.534191 	-0.00978769 	
0.19	0.0492578 	0.0196943 	-2.01006 	0.262612 	0.534209 	-0.00978238 	
0.195	0.049258 	0.0196059 	-2.00999 	0.262615 	0.534227 	-0.00977694 	
0.2	0.0492582 	0.0195153 	-2.00991 	0.262618 	0.534246 	-0.00977137 	
0.205	0.0492585 	0.0194224 	-2.00984 	0.262621 	0.534265 	-0.00976567 	
0.21	0.0492587 	0.0193273 	-2.00977 	0.262624 	0.534284 	-0.00975984 	
0.215	0.049259 	0.01923 	-2.00969 	0.262628 	0.534304 	-0.00975388 	
0.22	0.0493617 	0.0189108 	-2.00979 	0.262739 	0.535868 	-0.00912116 	
0.225	0.049362 	0.018809 	-2.0097 	0.262743 	0.535889 	-0.00911494 	
0.23	0.0493623 	0.018705 	-2.00962 	0.262746 	0.53591 	-0.0091086 	
0.235	0.0493626 	0.0185988 	-2.00954 	0.26275 	0.535932 	-0.00910213 	
0.24	0.049363 	0.0184903 	-2.00945 	0.262753 	0.535954 	-0.00909554 	
0.245	0.0493633 	0.0183797 	-2.00937 	0.262757 	0.535977 	-0.00908883 	
0.25	0.0493637 	0.0182668 	-2.00928 	0.26276 	0.536 	-0.009082 	
0.255	0.049364 	0.0181518 	-2.00919 	0.262764 	0.536023 	-0.00907505 	
0.26	0.0493644 	0.0180345 	-2.00909 	0.262768 	0.536047 	-0.00906798 	
0.265	0.0493648 	0.0179151 	-2.009 	0.262772 	0.536072 	-0.00906079 	
0.27	0.0494748 	0.0175604 	-2.00909 	0.262897 	0.537732 	-0.00838768 	
0.275	0.0494752 	0.0174366 	-2.00899 	0.262901 	0.537757 	-0.00838025 	
0.28	0.0494756 	0.0173106 	-2.00889 	0.262905 	0.537782 	-0.0083727 	
0.285	0.0494761 	0.0171825 	-2.00879 	0.262909 	0.537808 	-0.00836504 	
0.29	0.0494766 	0.0170522 	-2.00869 	0.262913 	0.537835 	-0.00835727 	
0.295	0.0494771 	0.0169197 	-2.00858 	0.262917 	0.537862 	-0.00834939 	
0.3	0.0494776 	0.0167851 	-2.00847 	0.262922 	0.537889 	-0.00834139 	
0.305	0.0494781 	0.0166483 	-2.00837 	0.262926 	0.537917 	-0.00833329 	
0.31	0.049584 	0.0162872 	-2.00843 	0.263052 	0.539502 	-0.00768926 	
0.315	0.0495845 	0.0161461 	-2.00832 	0.263057 	0.53953 	-0.00768094 	
0.32	0.0495851 	0.016003 	-2.0082 	0.263061 	0.539559 	-0.0076725 	
0.325	0.0495857 	0.0158577 	-2.00809 	0.263066 	0.539588 	-0.00766397 	
0.33	0.0495863 	0.0157103 	-2.00797 	0.263071 	0.539618 	-0.00765533 	
0.335	0.049587 	0.0155607 	-2.00785 	0.263075 	0.539648 	-0.00764659 	
0.34	0.0495876 	0.0154091 	-2.00773 	0.26308 	0.539679 	-0.00763775 	
0.345	0.0495883 	0.0152554 	-2.00761 	0.263085 	0.539709 	-0.00762881 	
0.35	0.0497073 	0.0148522 	-2.00768 	0.263232 	0.541471 	-0.00691083 	
0.355	0.049708 	0.0146943 	-2.00756 	0.263237 	0.541503 	-0.00690168 	
0.36	0.0497087 	0.0145343 	-2.00743 	0.263242 	0.541535 	-0.00689244 	
0.365	0.0497095 	0.0143722 	-2.0073 	0.263247 	0.541567 	-0.0068831 	
0.37	0.0497103 	0.0142081 	-2.00717 	0.263253 	0.5416 	-0.00687368 	
0.375	0.0497111 	0.0140419 	-2.00704 	0.263258 	0.541633 	-0.00686416 	
0.38	0.049712 	0.0138736 	-2.0069 	0.263263 	0.541667 	-0.00685456 	
0.385	0.04983 	0.0134605 	-2.00696 	0.263415 	0.543398 	-0.0061474 	
0.39	0.0498309 	0.0132881 	-2.00682 	0.26342 	0.543432 	-0.0061376 	
0.395	0.0498318 	0.0131138 	-2.00668 	0.263426 	0.543466 	-0.00612772 	
0.4	0.0498327 	0.0129374 	-2.00654 	0.263431 	0.543501 	-0.00611776 	
0.405	0.0498337 	0.012759 	-2.0064 	0.263437 	0.543537 	-0.00610771 	
0.41	0.0498347 	0.0125786 	-2.00625 	0.263443 	0.543572 	-0.00609759 	
0.415	0.049946 	0.0121695 	-2.00628 	0.263591 	0.54519 	-0.00543516 	
0.42	0.0499471 	0.0119851 	-2.00613 	0.263597 	0.545227 	-0.00542486 	
0.425	0.0499482 	0.0117987 	-2.00599 	0.263603 	0.545263 	-0.00541449 	
0.43	0.0499493 	0.0116103 	-2.00584 	0.263609 	0.5453 	-0.00540404 	
0.435	0.0499504 	0.01142 	-2.00568 	0.263615 	0.545338 	-0.00539353 	
0.44	0.0499516 	0.0112277 	-2.00553 	0.263621 	0.545375 	-0.00538294 	
0.445	0.0500701 	0.0107944 	-2.00556 	0.263784 	0.547079 	-0.00468323 	
0.45	0.0500713 	0.0105981 	-2.0054 	0.26379 	0.547118 	-0.00467249 	
0.455	0.0500726 	0.0104 	-2.00524 	0.263796 	0.547156 	-0.00466168 	
0.46	0.0500739 	0.0101999 	-2.00508 	0.263802 	0.547195 	-0.0046508 	
0.465	0.0500752 	0.00999796 	-2.00492 	0.263809 	0.547234 	-0.00463986 	
0.47	0.0500766 	0.00979406 	-2.00476 	0.263815 	0.547274 	-0.00462886 	
0.475	0.0502037 	0.00933421 	-2.00478 	0.263995 	0.549082 	-0.00388417 	
0.48	0.0502051 	0.00912648 	-2.00462 	0.264002 	0.549122 	-0.00387303 	
0.485	0.0502066 	0.00891689 	-2.00445 	0.264008 	0.549163 	-0.00386183 	
0.49	0.0502081 	0.00870543 	-2.00428 	0.264015 	0.549203 	-0.00385058 	
0.495	0.0502096 	0.0084921 	-2.00411 	0.264021 	0.549245 	-0.00383928 	
0.5	0.0503248 	0.00804943 	-2.00411 	0.26419 	0.550867 	-0.00316965 	
0.505	0.0503264 	0.00783236 	-2.00393 	0.264197 	0.550909 	-0.00315822 	
0.51	0.050328 	0.00761347 	-2.00376 	0.264204 	0.550951 	-0.00314675 	
0.515	0.0503297 	0.00739275 	-2.00358 	0.26421 	0.550993 	-0.00313523 	
0.52	0.0503315 	0.00717021 	-2.0034 	0.264217 	0.551035 	-0.00312367 	
0.525	0.050451 	0.00671187 	-2.00339 	0.264397 	0.552702 	-0.0024337 	
0.53	0.0504528 	0.00648567 	-2.00321 	0.264404 	0.552745 	-0.00242203 	
0.535	0.0504546 	0.00625771 	-2.00303 	0.264411 	0.552788 	-0.00241032 	
0.54	0.0504565 	0.00602797 	-2.00284 	0.264418 	0.552832 	-0.00239857 	
0.545	0.0504585 	0.00579645 	-2.00266 	0.264425 	0.552876 	-0.00238679 	
0.55	0.0505841 	0.00531954 	-2.00265 	0.264619 	0.554609 	-0.00166725 	
0.555	0.0505861 	0.00508446 	-2.00246 	0.264626 	0.554653 	-0.00165537 	
0.56	0.0505881 	0.00484766 	-2.00227 	0.264633 	0.554698 	-0.00164347 	
0.565	0.0505902 	0.00460913 	-2.00207 	0.26464 	0.554742 	-0.00163154 	
0.57	0.0505924 	0.00436887 	-2.00188 	0.264648 	0.554787 	-0.00161958 	
0.575	0.0507243 	0.00387353 	-2.00187 	0.264857 	0.556587 	-0.000869926 	
0.58	0.0507265 	0.0036298 	-2.00167 	0.264864 	0.556632 	-0.000857891 	
0.585	0.0507288 	0.00338442 	-2.00148 	0.264871 	0.556678 	-0.000845834 	
0.59	0.0507311 	0.00313735 	-2.00128 	0.264878 	0.556724 	-0.000833757 	
0.595	0.0507335 	0.0028886 	-2.00107 	0.264886 	0.55677 	-0.000821663 	
0.6	0.0508718 	0.00237527 	-2.00106 	0.26511 	0.558635 	-4.22768e-05 	
0.605	0.0508742 	0.00212316 	-2.00086 	0.265118 	0.558681 	-3.01218e-05 	
0.61	0.0508767 	0.00186944 	-2.00065 	0.265125 	0.558728 	-1.79535e-05 	
0.615	0.0508793 	0.00161409 	-2.00044 	0.265133 	0.558775 	-5.77466e-06 	
0.62	0.0509978 	0.00113472 	-2.0004 	0.265331 	0.560358 	0.000656988 	
0.625	0.0510005 	0.000876105 	-2.00019 	0.265338 	0.560405 	0.000669209 	
0.63	0.0510032 	0.00061591 	-1.99998 	0.265346 	0.560453 	0.000681436 	
0.635	0.0510059 	0.000354123 	-1.99976 	0.265353 	0.5605 	0.000693667 	
0.64	0.0511262 	-0.000132819 	-1.99971 	0.265558 	0.562091 	0.00136123 	
0.645	0.051129 	-0.000397785 	-1.99949 	0.265566 	0.562139 	0.00137349 	
0.65	0.0511319 	-0.000664285 	-1.99928 	0.265573 	0.562187 	0.00138575 	
0.655	0.0511349 	-0.000932331 	-1.99906 	0.265581 	0.562235 	0.001398 	
0.66	0.0512591 	-0.00143073 	-1.999 	0.265796 	0.563861 	0.00208237 	
0.665	0.0512621 	-0.00170186 	-1.99878 	0.265804 	0.56391 	0.00209465 	
0.67	0.0512653 	-0.00197449 	-1.99856 	0.265812 	0.563958 	0.00210691 	
0.675	0.0512684 	-0.00224862 	-1.99833 	0.26582 	0.564007 	0.00211916 	
0.68	0.0513967 	-0.00275857 	-1.99827 	0.266046 	0.56567 	0.0028213 	
0.685	0.0514 	-0.0030357 	-1.99805 	0.266054 	0.565719 	0.00283356 	
0.69	0.0514034 	-0.00331427 	-1.99782 	0.266062 	0.565768 	0.0028458 	
0.695	0.0514068 	-0.00359429 	-1.99759 	0.26607 	0.565818 	0.00285802 	
0.7	0.0515392 	-0.00411551 	-1.99753 	0.266308 	0.567516 	0.00357777 	
0.705	0.0515427 	-0.00439845 	-1.9973 	0.266316 	0.567566 	0.00358998 	
0.71	0.0515463 	-0.00468278 	-1.99706 	0.266324 	0.567616 	0.00360217 	
0.715	0.0515499 	-0.00496852 	-1.99683 	0.266332 	0.567666 	0.00361433 	
0.72	0.0516866 	-0.00550068 	-1.99676 	0.266583 	0.569399 	0.00435139 	
0.725	0.0516903 	-0.00578924 	-1.99653 	0.266591 	0.56945 	0.00436353 	
0.73	0.0516941 	-0.00607914 	-1.99629 	0.266599 	0.5695 	0.00437565 	
0.735	0.051698 	-0.0063704 	-1.99605 	0.266607 	0.569551 	0.00438773 	
0.74	0.0518388 	-0.00691317 	-1.99598 	0.26687 	0.571317 	0.00514178 	
0.745	0.0518428 	-0.00720715 	-1.99574 	0.266878 	0.571368 	0.00515383 	
0.75	0.0518468 	-0.00750243 	-1.9955 	0.266886 	0.571419 	0.00516584 	
0.755	0.051851 	-0.00779903 	-1.99525 	0.266894 	0.57147 	0.00517781 	
0.76	0.051996 	-0.00835204 	-1.99518 	0.267169 	0.573269 	0.00594854 	
0.765	0.0520002 	-0.00865126 	-1.99493 	0.267177 	0.57332 	0.00596047 	
0.77	0.0520045 	-0.00895173 	-1.99469 	0.267186 	0.573371 	0.00597235 	
0.775	0.0520088 	-0.00925345 	-1.99444 	0.267194 	0.573423 	0.00598418 	
0.78	0.052158 	-0.00981637 	-1.99436 	0.267482 	0.575253 	0.00677126 	
0.785	0.0521625 	-0.0101206 	-1.99411 	0.26749 	0.575304 	0.00678303 	
0.79	0.052167 	-0.0104261 	-1.99386 	0.267498 	0.575356 	0.00679476 	
0.795	0.0521717 	-0.0107327 	-1.9936 	0.267507 	0.575407 	0.00680643 	
0.8	0.052325 	-0.0113052 	-1.99353 	0.267808 	0.577268 	0.00760951 	
0.805	0.0523298 	-0.0116143 	-1.99327 	0.267816 	0.577319 	0.00762111 	
0.81	0.0523346 	-0.0119245 	-1.99301 	0.267824 	0.577371 	0.00763266 	
0.815	0.0523394 	-0.0122359 	-1.99275 	0.267833 	0.577423 	0.00764415 	
0.82	0.052497 	-0.0128175 	-1.99268 	0.268147 	0.579311 	0.00846288 	
0.825	0.0525019 	-0.0131312 	-1.99241 	0.268155 	0.579363 	0.00847428 	
0.83	0.052507 	-0.013446 	-1.99215 	0.268164 	0.579415 	0.00848562 	
0.835	0.0525121 	-0.0137619 	-1.99189 	0.268172 	0.579467 	0.0084969 	
0.84	0.0526738 	-0.0143523 	-1.99181 	0.2685 	0.581383 	0.00933091 	
0.845	0.0526791 	-0.0146705 	-1.99154 	0.268508 	0.581435 	0.00934209 	
0.85	0.0526844 	-0.0149896 	-1.99128 	0.268516 	0.581487 	0.00935321 	
0.855	0.0526898 	-0.0153099 	-1.99101 	0.268525 	0.581539 	0.00936425 	
0.86	0.0528556 	-0.0159087 	-1.99092 	0.268866 	0.583481 	0.0102132 	
0.865	0.0528612 	-0.016231 	-1.99065 	0.268875 	0.583533 	0.0102241 	
0.87	0.0528668 	-0.0165543 	-1.99038 	0.268883 	0.583585 	0.010235 	
0.875	0.0528724 	-0.0168787 	-1.99011 	0.268891 	0.583637 	0.0102458 	
0.88	0.0530424 	-0.0174855 	-1.99002 	0.269247 	0.585604 	0.0111092 	
0.885	0.0530482 	-0.0178118 	-1.98975 	0.269255 	0.585656 	0.0111199 	
0.89	0.053054 	-0.0181391 	-1.98947 	0.269264 	0.585708 	0.0111305 	
0.895	0.05306 	-0.0184673 	-1.9892 	0.269272 	0.58576 	0.011141 	
0.9	0.053234 	-0.0190818 	-1.98911 	0.269642 	0.58775 	0.0120186 	
0.905	0.0532401 	-0.0194119 	-1.98883 	0.26965 	0.587802 	0.0120289 	
0.91	0.0532462 	-0.0197429 	-1.98855 	0.269658 	0.587854 	0.0120392 	
0.915	0.0533853 	-0.0202983 	-1.98842 	0.269956 	0.589422 	0.0127312 	
0.92	0.0533915 	-0.0206311 	-1.98814 	0.269965 	0.589474 	0.0127413 	
0.925	0.0533979 	-0.0209647 	-1.98785 	0.269973 	0.589526 	0.0127513 	
0.93	0.0534043 	-0.0212993 	-1.98757 	0.269981 	0.589578 	0.0127613 	
0.935	0.0535815 	-0.0219196 	-1.98747 	0.270367 	0.591562 	0.0136428 	
0.94	0.0535881 	-0.0222558 	-1.98719 	0.270376 	0.591613 	0.0136526 	
0.945	0.0535947 	-0.0225928 	-1.9869 	0.270384 	0.591665 	0.0136623 	
0.95	0.0537389 	-0.023158 	-1.98676 	0.270701 	0.593257 	0.01437 	
0.955	0.0537456 	-0.0234966 	-1.98647 	0.270709 	0.593308 	0.0143796 	
0.96	0.0537525 	-0.023836 	-1.98619 	0.270717 	0.593359 	0.014389 	
0.965	0.0538954 	-0.0243993 	-1.98604 	0.271034 	0.594921 	0.0150855 	
0.97	0.0539023 	-0.0247402 	-1.98575 	0.271042 	0.594972 	0.0150948 	
0.975	0.0539094 	-0.0250818 	-1.98546 	0.27105 	0.595024 	0.0151039 	
0.98	0.0540541 	-0.0256484 	-1.98531 	0.271374 	0.596591 	0.0158054 	
0.985	0.0540613 	-0.0259915 	-1.98502 	0.271383 	0.596642 	0.0158144 	
0.99	0.0540686 	-0.0263352 	-1.98472 	0.271391 	0.596693 	0.0158233 	
0.995	0.0542155 	-0.0269054 	-1.98457 	0.271723 	0.598269 	0.0165312 	
1	0.0542229 	-0.0272505 	-1.98428 	0.271731 	0.59832 	0.0165399 	
1.005	0.0542304 	-0.0275962 	-1.98398 	0.271739 	0.59837 	0.0165485 	
1.01	0.0543795 	-0.0281698 	-1.98383 	0.27208 	0.599955 	0.0172629 	
1.015	0.0543871 	-0.0285168 	-1.98353 	0.272088 	0.600006 	0.0172713 	
1.02	0.0543948 	-0.0288644 	-1.98323 	0.272096 	0.600056 	0.0172796 	
1.025	0.0545461 	-0.0294412 	-1.98308 	0.272444 	0.601648 	0.0180002 	
1.03	0.0545539 	-0.02979 	-1.98278 	0.272452 	0.601699 	0.0180083 	
1.035	0.0545618 	-0.0301393 	-1.98248 	0.27246 	0.601749 	0.0180163 	
1.04	0.0547153 	-0.0307191 	-1.98232 	0.272817 	0.603348 	0.018743 	
1.045	0.0547233 	-0.0310696 	-1.98202 	0.272825 	0.603398 	0.0187508 	
1.05	0.0547314 	-0.0314205 	-1.98172 	0.272833 	0.603448 	0.0187585 	
1.055	0.054887 	-0.0320031 	-1.98155 	0.273198 	0.605054 	0.0194911 	
1.06	0.0548952 	-0.0323551 	-1.98125 	0.273205 	0.605104 	0.0194985 	
1.065	0.0549035 	-0.0327075 	-1.98095 	0.273213 	0.605153 	0.0195058 	
1.07	0.0550612 	-0.0332927 	-1.98078 	0.273586 	0.606765 	0.0202441 	
1.075	0.0550696 	-0.033646 	-1.98048 	0.273594 	0.606814 	0.0202512 	
1.08	0.0550781 	-0.0339998 	-1.98017 	0.273602 	0.606863 	0.0202582 	
1.085	0.0552378 	-0.0345873 	-1.98001 	0.273983 	0.608481 	0.0210019 	
1.09	0.0552465 	-0.034942 	-1.9797 	0.273991 	0.60853 	0.0210087 	
1.095	0.0552552 	-0.0352969 	-1.97939 	0.273998 	0.608578 	0.0210153 	
1.1	0.0554169 	-0.0358866 	-1.97922 	0.274388 	0.610201 	0.0217642 	
1.105	0.0554258 	-0.0362424 	-1.97892 	0.274395 	0.610249 	0.0217707 	
1.11	0.0554347 	-0.0365985 	-1.97861 	0.274403 	0.610297 	0.021777 	
1.115	0.0555984 	-0.0371901 	-1.97844 	0.2748 	0.611924 	0.0225309 	
1.12	0.0556075 	-0.0375468 	-1.97813 	0.274807 	0.611971 	0.022537 	
1.125	0.0556166 	-0.0379039 	-1.97782 	0.274815 	0.612019 	0.0225429 	
1.13	0.0557822 	-0.0384972 	-1.97765 	0.27522 	0.613649 	0.0233016 	
1.135	0.0557915 	-0.0388548 	-1.97733 	0.275227 	0.613696 	0.0233073 	
1.14	0.0558008 	-0.0392127 	-1.97702 	0.275235 	0.613743 	0.0233129 	
1.145	0.0559683 	-0.0398075 	-1.97685 	0.275648 	0.615377 	0.0240761 	
1.15	0.0559778 	-0.0401659 	-1.97654 	0.275655 	0.615423 	0.0240815 	
1.155	0.0559873 	-0.0405245 	-1.97622 	0.275662 	0.61547 	0.0240867 	
1.16	0.0561567 	-0.0411205 	-1.97605 	0.276083 	0.617105 	0.0248542 	
1.165	0.0561663 	-0.0414796 	-1.97573 	0.27609 	0.617151 	0.0248592 	
1.17	0.056176 	-0.0418387 	-1.97542 	0.276097 	0.617197 	0.024864 	
1.175	0.0563472 	-0.0424358 	-1.97524 	0.276526 	0.618834 	0.0256357 	
1.18	0.056357 	-0.0427953 	-1.97493 	0.276533 	0.61888 	0.0256403 	
1.185	0.0563669 	-0.0431549 	-1.97461 	0.27654 	0.618925 	0.0256447 	
1.19	0.0565399 	-0.0437528 	-1.97443 	0.276976 	0.620564 	0.0264202 	
1.195	0.0565499 	-0.0441127 	-1.97411 	0.276983 	0.620609 	0.0264244 	
1.2	0.0565599 	-0.0444726 	-1.9738 	0.27699 	0.620654 	0.0264285 	
1.205	0.0567346 	-0.0450711 	-1.97362 	0.277434 	0.622292 	0.0272075 	
1.21	0.0567448 	-0.0454312 	-1.9733 	0.277441 	0.622337 	0.0272114 	
1.215	0.056755 	-0.0457913 	-1.97298 	0.277447 	0.622381 	0.0272151 	
1.22	0.0569313 	-0.0463902 	-1.9728 	0.277899 	0.624019 	0.0279975 	
1.225	0.0569417 	-0.0467504 	-1.97248 	0.277905 	0.624063 	0.0280009 	
1.23	0.0569521 	-0.0471105 	-1.97216 	0.277912 	0.624107 	0.0280042 	
1.235	0.05713 	-0.0477095 	-1.97198 	0.27837 	0.625744 	0.0287897 	
1.24	0.0571405 	-0.0480697 	-1.97166 	0.278377 	0.625787 	0.0287928 	
1.245	0.0571511 	-0.0484298 	-1.97134 	0.278383 	0.62583 	0.0287957 	
1.25	0.0573306 	-0.0490288 	-1.97115 	0.278849 	0.627467 	0.0295841 	
1.255	0.0573413 	-0.0493888 	-1.97083 	0.278855 	0.627509 	0.0295867 	
1.26	0.057352 	-0.0497487 	-1.97052 	0.278861 	0.627551 	0.0295892 	
1.265	0.057533 	-0.0503473 	-1.97033 	0.279334 	0.629186 	0.0303802 	
1.27	0.0575438 	-0.050707 	-1.97001 	0.27934 	0.629228 	0.0303824 	
1.275	0.0575547 	-0.0510666 	-1.96969 	0.279346 	0.629269 	0.0303846 	
1.28	0.0577371 	-0.0516648 	-1.9695 	0.279826 	0.630901 	0.0311778 	
1.285	0.0577481 	-0.0520241 	-1.96918 	0.279831 	0.630942 	0.0311797 	
1.29	0.0577592 	-0.0523832 	-1.96886 	0.279837 	0.630983 	0.0311814 	
1.295	0.0579428 	-0.0529806 	-1.96867 	0.280324 	0.632611 	0.0319767 	
1.3	0.057954 	-0.0533394 	-1.96835 	0.280329 	0.632652 	0.0319782 	
1.305	0.0579653 	-0.0536979 	-1.96803 	0.280335 	0.632692 	0.0319796 	
1.31	0.0581502 	-0.0542943 	-1.96783 	0.280828 	0.634317 	0.0327767 	
1.315	0.0581615 	-0.0546524 	-1.96751 	0.280833 	0.634356 	0.0327778 	
1.32	0.0581729 	-0.0550103 	-1.96719 	0.280839 	0.634396 	0.0327787 	
1.325	0.0583591 	-0.0556055 	-1.967 	0.281338 	0.636016 	0.0335773 	
1.33	0.0583706 	-0.0559628 	-1.96668 	0.281343 	0.636055 	0.033578 	
1.335	0.0583821 	-0.0563198 	-1.96636 	0.281349 	0.636094 	0.0335786 	
1.34	0.0585694 	-0.0569137 	-1.96616 	0.281854 	0.637709 	0.0343784 	
1.345	0.058581 	-0.0572701 	-1.96584 	0.281859 	0.637747 	0.0343787 	
1.35	0.0585927 	-0.0576261 	-1.96552 	0.281864 	0.637786 	0.0343789 	
1.355	0.058781 	-0.0582184 	-1.96533 	0.282375 	0.639395 	0.0351797 	
1.36	0.0587928 	-0.0585737 	-1.96501 	0.28238 	0.639433 	0.0351796 	
1.365	0.0588046 	-0.0589287 	-1.96469 	0.282385 	0.63947 	0.0351794 	
1.37	0.0589939 	-0.0595191 	-1.96449 	0.282902 	0.641073 	0.0359809 	
1.375	0.0590058 	-0.0598733 	-1.96417 	0.282907 	0.64111 	0.0359804 	
1.38	0.0590177 	-0.060227 	-1.96385 	0.282912 	0.641147 	0.0359798 	
1.385	0.059208 	-0.0608154 	-1.96365 	0.283434 	0.642743 	0.0367816 	
1.39	0.05922 	-0.0611683 	-1.96333 	0.283439 	0.64278 	0.0367808 	
1.395	0.059232 	-0.0615207 	-1.96301 	0.283443 	0.642816 	0.0367798 	
1.4	0.0594232 	-0.0621068 	-1.96281 	0.283971 	0.644405 	0.0375818 	
1.405	0.0594352 	-0.0624583 	-1.9625 	0.283975 	0.64444 	0.0375806 	
1.41	0.0594474 	-0.0628092 	-1.96218 	0.28398 	0.644475 	0.0375792 	
1.415	0.0596393 	-0.0633929 	-1.96198 	0.284512 	0.646057 	0.0383809 	
1.42	0.0596515 	-0.0637428 	-1.96166 	0.284516 	0.646091 	0.0383794 	
1.425	0.0596637 	-0.0640921 	-1.96134 	0.284521 	0.646126 	0.0383777 	
1.43	0.0598563 	-0.0646731 	-1.96114 	0.285058 	0.647698 	0.0391789 	
1.435	0.0598686 	-0.0650214 	-1.96083 	0.285062 	0.647732 	0.0391769 	
1.44	0.0598809 	-0.065369 	-1.96051 	0.285066 	0.647766 	0.0391749 	
1.445	0.0600741 	-0.0659471 	-1.96031 	0.285608 	0.64933 	0.0399753 	
1.45	0.0600865 	-0.0662936 	-1.95999 	0.285612 	0.649363 	0.039973 	
1.455	0.0600989 	-0.0666394 	-1.95968 	0.285616 	0.649396 	0.0399705 	
1.46	0.0602926 	-0.0672144 	-1.95947 	0.286161 	0.65095 	0.0407699 	
1.465	0.0603051 	-0.067559 	-1.95916 	0.286165 	0.650983 	0.0407672 	
1.47	0.0603176 	-0.0679028 	-1.95884 	0.286169 	0.651015 	0.0407644 	
1.475	0.0605117 	-0.0684746 	-1.95864 	0.286718 	0.652559 	0.0415624 	
1.48	0.0605242 	-0.0688171 	-1.95833 	0.286722 	0.65259 	0.0415593 	
1.485	0.0605368 	-0.0691589 	-1.95802 	0.286726 	0.652622 	0.0415562 	
1.49	0.0607312 	-0.0697271 	-1.95781 	0.287279 	0.654155 	0.0423524 	
1.495	0.0607438 	-0.0700675 	-1.9575 	0.287282 	0.654186 	0.0423491 	
1.5	0.0607565 	-0.0704071 	-1.95719 	0.287286 	0.654217 	0.0423456 	
1.505	0.0609512 	-0.0709716 	-1.95698 	0.287842 	0.655739 	0.0431398 	
1.51	0.0609638 	-0.0713097 	-1.95667 	0.287845 	0.655769 	0.0431361 	
1.515	0.0609765 	-0.071647 	-1.95636 	0.287849 	0.655799 	0.0431323 	
1.52	0.0611714 	-0.0722076 	-1.95616 	0.288408 	0.657309 	0.0439242 	
1.525	0.0611841 	-0.0725434 	-1.95585 	0.288411 	0.657339 	0.0439202 	
1.53	0.0611969 	-0.0728783 	-1.95554 	0.288414 	0.657368 	0.043916 	
1.535	0.0613918 	-0.0734348 	-1.95534 	0.288976 	0.658866 	0.0447053 	
1.54	0.0614045 	-0.073768 	-1.95503 	0.288979 	0.658895 	0.044701 	
1.545	0.0614173 	-0.0741004 	-1.95472 	0.288982 	0.658923 	0.0446965 	
1.55	0.0616122 	-0.0746526 	-1.95452 	0.289547 	0.660409 	0.0454828 	
1.555	0.061625 	-0.0749832 	-1.95421 	0.28955 	0.660437 	0.0454781 	
1.56	0.0616378 	-0.0753129 	-1.95391 	0.289552 	0.660464 	0.0454734 	
1.565	0.0618325 	-0.0758606 	-1.9537 	0.290119 	0.661936 	0.0462564 	
1.57	0.0618454 	-0.0761885 	-1.9534 	0.290122 	0.661964 	0.0462514 	
1.575	0.0618582 	-0.0765155 	-1.9531 	0.290124 	0.66199 	0.0462464 	
1.58	0.0620527 	-0.0770585 	-1.95289 	0.290692 	0.663449 	0.0470258 	
1.585	0.0620656 	-0.0773836 	-1.95259 	0.290695 	0.663475 	0.0470206 	
1.59	0.0620785 	-0.0777077 	-1.95229 	0.290697 	0.663502 	0.0470152 	
1.595	0.0622726 	-0.0782458 	-1.95209 	0.291267 	0.664946 	0.0477907 	
1.6	0.0622855 	-0.0785679 	-1.95179 	0.291269 	0.664972 	0.0477852 	
1.605	0.0622984 	-0.078889 	-1.95149 	0.291271 	0.664997 	0.0477796 	
1.61	0.0623113 	-0.0792091 	-1.95119 	0.291273 	0.665022 	0.0477738 	
1.615	0.062559 	-0.0798046 	-1.95102 	0.292014 	0.66687 	0.0487766 	
1.62	0.0625719 	-0.0801227 	-1.95072 	0.292016 	0.666894 	0.0487707 	
1.625	0.0625848 	-0.0804396 	-1.95043 	0.292018 	0.666919 	0.0487647 	
1.63	0.0627833 	-0.080972 	-1.95023 	0.292607 	0.66837 	0.0495537 	
1.635	0.0627962 	-0.0812869 	-1.94993 	0.292609 	0.668394 	0.0495475 	
1.64	0.062809 	-0.0816006 	-1.94964 	0.292611 	0.668418 	0.0495412 	
1.645	0.0628219 	-0.0819132 	-1.94935 	0.292613 	0.668441 	0.0495349 	
1.65	0.0630684 	-0.0824952 	-1.94917 	0.293357 	0.670247 	0.0505257 	
1.655	0.0630812 	-0.0828056 	-1.94888 	0.293358 	0.67027 	0.0505192 	
1.66	0.0630941 	-0.0831148 	-1.94859 	0.29336 	0.670292 	0.0505126 	
1.665	0.0631069 	-0.0834229 	-1.94831 	0.293361 	0.670315 	0.0505059 	
1.67	0.063357 	-0.084002 	-1.94813 	0.294121 	0.672129 	0.0515087 	
1.675	0.0633698 	-0.0843078 	-1.94785 	0.294122 	0.672151 	0.0515019 	
1.68	0.0633826 	-0.0846123 	-1.94756 	0.294124 	0.672173 	0.051495 	
1.685	0.0633954 	-0.0849157 	-1.94728 	0.294125 	0.672195 	0.051488 	
1.69	0.0636443 	-0.0854863 	-1.94711 	0.294885 	0.673983 	0.0524827 	
1.695	0.063657 	-0.0857873 	-1.94682 	0.294886 	0.674004 	0.0524756 	
1.7	0.0636698 	-0.086087 	-1.94654 	0.294887 	0.674025 	0.0524685 	
1.705	0.0636825 	-0.0863856 	-1.94626 	0.294888 	0.674046 	0.0524612 	
1.71	0.0639296 	-0.0869468 	-1.94609 	0.295646 	0.675804 	0.053445 	
1.715	0.0639423 	-0.0872428 	-1.94581 	0.295647 	0.675824 	0.0534377 	
1.72	0.063955 	-0.0875375 	-1.94553 	0.295648 	0.675844 	0.0534302 	
1.725	0.0639676 	-0.087831 	-1.94526 	0.295649 	0.675864 	0.0534228 	
1.73	0.0642126 	-0.0883825 	-1.94509 	0.296404 	0.677591 	0.0543947 	
1.735	0.0642252 	-0.0886734 	-1.94481 	0.296405 	0.67761 	0.0543871 	
1.74	0.0642378 	-0.0889629 	-1.94454 	0.296406 	0.677629 	0.0543795 	
1.745	0.0642503 	-0.0892511 	-1.94427 	0.296406 	0.677648 	0.0543718 	
1.75	0.0644929 	-0.0897926 	-1.9441 	0.297157 	0.679342 	0.0553311 	
1.755	0.0645054 	-0.0900781 	-1.94383 	0.297158 	0.67936 	0.0553233 	
1.76	0.0645179 	-0.0903623 	-1.94356 	0.297158 	0.679378 	0.0553154 	
1.765	0.0645304 	-0.0906451 	-1.94329 	0.297159 	0.679396 	0.0553075 	
1.77	0.0647703 	-0.0911762 	-1.94312 	0.297905 	0.681057 	0.0562534 	
1.775	0.0647827 	-0.0914563 	-1.94286 	0.297905 	0.681074 	0.0562454 	
1.78	0.0647951 	-0.0917349 	-1.9426 	0.297906 	0.681091 	0.0562374 	
1.785	0.0648074 	-0.0920121 	-1.94233 	0.297906 	0.681108 	0.0562292 	
1.79	0.0650445 	-0.0925326 	-1.94217 	0.298646 	0.682734 	0.057161 	
1.795	0.0650568 	-0.092807 	-1.94191 	0.298646 	0.682751 	0.0571528 	
1.8	0.065069 	-0.0930799 	-1.94165 	0.298647 	0.682767 	0.0571446 	
1.805	0.0650812 	-0.0933514 	-1.94139 	0.298647 	0.682784 	0.0571363 	
1.81	0.0653152 	-0.0938608 	-1.94122 	0.29938 	0.684374 	0.0580531 	
1.815	0.0653273 	-0.0941294 	-1.94097 	0.29938 	0.68439 	0.0580447 	
1.82	0.0653394 	-0.0943965 	-1.94071 	0.29938 	0.684406 	0.0580364 	
1.825	0.0653514 	-0.0946621 	-1.94046 	0.299381 	0.684421 	0.058028 	
1.83	0.0655821 	-0.0951603 	-1.9403 	0.300106 	0.685976 	0.058929 	
1.835	0.065594 	-0.0954229 	-1.94005 	0.300106 	0.685991 	0.0589206 	
1.84	0.065606 	-0.0956839 	-1.9398 	0.300106 	0.686006 	0.0589121 	
1.845	0.0656178 	-0.0959434 	-1.93955 	0.300106 	0.68602 	0.0589036 	
1.85	0.0658449 	-0.0964301 	-1.93939 	0.300823 	0.687538 	0.0597881 	
1.855	0.0658567 	-0.0966865 	-1.93915 	0.300823 	0.687552 	0.0597796 	
1.86	0.0658684 	-0.0969414 	-1.9389 	0.300823 	0.687566 	0.059771 	
1.865	0.0658801 	-0.0971948 	-1.93866 	0.300823 	0.68758 	0.0597624 	
1.87	0.0661034 	-0.0976696 	-1.9385 	0.30153 	0.68906 	0.0606297 	
1.875	0.0661149 	-0.0979198 	-1.93826 	0.30153 	0.689073 	0.0606211 	
1.88	0.0661265 	-0.0981683 	-1.93802 	0.301529 	0.689086 	0.0606125 	
1.885	0.066138 	-0.0984153 	-1.93779 	0.301529 	0.689099 	0.0606038 	
1.89	0.0663572 	-0.098878 	-1.93763 	0.302226 	0.690541 	0.0614531 	
1.895	0.0663685 	-0.0991218 	-1.9374 	0.302226 	0.690554 	0.0614444 	
1.9	0.0663799 	-0.0993639 	-1.93717 	0.302225 	0.690566 	0.0614358 	
1.905	0.0663911 	-0.0996044 	-1.93694 	0.302225 	0.690578 	0.0614271 	
1.91	0.066606 	-0.100055 	-1.93678 	0.30291 	0.691981 	0.0622577 	
1.915	0.0666172 	-0.100292 	-1.93655 	0.30291 	0.691993 	0.062249 	
1.92	0.0666283 	-0.100527 	-1.93633 	0.302909 	0.692004 	0.0622403 	
1.925	0.0666393 	-0.100761 	-1.9361 	0.302909 	0.692016 	0.0622316 	
1.93	0.0666503 	-0.100993 	-1.93588 	0.302908 	0.692028 	0.0622229 	
1.935	0.0669047 	-0.101475 	-1.93575 	0.30373 	0.693687 	0.0632147 	
1.94	0.0669155 	-0.101704 	-1.93553 	0.30373 	0.693698 	0.063206 	
1.945	0.0669263 	-0.101931 	-1.93531 	0.303729 	0.693709 	0.0631973 	
1.95	0.0669371 	-0.102156 	-1.93509 	0.303728 	0.69372 	0.0631887 	
1.955	0.0669478 	-0.10238 	-1.93488 	0.303728 	0.693731 	0.06318 	
1.96	0.0671994 	-0.102848 	-1.93475 	0.304545 	0.695359 	0.0641597 	
1.965	0.0672099 	-0.103068 	-1.93454 	0.304544 	0.695369 	0.064151 	
1.97	0.0672204 	-0.103286 	-1.93432 	0.304544 	0.695379 	0.0641424 	
1.975	0.0672308 	-0.103503 	-1.93412 	0.304543 	0.695389 	0.0641338 	
1.98	0.0672412 	-0.103718 	-1.93391 	0.304542 	0.695399 	0.0641252 	
1.985	0.0674854 	-0.104168 	-1.93378 	0.305338 	0.696966 	0.0650737 	
1.99	0.0674956 	-0.10438 	-1.93358 	0.305337 	0.696975 	0.0650651 	
1.995	0.0675057 	-0.104589 	-1.93338 	0.305337 	0.696985 	0.0650566 	
2	0.0675158 	-0.104797 	-1.93318 	0.305336 	0.696994 	0.0650481 	
2.005	0.0675258 	-0.105003 	-1.93298 	0.305335 	0.697003 	0.0650396 	
2.01	0.0677618 	-0.105434 	-1.93286 	0.306107 	0.698504 	0.0659539 	
2.015	0.0677716 	-0.105637 	-1.93266 	0.306106 	0.698513 	0.0659454 	
2.02	0.0677814 	-0.105837 	-1.93247 	0.306105 	0.698521 	0.065937 	
2.025	0.0677911 	-0.106036 	-1.93227 	0.306104 	0.69853 	0.0659287 	
2.03	0.0678008 	-0.106233 	-1.93208 	0.306103 	0.698538 	0.0659203 	
2.035	0.068028 	-0.106645 	-1.93196 	0.306849 	0.699972 	0.0667988 	
2.04	0.0680375 	-0.106838 	-1.93178 	0.306848 	0.69998 	0.0667905 	
2.045	0.0680469 	-0.10703 	-1.93159 	0.306847 	0.699988 	0.0667823 	
2.05	0.0680562 	-0.107219 	-1.93141 	0.306846 	0.699996 	0.0667741 	
2.055	0.0680655 	-0.107407 	-1.93123 	0.306845 	0.700004 	0.0667659 	
2.06	0.0682836 	-0.107799 	-1.93111 	0.307564 	0.70137 	0.0676073 	
2.065	0.0682926 	-0.107983 	-1.93093 	0.307563 	0.701378 	0.0675993 	
2.07	0.0683016 	-0.108165 	-1.93076 	0.307561 	0.701385 	0.0675913 	
2.075	0.0683106 	-0.108345 	-1.93058 	0.30756 	0.701392 	0.0675833 	
2.08	0.0683194 	-0.108524 	-1.93041 	0.307559 	0.701399 	0.0675754 	
2.085	0.0683282 	-0.1087 	-1.93024 	0.307558 	0.701406 	0.0675675 	
2.09	0.0685714 	-0.109105 	-1.93014 	0.308367 	0.702927 	0.0685113 	
2.095	0.06858 	-0.109277 	-1.92997 	0.308366 	0.702933 	0.0685035 	
2.1	0.0685885 	-0.109448 	-1.92981 	0.308365 	0.70294 	0.0684958 	
2.105	0.0685969 	-0.109616 	-1.92964 	0.308364 	0.702946 	0.0684881 	
2.11	0.0686053 	-0.109783 	-1.92948 	0.308363 	0.702952 	0.0684805 	
2.115	0.0686135 	-0.109948 	-1.92932 	0.308362 	0.702959 	0.0684729 	
2.12	0.0688464 	-0.11033 	-1.92923 	0.30914 	0.704404 	0.0693756 	
2.125	0.0688545 	-0.110491 	-1.92907 	0.309139 	0.70441 	0.0693682 	
2.13	0.0688625 	-0.110649 	-1.92892 	0.309138 	0.704416 	0.0693608 	
2.135	0.0688704 	-0.110806 	-1.92877 	0.309137 	0.704421 	0.0693535 	
2.14	0.0688782 	-0.110961 	-1.92861 	0.309135 	0.704427 	0.0693462 	
2.145	0.0688859 	-0.111114 	-1.92847 	0.309134 	0.704433 	0.0693391 	
2.15	0.0691044 	-0.111469 	-1.92838 	0.309867 	0.705778 	0.0701843 	
2.155	0.0691119 	-0.111618 	-1.92824 	0.309866 	0.705783 	0.0701772 	
2.16	0.0691194 	-0.111765 	-1.92809 	0.309864 	0.705789 	0.0701703 	
2.165	0.0691267 	-0.11191 	-1.92795 	0.309863 	0.705794 	0.0701634 	
2.17	0.069134 	-0.112053 	-1.92781 	0.309862 	0.705799 	0.0701565 	
2.175	0.0691411 	-0.112194 	-1.92767 	0.309861 	0.705804 	0.0701498 	
2.18	0.0691482 	-0.112333 	-1.92754 	0.30986 	0.705808 	0.0701431 	
2.185	0.069379 	-0.112685 	-1.92747 	0.31064 	0.707226 	0.0710395 	
2.19	0.0693859 	-0.11282 	-1.92734 	0.310639 	0.70723 	0.071033 	
2.195	0.0693926 	-0.112953 	-1.92721 	0.310638 	0.707235 	0.0710265 	
2.2	0.0693993 	-0.113084 	-1.92708 	0.310636 	0.707239 	0.0710201 	
2.205	0.0694059 	-0.113213 	-1.92695 	0.310635 	0.707243 	0.0710138 	
2.21	0.0694124 	-0.11334 	-1.92683 	0.310634 	0.707248 	0.0710076 	
2.215	0.0694187 	-0.113464 	-1.92671 	0.310633 	0.707252 	0.0710015 	
2.22	0.069425 	-0.113587 	-1.92659 	0.310632 	0.707256 	0.0709954 	
2.225	0.0696621 	-0.113928 	-1.92653 	0.311439 	0.708705 	0.071919 	
2.23	0.0696681 	-0.114046 	-1.92642 	0.311438 	0.708709 	0.0719131 	
2.235	0.0696741 	-0.114163 	-1.9263 	0.311437 	0.708713 	0.0719073 	
2.24	0.06968 	-0.114277 	-1.92619 	0.311436 	0.708717 	0.0719016 	
2.245	0.0696858 	-0.11439 	-1.92608 	0.311435 	0.70872 	0.071896 	
2.25	0.0696914 	-0.1145 	-1.92597 	0.311434 	0.708724 	0.0718905 	
2.255	0.069697 	-0.114608 	-1.92587 	0.311433 	0.708727 	0.071885 	
2.26	0.0697025 	-0.114715 	-1.92576 	0.311432 	0.70873 	0.0718797 	
2.265	0.0697079 	-0.114819 	-1.92566 	0.311431 	0.708733 	0.0718744 	
2.27	0.0699399 	-0.115135 	-1.92562 	0.312227 	0.710146 	0.0727809 	
2.275	0.0699451 	-0.115235 	-1.92553 	0.312226 	0.710149 	0.0727758 	
2.28	0.0699501 	-0.115333 	-1.92543 	0.312225 	0.710152 	0.0727708 	
2.285	0.0699551 	-0.115429 	-1.92533 	0.312224 	0.710155 	0.0727659 	
2.29	0.0699599 	-0.115522 	-1.92524 	0.312223 	0.710158 	0.0727612 	
2.295	0.0699647 	-0.115614 	-1.92515 	0.312222 	0.710161 	0.0727565 	
2.3	0.0699693 	-0.115703 	-1.92506 	0.312221 	0.710163 	0.0727519 	
2.305	0.0699738 	-0.11579 	-1.92498 	0.31222 	0.710166 	0.0727474 	
2.31	0.0699782 	-0.115875 	-1.9249 	0.312219 	0.710168 	0.072743 	
2.315	0.0699826 	-0.115959 	-1.92481 	0.312218 	0.710171 	0.0727387 	
2.32	0.0699868 	-0.116039 	-1.92473 	0.312218 	0.710173 	0.0727345 	
2.325	0.0702165 	-0.11633 	-1.92472 	0.313012 	0.711568 	0.0736358 	
2.33	0.0702205 	-0.116407 	-1.92464 	0.313011 	0.71157 	0.0736318 	
2.335	0.0702243 	-0.116481 	-1.92457 	0.31301 	0.711572 	0.0736279 	
2.34	0.0702281 	-0.116554 	-1.9245 	0.313009 	0.711574 	0.0736241 	
2.345	0.0702318 	-0.116624 	-1.92443 	0.313009 	0.711576 	0.0736205 	
2.35	0.0702353 	-0.116692 	-1.92436 	0.313008 	0.711578 	0.0736169 	
2.355	0.0702387 	-0.116758 	-1.9243 	0.313007 	0.71158 	0.0736135 	
2.36	0.0702421 	-0.116822 	-1.92423 	0.313007 	0.711582 	0.0736101 	
2.365	0.0702453 	-0.116884 	-1.92417 	0.313006 	0.711583 	0.0736069 	
2.37	0.0702484 	-0.116943 	-1.92411 	0.313005 	0.711585 	0.0736037 	
2.375	0.0702514 	-0.117001 	-1.92406 	0.313005 	0.711587 	0.0736007 	
2.38	0.0702543 	-0.117056 	-1.924 	0.313004 	0.711588 	0.0735978 	
2.385	0.0702571 	-0.117109 	-1.92395 	0.313004 	0.71159 	0.073595 	
2.39	0.0702597 	-0.11716 	-1.9239 	0.313003 	0.711591 	0.0735923 	
2.395	0.0702623 	-0.117209 	-1.92385 	0.313002 	0.711593 	0.0735897 	
2.4	0.0702647 	-0.117256 	-1.92381 	0.313002 	0.711594 	0.0735872 	
2.405	0.0704911 	-0.117509 	-1.92382 	0.313793 	0.712967 	0.0744822 	
2.41	0.0704933 	-0.117551 	-1.92378 	0.313793 	0.712968 	0.0744799 	
2.415	0.0704954 	-0.117591 	-1.92374 	0.313792 	0.712969 	0.0744778 	
2.42	0.0704972 	-0.117626 	-1.92371 	0.313792 	0.71297 	0.0744759 	
2.425	0.0704993 	-0.117665 	-1.92367 	0.313791 	0.712971 	0.0744738 	
2.43	0.0705009 	-0.117696 	-1.92364 	0.313791 	0.712972 	0.0744722 	
2.435	0.0705025 	-0.117727 	-1.92361 	0.313791 	0.712973 	0.0744705 	
2.44	0.070504 	-0.117757 	-1.92358 	0.31379 	0.712974 	0.074469 	
2.445	0.0705055 	-0.117784 	-1.92355 	0.31379 	0.712974 	0.0744675 	
2.45	0.0705068 	-0.117809 	-1.92353 	0.31379 	0.712975 	0.0744662 	
2.455	0.070508 	-0.117832 	-1.9235 	0.31379 	0.712976 	0.0744649 	
2.46	0.0705091 	-0.117853 	-1.92348 	0.313789 	0.712976 	0.0744638 	
2.465	0.0705101 	-0.117872 	-1.92346 	0.313789 	0.712977 	0.0744628 	
2.47	0.070511 	-0.117889 	-1.92345 	0.313789 	0.712977 	0.0744619 	
2.475	0.0705117 	-0.117903 	-1.92343 	0.313789 	0.712978 	0.0744612 	
2.48	0.0705124 	-0.117915 	-1.92342 	0.313789 	0.712978 	0.0744605 	
2.485	0.0705129 	-0.117925 	-1.92341 	0.313789 	0.712978 	0.07446 	
2.49	0.0705133 	-0.117933 	-1.9234 	0.313788 	0.712978 	0.0744596 	
2.495	0.0705136 	-0.117939 	-1.9234 	0.313788 	0.712979 	0.0744593 	
2.5	0.0705136 	-0.117939 	-1.9234 	0.313788 	0.712979 	0.0744593 	
2.505	0.0705101 	-0.117939 	-1.9234 	0.31379 	0.712979 	0.074464 	
2.51	0.0705101 	-0.117939 	-1.9234 	0.31379 	0.712979 	0.074464 	
2.515	0.0705101 	-0.117939 	-1.9234 	0.31379 	0.712979 	0.074464 	
2.52	0.0705108 	-0.117937 	-1.9234 	0.313788 	0.712974 	0.0744608 	
2.525	0.0705118 	-0.117936 	-1.92339 	0.313786 	0.71297 	0.0744576 	
2.53	0.070513 	-0.117934 	-1.92339 	0.313784 	0.712964 	0.0744536 	
2.535	0.0705145 	-0.117931 	-1.92338 	0.313782 	0.712957 	0.0744487 	
2.54	0.0705163 	-0.117929 	-1.92338 	0.313779 	0.712949 	0.074443 	
2.545	0.0705184 	-0.117925 	-1.92337 	0.313776 	0.712939 	0.0744363 	
2.55	0.0705207 	-0.117922 	-1.92336 	0.313772 	0.712928 	0.0744287 	
2.555	0.0705234 	-0.117918 	-1.92335 	0.313767 	0.712916 	0.0744202 	
2.56	0.0705263 	-0.117913 	-1.92334 	0.313762 	0.712902 	0.0744108 	
2.565	0.0705295 	-0.117908 	-1.92333 	0.313757 	0.712887 	0.0744005 	
2.57	0.0705329 	-0.117903 	-1.92332 	0.313751 	0.712871 	0.0743893 	
2.575	0.0705367 	-0.117897 	-1.9233 	0.313745 	0.712854 	0.0743772 	
2.58	0.0705407 	-0.11789 	-1.92329 	0.313738 	0.712835 	0.0743642 	
2.585	0.070545 	-0.117884 	-1.92327 	0.313731 	0.712815 	0.0743503 	
2.59	0.0705496 	-0.117877 	-1.92326 	0.313724 	0.712794 	0.0743355 	
2.595	0.0705544 	-0.117869 	-1.92324 	0.313716 	0.712771 	0.0743198 	
2.6	0.0705596 	-0.117861 	-1.92322 	0.313707 	0.712748 	0.0743032 	
2.605	0.070565 	-0.117852 	-1.9232 	0.313698 	0.712722 	0.0742857 	
2.61	0.0705707 	-0.117844 	-1.92318 	0.313689 	0.712696 	0.0742673 	
2.615	0.0705766 	-0.117834 	-1.92316 	0.313679 	0.712668 	0.074248 	
2.62	0.0705829 	-0.117824 	-1.92314 	0.313668 	0.712639 	0.0742279 	
2.625	0.0705894 	-0.117814 	-1.92311 	0.313658 	0.712609 	0.0742068 	
2.63	0.0705969 	-0.117802 	-1.92309 	0.313645 	0.712574 	0.0741827 	
2.635	0.0706033 	-0.117792 	-1.92306 	0.313635 	0.712544 	0.0741618 	
2.64	0.0706113 	-0.11778 	-1.92303 	0.313621 	0.712507 	0.0741359 	
2.645	0.070619 	-0.117768 	-1.92301 	0.313609 	0.712471 	0.0741112 	
2.65	0.0706269 	-0.117756 	-1.92298 	0.313595 	0.712435 	0.0740857 	
2.655	0.0706351 	-0.117743 	-1.92295 	0.313582 	0.712397 	0.0740592 	
2.66	0.0706435 	-0.117729 	-1.92292 	0.313568 	0.712357 	0.0740319 	
2.665	0.0706523 	-0.117716 	-1.92289 	0.313553 	0.712317 	0.0740037 	
2.67	0.0706689 	-0.11771 	-1.92284 	0.313535 	0.712273 	0.0739645 	
2.675	0.0706783 	-0.117696 	-1.92281 	0.31352 	0.71223 	0.0739344 	
2.68	0.0706878 	-0.117681 	-1.92277 	0.313504 	0.712186 	0.0739036 	
2.685	0.0706977 	-0.117666 	-1.92274 	0.313488 	0.71214 	0.0738719 	
2.69	0.0707077 	-0.11765 	-1.9227 	0.313471 	0.712093 	0.0738393 	
2.695	0.0707181 	-0.117634 	-1.92266 	0.313454 	0.712045 	0.0738059 	
2.7	0.0707287 	-0.117617 	-1.92262 	0.313436 	0.711996 	0.0737716 	
2.705	0.0707396 	-0.1176 	-1.92259 	0.313418 	0.711945 	0.0737364 	
2.71	0.0707508 	-0.117583 	-1.92255 	0.3134 	0.711893 	0.0737004 	
2.715	0.0707622 	-0.117565 	-1.9225 	0.313381 	0.71184 	0.0736635 	
2.72	0.0707739 	-0.117547 	-1.92246 	0.313361 	0.711786 	0.0736258 	
2.725	0.0707858 	-0.117528 	-1.92242 	0.313342 	0.71173 	0.0735873 	
2.73	0.070798 	-0.117509 	-1.92237 	0.313321 	0.711674 	0.0735478 	
2.735	0.0708105 	-0.117489 	-1.92233 	0.313301 	0.711616 	0.0735076 	
2.74	0.0708232 	-0.117469 	-1.92228 	0.31328 	0.711556 	0.0734665 	
2.745	0.0708362 	-0.117449 	-1.92224 	0.313258 	0.711496 	0.0734245 	
2.75	0.0708495 	-0.117429 	-1.92219 	0.313236 	0.711434 	0.0733817 	
2.755	0.070863 	-0.117407 	-1.92214 	0.313214 	0.711371 	0.0733381 	
2.76	0.070826 	-0.117076 	-1.92201 	0.313324 	0.709663 	0.0736041 	
2.765	0.07084 	-0.117054 	-1.92196 	0.313301 	0.709598 	0.0735588 	
2.77	0.0708544 	-0.117032 	-1.92191 	0.313278 	0.709531 	0.0735128 	
2.775	0.0708689 	-0.117009 	-1.92186 	0.313254 	0.709464 	0.0734659 	
2.78	0.0708837 	-0.116986 	-1.92181 	0.313229 	0.709395 	0.0734182 	
2.785	0.0708988 	-0.116963 	-1.92175 	0.313204 	0.709325 	0.0733696 	
2.79	0.0709141 	-0.116939 	-1.9217 	0.313179 	0.709254 	0.0733203 	
2.795	0.0709297 	-0.116915 	-1.92164 	0.313154 	0.709181 	0.0732701 	
2.8	0.0709456 	-0.11689 	-1.92158 	0.313128 	0.709108 	0.0732192 	
2.805	0.0709617 	-0.116865 	-1.92152 	0.313101 	0.709033 	0.0731674 	
2.81	0.070978 	-0.11684 	-1.92146 	0.313074 	0.708957 	0.0731149 	
2.815	0.0709946 	-0.116814 	-1.9214 	0.313047 	0.70888 	0.0730615 	
2.82	0.0710114 	-0.116788 	-1.92134 	0.313019 	0.708802 	0.0730074 	
2.825	0.0710285 	-0.116762 	-1.92128 	0.312991 	0.708722 	0.0729524 	
2.83	0.0710458 	-0.116735 	-1.92122 	0.312963 	0.708642 	0.0728967 	
2.835	0.0709504 	-0.116404 	-1.92108 	0.312773 	0.706856 	0.0727783 	
2.84	0.0709683 	-0.116376 	-1.92101 	0.312743 	0.706774 	0.0727211 	
2.845	0.0709864 	-0.116349 	-1.92095 	0.312714 	0.70669 	0.0726631 	
2.85	0.0710047 	-0.11632 	-1.92088 	0.312684 	0.706605 	0.0726043 	
2.855	0.0710233 	-0.116292 	-1.92081 	0.312654 	0.706519 	0.0725448 	
2.86	0.0710421 	-0.116263 	-1.92074 	0.312623 	0.706431 	0.0724845 	
2.865	0.0710611 	-0.116233 	-1.92068 	0.312592 	0.706343 	0.0724235 	
2.87	0.0710804 	-0.116204 	-1.92061 	0.312561 	0.706254 	0.0723617 	
2.875	0.0710999 	-0.116174 	-1.92054 	0.312529 	0.706163 	0.0722992 	
2.88	0.0711197 	-0.116143 	-1.92046 	0.312497 	0.706071 	0.0722359 	
2.885	0.0711397 	-0.116112 	-1.92039 	0.312464 	0.705979 	0.0721718 	
2.89	0.0711619 	-0.116083 	-1.92031 	0.31243 	0.705884 	0.0721044 	
2.895	0.0710672 	-0.115759 	-1.92016 	0.312214 	0.70413 	0.0719444 	
2.9	0.0710879 	-0.115727 	-1.92009 	0.312181 	0.704034 	0.0718783 	
2.905	0.0711089 	-0.115695 	-1.92001 	0.312147 	0.703937 	0.0718114 	
2.91	0.07113 	-0.115663 	-1.91993 	0.312113 	0.703839 	0.0717438 	
2.915	0.0711514 	-0.11563 	-1.91986 	0.312078 	0.70374 	0.0716755 	
2.92	0.071173 	-0.115597 	-1.91978 	0.312043 	0.70364 	0.0716065 	
2.925	0.0711949 	-0.115563 	-1.9197 	0.312008 	0.703539 	0.0715368 	
2.93	0.071217 	-0.115529 	-1.91962 	0.311972 	0.703437 	0.0714663 	
2.935	0.0712392 	-0.115495 	-1.91954 	0.311936 	0.703333 	0.0713952 	
2.94	0.0712618 	-0.115461 	-1.91946 	0.3119 	0.703229 	0.0713234 	
2.945	0.0712845 	-0.115426 	-1.91937 	0.311863 	0.703124 	0.0712509 	
2.95	0.0711878 	-0.115088 	-1.91921 	0.311636 	0.701298 	0.0710775 	
2.955	0.071211 	-0.115053 	-1.91913 	0.311599 	0.701191 	0.0710037 	
2.96	0.0712344 	-0.115018 	-1.91904 	0.311561 	0.701083 	0.0709293 	
2.965	0.071258 	-0.114982 	-1.91896 	0.311523 	0.700973 	0.0708542 	
2.97	0.0712819 	-0.114945 	-1.91887 	0.311485 	0.700863 	0.0707784 	
2.975	0.0713059 	-0.114909 	-1.91878 	0.311446 	0.700752 	0.070702 	
2.98	0.0713302 	-0.114872 	-1.91869 	0.311407 	0.70064 	0.0706249 	
2.985	0.0713546 	-0.114835 	-1.9186 	0.311368 	0.700526 	0.0705472 	
2.99	0.0713793 	-0.114797 	-1.91852 	0.311329 	0.700412 	0.0704688 	
2.995	0.0714041 	-0.11476 	-1.91842 	0.311289 	0.700297 	0.0703898 	
3	0.0713091 	-0.114418 	-1.91825 	0.311059 	0.69845 	0.0702103 	
3.005	0.0713344 	-0.114379 	-1.91816 	0.311019 	0.698333 	0.0701301 	
3.01	0.0713599 	-0.114341 	-1.91807 	0.310979 	0.698216 	0.0700493 	
3.015	0.0713856 	-0.114302 	-1.91797 	0.310938 	0.698097 	0.0699679 	
3.02	0.0714115 	-0.114263 	-1.91788 	0.310896 	0.697977 	0.0698859 	
3.025	0.0714376 	-0.114223 	-1.91778 	0.310855 	0.697856 	0.0698033 	
3.03	0.0714639 	-0.114184 	-1.91769 	0.310813 	0.697735 	0.06972 	
3.035	0.0714904 	-0.114144 	-1.91759 	0.310771 	0.697613 	0.0696362 	
3.04	0.0715171 	-0.114104 	-1.91749 	0.310729 	0.697489 	0.0695518 	
3.045	0.0714271 	-0.113768 	-1.91731 	0.310504 	0.695678 	0.0693707 	
3.05	0.0714542 	-0.113727 	-1.91722 	0.310461 	0.695553 	0.0692853 	
3.055	0.0714815 	-0.113686 	-1.91712 	0.310418 	0.695427 	0.0691992 	
3.06	0.071509 	-0.113645 	-1.91702 	0.310374 	0.6953 	0.0691126 	
3.065	0.0715366 	-0.113604 	-1.91692 	0.310331 	0.695173 	0.0690255 	
3.07	0.0715644 	-0.113562 	-1.91682 	0.310287 	0.695044 	0.0689378 	
3.075	0.0715924 	-0.11352 	-1.91671 	0.310243 	0.694915 	0.0688495 	
3.08	0.0716206 	-0.113478 	-1.91661 	0.310199 	0.694785 	0.0687607 	
3.085	0.0716489 	-0.113435 	-1.91651 	0.310154 	0.694654 	0.0686714 	
3.09	0.0715546 	-0.113082 	-1.91632 	0.309919 	0.692742 	0.0684814 	
3.095	0.0715704 	-0.113025 	-1.91623 	0.309879 	0.692612 	0.0684079 	
3.1	0.0715992 	-0.112982 	-1.91613 	0.309833 	0.692478 	0.0683172 	
3.105	0.0716283 	-0.112938 	-1.91602 	0.309788 	0.692344 	0.0682259 	
3.11	0.0716575 	-0.112895 	-1.91591 	0.309742 	0.692209 	0.0681341 	
3.115	0.0716869 	-0.112851 	-1.91581 	0.309696 	0.692074 	0.0680417 	
3.12	0.0717165 	-0.112807 	-1.9157 	0.30965 	0.691938 	0.0679489 	
3.125	0.0717462 	-0.112763 	-1.91559 	0.309604 	0.6918 	0.0678556 	
3.13	0.0716601 	-0.112425 	-1.9154 	0.309379 	0.689976 	0.0676683 	
3.135	0.0716901 	-0.11238 	-1.91529 	0.309332 	0.689838 	0.0675742 	
3.14	0.0717204 	-0.112336 	-1.91518 	0.309285 	0.689699 	0.0674795 	
3.145	0.0717508 	-0.112291 	-1.91507 	0.309238 	0.689559 	0.0673844 	
3.15	0.0717813 	-0.112245 	-1.91496 	0.309191 	0.689418 	0.0672888 	
3.155	0.071812 	-0.1122 	-1.91484 	0.309143 	0.689277 	0.0671928 	
3.16	0.0718429 	-0.112154 	-1.91473 	0.309096 	0.689134 	0.0670964 	
3.165	0.0718739 	-0.112109 	-1.91462 	0.309048 	0.688992 	0.0669995 	
3.17	0.0717855 	-0.111761 	-1.91441 	0.308817 	0.687107 	0.0668069 	
3.175	0.0718168 	-0.111715 	-1.9143 	0.308769 	0.686963 	0.0667092 	
3.18	0.0718483 	-0.111668 	-1.91419 	0.308721 	0.686818 	0.0666111 	
3.185	0.0718799 	-0.111622 	-1.91407 	0.308672 	0.686672 	0.0665127 	
3.19	0.0719116 	-0.111575 	-1.91396 	0.308623 	0.686526 	0.0664138 	
3.195	0.0719435 	-0.111529 	-1.91384 	0.308574 	0.68638 	0.0663145 	
3.2	0.0719755 	-0.111482 	-1.91372 	0.308525 	0.686233 	0.0662148 	
3.205	0.0720076 	-0.111434 	-1.9136 	0.308476 	0.686085 	0.0661147 	
3.21	0.0719163 	-0.111075 	-1.91339 	0.30824 	0.68413 	0.0659169 	
3.215	0.0719487 	-0.111028 	-1.91327 	0.30819 	0.683981 	0.0658161 	
3.22	0.0719965 	-0.110997 	-1.91313 	0.308135 	0.683829 	0.0656954 	
3.225	0.0720294 	-0.11095 	-1.91301 	0.308085 	0.683679 	0.0655938 	
3.23	0.0720622 	-0.110902 	-1.91289 	0.308035 	0.683528 	0.065492 	
3.235	0.0720951 	-0.110854 	-1.91277 	0.307985 	0.683377 	0.0653898 	
3.24	0.0721282 	-0.110806 	-1.91265 	0.307935 	0.683225 	0.0652873 	
3.245	0.0721613 	-0.110757 	-1.91253 	0.307885 	0.683073 	0.0651845 	
3.25	0.0720674 	-0.110388 	-1.91231 	0.307644 	0.681055 	0.0649823 	
3.255	0.0721008 	-0.11034 	-1.91219 	0.307593 	0.680902 	0.0648789 	
3.26	0.0721344 	-0.110291 	-1.91206 	0.307543 	0.680748 	0.0647752 	
3.265	0.072168 	-0.110242 	-1.91194 	0.307492 	0.680594 	0.0646712 	
3.27	0.0722018 	-0.110193 	-1.91182 	0.307441 	0.680439 	0.0645669 	
3.275	0.0722356 	-0.110144 	-1.91169 	0.30739 	0.680283 	0.0644624 	
3.28	0.0722696 	-0.110095 	-1.91157 	0.307339 	0.680128 	0.0643575 	
3.285	0.0721882 	-0.109755 	-1.91135 	0.307116 	0.678274 	0.0641634 	
3.29	0.0722224 	-0.109706 	-1.91123 	0.307065 	0.678117 	0.0640581 	
3.295	0.0722567 	-0.109656 	-1.9111 	0.307014 	0.67796 	0.0639525 	
3.3	0.072291 	-0.109607 	-1.91098 	0.306962 	0.677802 	0.0638467 	
3.305	0.0723255 	-0.109557 	-1.91085 	0.306911 	0.677644 	0.0637405 	
3.31	0.0723601 	-0.109508 	-1.91073 	0.306859 	0.677486 	0.0636342 	
3.315	0.0723947 	-0.109458 	-1.9106 	0.306807 	0.677327 	0.0635276 	
3.32	0.0723133 	-0.109115 	-1.91038 	0.306585 	0.675457 	0.0633323 	
3.325	0.0723482 	-0.109065 	-1.91025 	0.306533 	0.675297 	0.0632254 	
3.33	0.0723831 	-0.109016 	-1.91012 	0.306481 	0.675137 	0.0631182 	
3.335	0.0724182 	-0.108966 	-1.90999 	0.306429 	0.674977 	0.0630108 	
3.34	0.0724532 	-0.108915 	-1.90987 	0.306377 	0.674816 	0.0629032 	
3.345	0.0724884 	-0.108865 	-1.90974 	0.306325 	0.674655 	0.0627954 	
3.35	0.0725236 	-0.108815 	-1.90961 	0.306273 	0.674494 	0.0626874 	
3.355	0.0724413 	-0.108468 	-1.90938 	0.30605 	0.672595 	0.0624906 	
3.36	0.0724767 	-0.108418 	-1.90925 	0.305997 	0.672433 	0.0623824 	
3.365	0.0725122 	-0.108368 	-1.90912 	0.305945 	0.67227 	0.062274 	
3.37	0.0725477 	-0.108317 	-1.90899 	0.305893 	0.672108 	0.0621654 	
3.375	0.0725834 	-0.108267 	-1.90886 	0.305841 	0.671945 	0.0620566 	
3.38	0.072619 	-0.108216 	-1.90873 	0.305788 	0.671782 	0.0619477 	
3.385	0.072635 	-0.108144 	-1.90863 	0.305743 	0.671622 	0.0618639 	
3.39	0.0725517 	-0.107794 	-1.9084 	0.305519 	0.669697 	0.0616664 	
3.395	0.0725875 	-0.107743 	-1.90827 	0.305467 	0.669533 	0.0615572 	
3.4	0.0726235 	-0.107693 	-1.90814 	0.305414 	0.669369 	0.0614479 	
3.405	0.0726594 	-0.107642 	-1.90801 	0.305362 	0.669205 	0.0613384 	
3.41	0.0726954 	-0.107591 	-1.90787 	0.305309 	0.66904 	0.0612289 	
3.415	0.0727315 	-0.107541 	-1.90774 	0.305257 	0.668876 	0.0611192 	
3.42	0.0727676 	-0.10749 	-1.90761 	0.305204 	0.668711 	0.0610094 	
3.425	0.0726839 	-0.107138 	-1.90738 	0.30498 	0.666766 	0.0608114 	
3.43	0.0727201 	-0.107087 	-1.90724 	0.304928 	0.666601 	0.0607016 	
3.435	0.0727563 	-0.107036 	-1.90711 	0.304876 	0.666436 	0.0605917 	
3.44	0.0727926 	-0.106986 	-1.90698 	0.304823 	0.66627 	0.0604817 	
3.445	0.0728289 	-0.106935 	-1.90684 	0.304771 	0.666104 	0.0603717 	
3.45	0.0728652 	-0.106884 	-1.90671 	0.304718 	0.665939 	0.0602616 	
