0	0.310325 	-0.17375 	0.536979 	0.177997 	-1.45289 	-0.245221 	
0.005	0.310325 	-0.17375 	0.536979 	0.177997 	-1.45289 	-0.245221 	
0.01	0.310325 	-0.17375 	0.536979 	0.177997 	-1.45289 	-0.245221 	
0.015	0.310326 	-0.17375 	0.536979 	0.177997 	-1.45289 	-0.245221 	
0.02	0.310327 	-0.17375 	0.536979 	0.177997 	-1.45289 	-0.245221 	
0.025	0.310329 	-0.17375 	0.536979 	0.177997 	-1.45289 	-0.245221 	
0.03	0.310332 	-0.173751 	0.53698 	0.177997 	-1.45289 	-0.245221 	
0.035	0.310334 	-0.173751 	0.53698 	0.177997 	-1.45289 	-0.245221 	
0.04	0.310338 	-0.173751 	0.536981 	0.177997 	-1.45289 	-0.245221 	
0.045	0.310342 	-0.173751 	0.536982 	0.177997 	-1.45289 	-0.245221 	
0.05	0.310346 	-0.173751 	0.536983 	0.177997 	-1.45289 	-0.245221 	
0.055	0.310352 	-0.173751 	0.536983 	0.177997 	-1.45289 	-0.245221 	
0.06	0.310357 	-0.173751 	0.536985 	0.177997 	-1.45289 	-0.245221 	
0.065	0.310363 	-0.173751 	0.536986 	0.177997 	-1.45289 	-0.245221 	
0.07	0.31037 	-0.173751 	0.536987 	0.177997 	-1.45289 	-0.245221 	
0.075	0.310377 	-0.173751 	0.536988 	0.177997 	-1.45289 	-0.245221 	
0.08	0.310385 	-0.173752 	0.53699 	0.177997 	-1.45289 	-0.245221 	
0.085	0.310393 	-0.173752 	0.536991 	0.177997 	-1.45289 	-0.245221 	
0.09	0.310403 	-0.173752 	0.536993 	0.177997 	-1.45289 	-0.245221 	
0.095	0.310412 	-0.173752 	0.536995 	0.177997 	-1.45289 	-0.245221 	
0.1	0.310423 	-0.173752 	0.536997 	0.177997 	-1.45289 	-0.245221 	
0.105	0.310433 	-0.173752 	0.536999 	0.177997 	-1.45289 	-0.245221 	
0.11	0.310444 	-0.173753 	0.537001 	0.177997 	-1.45289 	-0.245221 	
0.115	0.310456 	-0.173753 	0.537003 	0.177997 	-1.45289 	-0.245221 	
0.12	0.310468 	-0.173753 	0.537005 	0.177997 	-1.45289 	-0.245221 	
0.125	0.310481 	-0.173753 	0.537007 	0.177997 	-1.45289 	-0.245221 	
0.13	0.310494 	-0.173754 	0.53701 	0.177997 	-1.45289 	-0.245221 	
0.135	0.310507 	-0.173754 	0.537012 	0.177997 	-1.45289 	-0.245221 	
0.14	0.310522 	-0.173754 	0.537015 	0.177997 	-1.45289 	-0.245221 	
0.145	0.310537 	-0.173754 	0.537018 	0.177997 	-1.45289 	-0.245221 	
0.15	0.310552 	-0.173755 	0.537021 	0.177997 	-1.45289 	-0.245221 	
0.155	0.310568 	-0.173755 	0.537023 	0.177997 	-1.45289 	-0.245221 	
0.16	0.310584 	-0.173755 	0.537027 	0.177997 	-1.45289 	-0.245221 	
0.165	0.310539 	-0.17374 	0.537011 	0.176391 	-1.45177 	-0.243008 	
0.17	0.310557 	-0.173741 	0.537014 	0.176391 	-1.45177 	-0.243008 	
0.175	0.310575 	-0.173741 	0.537017 	0.176391 	-1.45177 	-0.243008 	
0.18	0.310593 	-0.173741 	0.537021 	0.176391 	-1.45177 	-0.243008 	
0.185	0.310612 	-0.173742 	0.537024 	0.176391 	-1.45177 	-0.243008 	
0.19	0.310632 	-0.173742 	0.537028 	0.176391 	-1.45177 	-0.243008 	
0.195	0.310652 	-0.173742 	0.537032 	0.176391 	-1.45177 	-0.243008 	
0.2	0.310673 	-0.173743 	0.537036 	0.176391 	-1.45177 	-0.243008 	
0.205	0.310694 	-0.173743 	0.53704 	0.176391 	-1.45177 	-0.243008 	
0.21	0.310715 	-0.173744 	0.537044 	0.176391 	-1.45177 	-0.243008 	
0.215	0.310738 	-0.173744 	0.537048 	0.176391 	-1.45177 	-0.243008 	
0.22	0.31076 	-0.173744 	0.537052 	0.176391 	-1.45177 	-0.243008 	
0.225	0.310723 	-0.17373 	0.537038 	0.174808 	-1.45066 	-0.240828 	
0.23	0.310746 	-0.173731 	0.537042 	0.174808 	-1.45066 	-0.240828 	
0.235	0.310771 	-0.173731 	0.537047 	0.174808 	-1.45066 	-0.240828 	
0.24	0.310795 	-0.173731 	0.537051 	0.174808 	-1.45066 	-0.240828 	
0.245	0.310821 	-0.173732 	0.537056 	0.174808 	-1.45066 	-0.240828 	
0.25	0.310847 	-0.173732 	0.537061 	0.174808 	-1.45066 	-0.240828 	
0.255	0.310873 	-0.173733 	0.537065 	0.174808 	-1.45066 	-0.240828 	
0.26	0.3109 	-0.173733 	0.53707 	0.174808 	-1.45066 	-0.240828 	
0.265	0.310927 	-0.173734 	0.537076 	0.174808 	-1.45066 	-0.240828 	
0.27	0.310955 	-0.173734 	0.537081 	0.174808 	-1.45066 	-0.240828 	
0.275	0.310919 	-0.173719 	0.537066 	0.173131 	-1.44948 	-0.238517 	
0.28	0.310948 	-0.17372 	0.537072 	0.173131 	-1.44948 	-0.238517 	
0.285	0.310977 	-0.17372 	0.537077 	0.173131 	-1.44948 	-0.238517 	
0.29	0.311007 	-0.173721 	0.537083 	0.173131 	-1.44948 	-0.238517 	
0.295	0.311038 	-0.173721 	0.537088 	0.173131 	-1.44948 	-0.238517 	
0.3	0.311069 	-0.173722 	0.537094 	0.173131 	-1.44948 	-0.238517 	
0.305	0.3111 	-0.173722 	0.5371 	0.173131 	-1.44948 	-0.238517 	
0.31	0.311132 	-0.173723 	0.537106 	0.173131 	-1.44948 	-0.238517 	
0.315	0.311103 	-0.173709 	0.537093 	0.171534 	-1.44836 	-0.236317 	
0.32	0.311136 	-0.173709 	0.537099 	0.171534 	-1.44836 	-0.236317 	
0.325	0.31117 	-0.17371 	0.537106 	0.171534 	-1.44836 	-0.236317 	
0.33	0.311204 	-0.17371 	0.537112 	0.171534 	-1.44836 	-0.236317 	
0.335	0.311238 	-0.173711 	0.537118 	0.171534 	-1.44836 	-0.236317 	
0.34	0.311273 	-0.173711 	0.537125 	0.171534 	-1.44836 	-0.236317 	
0.345	0.311308 	-0.173712 	0.537131 	0.171534 	-1.44836 	-0.236317 	
0.35	0.311344 	-0.173712 	0.537138 	0.171534 	-1.44836 	-0.236317 	
0.355	0.311312 	-0.173698 	0.537124 	0.169759 	-1.44712 	-0.233871 	
0.36	0.311349 	-0.173698 	0.537131 	0.169759 	-1.44712 	-0.233871 	
0.365	0.311387 	-0.173699 	0.537138 	0.169759 	-1.44712 	-0.233871 	
0.37	0.311425 	-0.173699 	0.537145 	0.169759 	-1.44712 	-0.233871 	
0.375	0.311463 	-0.1737 	0.537152 	0.169759 	-1.44712 	-0.233871 	
0.38	0.311502 	-0.1737 	0.537159 	0.169759 	-1.44712 	-0.233871 	
0.385	0.311541 	-0.1737 	0.537166 	0.169759 	-1.44712 	-0.233871 	
0.39	0.311514 	-0.173686 	0.537153 	0.168018 	-1.4459 	-0.231473 	
0.395	0.311554 	-0.173687 	0.537161 	0.168018 	-1.4459 	-0.231473 	
0.4	0.311595 	-0.173687 	0.537168 	0.168018 	-1.4459 	-0.231473 	
0.405	0.311636 	-0.173688 	0.537176 	0.168018 	-1.4459 	-0.231473 	
0.41	0.311678 	-0.173688 	0.537184 	0.168018 	-1.4459 	-0.231473 	
0.415	0.311721 	-0.173689 	0.537191 	0.168018 	-1.4459 	-0.231473 	
0.42	0.3117 	-0.173676 	0.537181 	0.166395 	-1.44476 	-0.229236 	
0.425	0.311744 	-0.173676 	0.537189 	0.166395 	-1.44476 	-0.229236 	
0.43	0.311787 	-0.173677 	0.537197 	0.166395 	-1.44476 	-0.229236 	
0.435	0.311831 	-0.173677 	0.537205 	0.166395 	-1.44476 	-0.229236 	
0.44	0.311876 	-0.173678 	0.537213 	0.166395 	-1.44476 	-0.229236 	
0.445	0.311921 	-0.173678 	0.537221 	0.166395 	-1.44476 	-0.229236 	
0.45	0.3119 	-0.173665 	0.53721 	0.164685 	-1.44356 	-0.226881 	
0.455	0.311947 	-0.173665 	0.537218 	0.164685 	-1.44356 	-0.226881 	
0.46	0.311993 	-0.173666 	0.537227 	0.164685 	-1.44356 	-0.226881 	
0.465	0.31204 	-0.173666 	0.537235 	0.164685 	-1.44356 	-0.226881 	
0.47	0.312087 	-0.173666 	0.537244 	0.164685 	-1.44356 	-0.226881 	
0.475	0.312135 	-0.173667 	0.537253 	0.164685 	-1.44356 	-0.226881 	
0.48	0.312113 	-0.173653 	0.537241 	0.162871 	-1.44229 	-0.224381 	
0.485	0.312162 	-0.173653 	0.53725 	0.162871 	-1.44229 	-0.224381 	
0.49	0.312211 	-0.173654 	0.537259 	0.162871 	-1.44229 	-0.224381 	
0.495	0.312261 	-0.173654 	0.537268 	0.162871 	-1.44229 	-0.224381 	
0.5	0.312311 	-0.173655 	0.537277 	0.162871 	-1.44229 	-0.224381 	
0.505	0.312298 	-0.173642 	0.537268 	0.161248 	-1.44115 	-0.222145 	
0.51	0.312349 	-0.173643 	0.537277 	0.161248 	-1.44115 	-0.222145 	
0.515	0.312401 	-0.173643 	0.537287 	0.161248 	-1.44115 	-0.222145 	
0.52	0.312452 	-0.173643 	0.537296 	0.161248 	-1.44115 	-0.222145 	
0.525	0.312505 	-0.173644 	0.537306 	0.161248 	-1.44115 	-0.222145 	
0.53	0.312493 	-0.173632 	0.537296 	0.15958 	-1.43998 	-0.219848 	
0.535	0.312546 	-0.173632 	0.537306 	0.15958 	-1.43998 	-0.219848 	
0.54	0.312599 	-0.173632 	0.537316 	0.15958 	-1.43998 	-0.219848 	
0.545	0.312653 	-0.173633 	0.537326 	0.15958 	-1.43998 	-0.219848 	
0.55	0.312708 	-0.173633 	0.537336 	0.15958 	-1.43998 	-0.219848 	
0.555	0.312695 	-0.17362 	0.537326 	0.157846 	-1.43876 	-0.217459 	
0.56	0.312751 	-0.173621 	0.537336 	0.157846 	-1.43876 	-0.217459 	
0.565	0.312806 	-0.173621 	0.537346 	0.157846 	-1.43876 	-0.217459 	
0.57	0.312862 	-0.173621 	0.537356 	0.157846 	-1.43876 	-0.217459 	
0.575	0.312919 	-0.173621 	0.537367 	0.157846 	-1.43876 	-0.217459 	
0.58	0.312906 	-0.173609 	0.537357 	0.156045 	-1.4375 	-0.214977 	
0.585	0.312963 	-0.173609 	0.537367 	0.156045 	-1.4375 	-0.214977 	
0.59	0.313021 	-0.173609 	0.537378 	0.156045 	-1.4375 	-0.214977 	
0.595	0.313079 	-0.173609 	0.537388 	0.156045 	-1.4375 	-0.214977 	
0.6	0.313138 	-0.17361 	0.537399 	0.156045 	-1.4375 	-0.214977 	
0.605	0.313124 	-0.173597 	0.537389 	0.154177 	-1.43619 	-0.212404 	
0.61	0.313183 	-0.173597 	0.537399 	0.154177 	-1.43619 	-0.212404 	
0.615	0.313243 	-0.173597 	0.53741 	0.154177 	-1.43619 	-0.212404 	
0.62	0.313303 	-0.173597 	0.537421 	0.154177 	-1.43619 	-0.212404 	
0.625	0.313302 	-0.173586 	0.537415 	0.152599 	-1.43509 	-0.21023 	
0.63	0.313363 	-0.173586 	0.537426 	0.152599 	-1.43509 	-0.21023 	
0.635	0.313424 	-0.173587 	0.537437 	0.152599 	-1.43509 	-0.21023 	
0.64	0.313486 	-0.173587 	0.537448 	0.152599 	-1.43509 	-0.21023 	
0.645	0.313486 	-0.173576 	0.537441 	0.151013 	-1.43397 	-0.208046 	
0.65	0.313549 	-0.173576 	0.537453 	0.151013 	-1.43397 	-0.208046 	
0.655	0.313612 	-0.173576 	0.537464 	0.151013 	-1.43397 	-0.208046 	
0.66	0.313675 	-0.173576 	0.537476 	0.151013 	-1.43397 	-0.208046 	
0.665	0.313675 	-0.173566 	0.537469 	0.149393 	-1.43284 	-0.205813 	
0.67	0.313739 	-0.173565 	0.537481 	0.149393 	-1.43284 	-0.205813 	
0.675	0.313803 	-0.173565 	0.537492 	0.149393 	-1.43284 	-0.205813 	
0.68	0.313868 	-0.173565 	0.537504 	0.149393 	-1.43284 	-0.205813 	
0.685	0.313868 	-0.173555 	0.537497 	0.147734 	-1.43168 	-0.203528 	
0.69	0.313934 	-0.173555 	0.537509 	0.147734 	-1.43168 	-0.203528 	
0.695	0.314 	-0.173555 	0.537521 	0.147734 	-1.43168 	-0.203528 	
0.7	0.314066 	-0.173554 	0.537533 	0.147734 	-1.43168 	-0.203528 	
0.705	0.314066 	-0.173544 	0.537526 	0.146039 	-1.43049 	-0.201193 	
0.71	0.314133 	-0.173544 	0.537538 	0.146039 	-1.43049 	-0.201193 	
0.715	0.3142 	-0.173543 	0.53755 	0.146039 	-1.43049 	-0.201193 	
0.72	0.314268 	-0.173543 	0.537563 	0.146039 	-1.43049 	-0.201193 	
0.725	0.314268 	-0.173533 	0.537556 	0.144308 	-1.42927 	-0.198808 	
0.73	0.314336 	-0.173532 	0.537568 	0.144308 	-1.42927 	-0.198808 	
0.735	0.314404 	-0.173532 	0.53758 	0.144308 	-1.42927 	-0.198808 	
0.74	0.314473 	-0.173532 	0.537593 	0.144308 	-1.42927 	-0.198808 	
0.745	0.314473 	-0.173521 	0.537586 	0.142542 	-1.42804 	-0.196375 	
0.75	0.314543 	-0.173521 	0.537598 	0.142542 	-1.42804 	-0.196375 	
0.755	0.314613 	-0.17352 	0.537611 	0.142542 	-1.42804 	-0.196375 	
0.76	0.314683 	-0.17352 	0.537623 	0.142542 	-1.42804 	-0.196375 	
0.765	0.314683 	-0.173509 	0.537616 	0.140742 	-1.42677 	-0.193896 	
0.77	0.314754 	-0.173509 	0.537629 	0.140742 	-1.42677 	-0.193896 	
0.775	0.314825 	-0.173509 	0.537642 	0.140742 	-1.42677 	-0.193896 	
0.78	0.314896 	-0.173508 	0.537655 	0.140742 	-1.42677 	-0.193896 	
0.785	0.314896 	-0.173498 	0.537648 	0.13891 	-1.42549 	-0.191372 	
0.79	0.314968 	-0.173497 	0.537661 	0.13891 	-1.42549 	-0.191372 	
0.795	0.315041 	-0.173496 	0.537673 	0.13891 	-1.42549 	-0.191372 	
0.8	0.315114 	-0.173496 	0.537686 	0.13891 	-1.42549 	-0.191372 	
0.805	0.315113 	-0.173485 	0.537679 	0.137047 	-1.42418 	-0.188804 	
0.81	0.315187 	-0.173485 	0.537692 	0.137047 	-1.42418 	-0.188804 	
0.815	0.31526 	-0.173484 	0.537706 	0.137047 	-1.42418 	-0.188804 	
0.82	0.315334 	-0.173484 	0.537719 	0.137047 	-1.42418 	-0.188804 	
0.825	0.315334 	-0.173473 	0.537712 	0.135153 	-1.42285 	-0.186195 	
0.83	0.315408 	-0.173472 	0.537725 	0.135153 	-1.42285 	-0.186195 	
0.835	0.315483 	-0.173472 	0.537738 	0.135153 	-1.42285 	-0.186195 	
0.84	0.315558 	-0.173471 	0.537752 	0.135153 	-1.42285 	-0.186195 	
0.845	0.315558 	-0.173461 	0.537744 	0.13323 	-1.42151 	-0.183546 	
0.85	0.315633 	-0.17346 	0.537758 	0.13323 	-1.42151 	-0.183546 	
0.855	0.315709 	-0.173459 	0.537771 	0.13323 	-1.42151 	-0.183546 	
0.86	0.315785 	-0.173458 	0.537785 	0.13323 	-1.42151 	-0.183546 	
0.865	0.315785 	-0.173448 	0.537778 	0.131279 	-1.42014 	-0.180859 	
0.87	0.315861 	-0.173447 	0.537791 	0.131279 	-1.42014 	-0.180859 	
0.875	0.315938 	-0.173446 	0.537805 	0.131279 	-1.42014 	-0.180859 	
0.88	0.316015 	-0.173445 	0.537818 	0.131279 	-1.42014 	-0.180859 	
0.885	0.316015 	-0.173435 	0.537811 	0.129302 	-1.41875 	-0.178135 	
0.89	0.316093 	-0.173434 	0.537825 	0.129302 	-1.41875 	-0.178135 	
0.895	0.31617 	-0.173433 	0.537839 	0.129302 	-1.41875 	-0.178135 	
0.9	0.316249 	-0.173432 	0.537853 	0.129302 	-1.41875 	-0.178135 	
0.905	0.316248 	-0.173422 	0.537845 	0.1273 	-1.41735 	-0.175376 	
0.91	0.316327 	-0.173421 	0.537859 	0.1273 	-1.41735 	-0.175376 	
0.915	0.316405 	-0.17342 	0.537873 	0.1273 	-1.41735 	-0.175376 	
0.92	0.316423 	-0.173412 	0.53787 	0.12573 	-1.41625 	-0.173214 	
0.925	0.316502 	-0.173411 	0.537884 	0.12573 	-1.41625 	-0.173214 	
0.93	0.316581 	-0.17341 	0.537899 	0.12573 	-1.41625 	-0.173214 	
0.935	0.316661 	-0.173408 	0.537913 	0.12573 	-1.41625 	-0.173214 	
0.94	0.316662 	-0.173399 	0.537906 	0.123733 	-1.41485 	-0.170462 	
0.945	0.316742 	-0.173398 	0.53792 	0.123733 	-1.41485 	-0.170462 	
0.95	0.316823 	-0.173396 	0.537934 	0.123733 	-1.41485 	-0.170462 	
0.955	0.31684 	-0.173389 	0.537932 	0.122137 	-1.41373 	-0.168264 	
0.96	0.316921 	-0.173387 	0.537946 	0.122137 	-1.41373 	-0.168264 	
0.965	0.317002 	-0.173386 	0.53796 	0.122137 	-1.41373 	-0.168264 	
0.97	0.317022 	-0.173379 	0.537958 	0.120573 	-1.41263 	-0.166109 	
0.975	0.317103 	-0.173377 	0.537972 	0.120573 	-1.41263 	-0.166109 	
0.98	0.317185 	-0.173376 	0.537987 	0.120573 	-1.41263 	-0.166109 	
0.985	0.317204 	-0.173369 	0.537985 	0.119002 	-1.41153 	-0.163945 	
0.99	0.317286 	-0.173367 	0.537999 	0.119002 	-1.41153 	-0.163945 	
0.995	0.317368 	-0.173365 	0.538013 	0.119002 	-1.41153 	-0.163945 	
1	0.317388 	-0.173358 	0.538012 	0.11742 	-1.41042 	-0.161766 	
1.005	0.317471 	-0.173357 	0.538026 	0.11742 	-1.41042 	-0.161766 	
1.01	0.317553 	-0.173355 	0.53804 	0.11742 	-1.41042 	-0.161766 	
1.015	0.317573 	-0.173348 	0.538039 	0.115829 	-1.40931 	-0.159573 	
1.02	0.317656 	-0.173346 	0.538053 	0.115829 	-1.40931 	-0.159573 	
1.025	0.317739 	-0.173344 	0.538068 	0.115829 	-1.40931 	-0.159573 	
1.03	0.317759 	-0.173338 	0.538066 	0.114228 	-1.40818 	-0.157368 	
1.035	0.317843 	-0.173336 	0.53808 	0.114228 	-1.40818 	-0.157368 	
1.04	0.317926 	-0.173334 	0.538095 	0.114228 	-1.40818 	-0.157368 	
1.045	0.317946 	-0.173327 	0.538093 	0.112618 	-1.40706 	-0.15515 	
1.05	0.31803 	-0.173325 	0.538108 	0.112618 	-1.40706 	-0.15515 	
1.055	0.318114 	-0.173323 	0.538122 	0.112618 	-1.40706 	-0.15515 	
1.06	0.318134 	-0.173317 	0.538121 	0.111 	-1.40592 	-0.152921 	
1.065	0.318219 	-0.173314 	0.538135 	0.111 	-1.40592 	-0.152921 	
1.07	0.318303 	-0.173312 	0.53815 	0.111 	-1.40592 	-0.152921 	
1.075	0.318323 	-0.173306 	0.538148 	0.109374 	-1.40478 	-0.15068 	
1.08	0.318408 	-0.173304 	0.538163 	0.109374 	-1.40478 	-0.15068 	
1.085	0.318493 	-0.173302 	0.538178 	0.109374 	-1.40478 	-0.15068 	
1.09	0.318513 	-0.173296 	0.538176 	0.107741 	-1.40364 	-0.14843 	
1.095	0.318598 	-0.173293 	0.538191 	0.107741 	-1.40364 	-0.14843 	
1.1	0.318684 	-0.173291 	0.538206 	0.107741 	-1.40364 	-0.14843 	
1.105	0.318704 	-0.173285 	0.538204 	0.106101 	-1.40249 	-0.146171 	
1.11	0.318789 	-0.173282 	0.538219 	0.106101 	-1.40249 	-0.146171 	
1.115	0.318875 	-0.17328 	0.538233 	0.106101 	-1.40249 	-0.146171 	
1.12	0.318895 	-0.173274 	0.538232 	0.104455 	-1.40133 	-0.143904 	
1.125	0.318981 	-0.173272 	0.538247 	0.104455 	-1.40133 	-0.143904 	
1.13	0.319067 	-0.173269 	0.538261 	0.104455 	-1.40133 	-0.143904 	
1.135	0.319087 	-0.173264 	0.53826 	0.102803 	-1.40017 	-0.141629 	
1.14	0.319173 	-0.173261 	0.538275 	0.102803 	-1.40017 	-0.141629 	
1.145	0.319259 	-0.173258 	0.53829 	0.102803 	-1.40017 	-0.141629 	
1.15	0.319279 	-0.173253 	0.538288 	0.101147 	-1.39901 	-0.139347 	
1.155	0.319366 	-0.17325 	0.538303 	0.101147 	-1.39901 	-0.139347 	
1.16	0.319452 	-0.173247 	0.538318 	0.101147 	-1.39901 	-0.139347 	
1.165	0.319472 	-0.173242 	0.538316 	0.0994866 	-1.39785 	-0.137059 	
1.17	0.319559 	-0.173239 	0.538331 	0.0994866 	-1.39785 	-0.137059 	
1.175	0.319645 	-0.173236 	0.538346 	0.0994866 	-1.39785 	-0.137059 	
1.18	0.319666 	-0.173231 	0.538344 	0.0978224 	-1.39668 	-0.134766 	
1.185	0.319752 	-0.173228 	0.538359 	0.0978224 	-1.39668 	-0.134766 	
1.19	0.319839 	-0.173225 	0.538374 	0.0978224 	-1.39668 	-0.134766 	
1.195	0.31986 	-0.17322 	0.538373 	0.0961549 	-1.39551 	-0.132469 	
1.2	0.319946 	-0.173217 	0.538388 	0.096155 	-1.39551 	-0.132469 	
1.205	0.320033 	-0.173214 	0.538402 	0.096155 	-1.39551 	-0.132469 	
1.21	0.320054 	-0.17321 	0.538401 	0.094485 	-1.39434 	-0.130169 	
1.215	0.32014 	-0.173206 	0.538416 	0.094485 	-1.39434 	-0.130169 	
1.22	0.320227 	-0.173203 	0.538431 	0.094485 	-1.39434 	-0.130169 	
1.225	0.320248 	-0.173199 	0.538429 	0.0928131 	-1.39317 	-0.127865 	
1.23	0.320335 	-0.173195 	0.538444 	0.0928131 	-1.39317 	-0.127865 	
1.235	0.320422 	-0.173192 	0.538459 	0.0928131 	-1.39317 	-0.127865 	
1.24	0.320442 	-0.173188 	0.538458 	0.0911399 	-1.392 	-0.12556 	
1.245	0.320529 	-0.173185 	0.538473 	0.0911399 	-1.392 	-0.12556 	
1.25	0.320616 	-0.173181 	0.538488 	0.0911399 	-1.392 	-0.12556 	
1.255	0.320637 	-0.173177 	0.538486 	0.0894659 	-1.39082 	-0.123254 	
1.26	0.320724 	-0.173174 	0.538501 	0.0894659 	-1.39082 	-0.123254 	
1.265	0.320811 	-0.17317 	0.538516 	0.0894659 	-1.39082 	-0.123254 	
1.27	0.320831 	-0.173166 	0.538515 	0.0877918 	-1.38965 	-0.120948 	
1.275	0.320918 	-0.173163 	0.538529 	0.0877918 	-1.38965 	-0.120948 	
1.28	0.321005 	-0.173159 	0.538544 	0.0877918 	-1.38965 	-0.120948 	
1.285	0.321026 	-0.173155 	0.538543 	0.086118 	-1.38848 	-0.118642 	
1.29	0.321113 	-0.173152 	0.538558 	0.0861181 	-1.38848 	-0.118642 	
1.295	0.321199 	-0.173148 	0.538573 	0.0861181 	-1.38848 	-0.118642 	
1.3	0.32122 	-0.173145 	0.538571 	0.0844453 	-1.3873 	-0.116337 	
1.305	0.321307 	-0.173141 	0.538586 	0.0844453 	-1.3873 	-0.116337 	
1.31	0.321394 	-0.173137 	0.538601 	0.0844453 	-1.3873 	-0.116337 	
1.315	0.321414 	-0.173134 	0.5386 	0.0827742 	-1.38613 	-0.114035 	
1.32	0.321501 	-0.17313 	0.538614 	0.0827742 	-1.38613 	-0.114035 	
1.325	0.321587 	-0.173126 	0.538629 	0.0827742 	-1.38613 	-0.114035 	
1.33	0.321608 	-0.173123 	0.538628 	0.0811053 	-1.38496 	-0.111736 	
1.335	0.321694 	-0.173119 	0.538643 	0.0811054 	-1.38496 	-0.111736 	
1.34	0.321781 	-0.173115 	0.538657 	0.0811054 	-1.38496 	-0.111736 	
1.345	0.321801 	-0.173112 	0.538656 	0.0794392 	-1.38379 	-0.109441 	
1.35	0.321888 	-0.173108 	0.538671 	0.0794392 	-1.38379 	-0.109441 	
1.355	0.321974 	-0.173104 	0.538686 	0.0794392 	-1.38379 	-0.109441 	
1.36	0.321994 	-0.173101 	0.538685 	0.0777765 	-1.38263 	-0.10715 	
1.365	0.322081 	-0.173097 	0.538699 	0.0777765 	-1.38263 	-0.10715 	
1.37	0.322167 	-0.173093 	0.538714 	0.0777765 	-1.38263 	-0.10715 	
1.375	0.322187 	-0.173091 	0.538713 	0.0761178 	-1.38146 	-0.104865 	
1.38	0.322273 	-0.173086 	0.538727 	0.0761178 	-1.38146 	-0.104865 	
1.385	0.322359 	-0.173082 	0.538742 	0.0761178 	-1.38146 	-0.104865 	
1.39	0.322379 	-0.17308 	0.538741 	0.0744636 	-1.3803 	-0.102586 	
1.395	0.322465 	-0.173075 	0.538755 	0.0744636 	-1.3803 	-0.102586 	
1.4	0.32255 	-0.173071 	0.53877 	0.0744636 	-1.3803 	-0.102586 	
1.405	0.32257 	-0.173069 	0.538769 	0.0728145 	-1.37915 	-0.100314 	
1.41	0.322656 	-0.173065 	0.538783 	0.0728145 	-1.37915 	-0.100314 	
1.415	0.322741 	-0.17306 	0.538797 	0.0728145 	-1.37915 	-0.100314 	
1.42	0.322761 	-0.173059 	0.538797 	0.0711712 	-1.378 	-0.09805 	
1.425	0.322846 	-0.173054 	0.538811 	0.0711712 	-1.378 	-0.09805 	
1.43	0.322931 	-0.173049 	0.538825 	0.0711712 	-1.378 	-0.09805 	
1.435	0.322951 	-0.173048 	0.538824 	0.0695342 	-1.37685 	-0.0957947 	
1.44	0.323036 	-0.173043 	0.538839 	0.0695342 	-1.37685 	-0.0957947 	
1.445	0.323121 	-0.173039 	0.538853 	0.0695342 	-1.37685 	-0.0957947 	
1.45	0.32314 	-0.173037 	0.538852 	0.0679041 	-1.37571 	-0.0935489 	
1.455	0.323225 	-0.173033 	0.538866 	0.0679041 	-1.37571 	-0.0935489 	
1.46	0.323309 	-0.173028 	0.53888 	0.0679041 	-1.37571 	-0.0935489 	
1.465	0.323329 	-0.173027 	0.53888 	0.0662814 	-1.37457 	-0.0913134 	
1.47	0.323413 	-0.173022 	0.538894 	0.0662814 	-1.37457 	-0.0913134 	
1.475	0.323497 	-0.173017 	0.538908 	0.0662814 	-1.37457 	-0.0913134 	
1.48	0.323516 	-0.173016 	0.538907 	0.0646668 	-1.37344 	-0.089089 	
1.485	0.3236 	-0.173012 	0.538921 	0.0646668 	-1.37344 	-0.089089 	
1.49	0.323683 	-0.173007 	0.538935 	0.0646668 	-1.37344 	-0.089089 	
1.495	0.323703 	-0.173006 	0.538934 	0.0630607 	-1.37231 	-0.0868765 	
1.5	0.323786 	-0.173001 	0.538948 	0.0630607 	-1.37231 	-0.0868765 	
1.505	0.323869 	-0.172996 	0.538962 	0.0630607 	-1.37231 	-0.0868765 	
1.51	0.323888 	-0.172996 	0.538961 	0.0614639 	-1.37119 	-0.0846766 	
1.515	0.323971 	-0.172991 	0.538975 	0.0614639 	-1.37119 	-0.0846766 	
1.52	0.324053 	-0.172986 	0.538989 	0.0614639 	-1.37119 	-0.0846766 	
1.525	0.324072 	-0.172985 	0.538988 	0.0598768 	-1.37008 	-0.0824901 	
1.53	0.324154 	-0.17298 	0.539002 	0.0598768 	-1.37008 	-0.0824901 	
1.535	0.324236 	-0.172975 	0.539015 	0.0598768 	-1.37008 	-0.0824901 	
1.54	0.324255 	-0.172975 	0.539015 	0.0583 	-1.36897 	-0.0803178 	
1.545	0.324337 	-0.17297 	0.539028 	0.0583 	-1.36897 	-0.0803178 	
1.55	0.324418 	-0.172965 	0.539042 	0.0583 	-1.36897 	-0.0803178 	
1.555	0.324437 	-0.172965 	0.539041 	0.0567341 	-1.36787 	-0.0781605 	
1.56	0.324518 	-0.17296 	0.539055 	0.0567341 	-1.36787 	-0.0781605 	
1.565	0.324598 	-0.172955 	0.539068 	0.0567341 	-1.36787 	-0.0781605 	
1.57	0.324617 	-0.172955 	0.539068 	0.0551796 	-1.36679 	-0.0760189 	
1.575	0.324697 	-0.17295 	0.539081 	0.0551796 	-1.36679 	-0.0760189 	
1.58	0.324778 	-0.172945 	0.539094 	0.0551796 	-1.36679 	-0.0760189 	
1.585	0.324796 	-0.172945 	0.539094 	0.053637 	-1.3657 	-0.0738938 	
1.59	0.324876 	-0.17294 	0.539107 	0.053637 	-1.3657 	-0.0738938 	
1.595	0.324955 	-0.172935 	0.53912 	0.053637 	-1.3657 	-0.0738938 	
1.6	0.324974 	-0.172935 	0.53912 	0.052107 	-1.36463 	-0.0717859 	
1.605	0.325053 	-0.17293 	0.539133 	0.052107 	-1.36463 	-0.0717859 	
1.61	0.325131 	-0.172925 	0.539146 	0.052107 	-1.36463 	-0.0717859 	
1.615	0.32521 	-0.172919 	0.539159 	0.052107 	-1.36463 	-0.0717859 	
1.62	0.32521 	-0.172922 	0.539154 	0.0501393 	-1.36325 	-0.0690749 	
1.625	0.325288 	-0.172917 	0.539167 	0.0501393 	-1.36325 	-0.0690749 	
1.63	0.325366 	-0.172911 	0.53918 	0.0501393 	-1.36325 	-0.0690749 	
1.635	0.325382 	-0.172912 	0.539179 	0.0485939 	-1.36217 	-0.066946 	
1.64	0.325459 	-0.172907 	0.539192 	0.0485939 	-1.36217 	-0.066946 	
1.645	0.325536 	-0.172902 	0.539205 	0.0485939 	-1.36217 	-0.066946 	
1.65	0.325613 	-0.172896 	0.539217 	0.0485939 	-1.36217 	-0.066946 	
1.655	0.325613 	-0.172899 	0.539213 	0.046664 	-1.36081 	-0.0642872 	
1.66	0.325689 	-0.172894 	0.539226 	0.046664 	-1.36081 	-0.0642872 	
1.665	0.325765 	-0.172889 	0.539238 	0.046664 	-1.36081 	-0.0642872 	
1.67	0.325841 	-0.172883 	0.539251 	0.046664 	-1.36081 	-0.0642872 	
1.675	0.325839 	-0.172887 	0.539246 	0.0447188 	-1.35945 	-0.0616072 	
1.68	0.325914 	-0.172881 	0.539259 	0.0447188 	-1.35945 	-0.0616072 	
1.685	0.325989 	-0.172876 	0.539271 	0.0447188 	-1.35945 	-0.0616072 	
1.69	0.326064 	-0.172871 	0.539283 	0.0447188 	-1.35945 	-0.0616072 	
1.695	0.326062 	-0.172874 	0.539279 	0.042797 	-1.3581 	-0.0589597 	
1.7	0.326136 	-0.172869 	0.539291 	0.042797 	-1.3581 	-0.0589597 	
1.705	0.32621 	-0.172864 	0.539303 	0.042797 	-1.3581 	-0.0589597 	
1.71	0.326283 	-0.172858 	0.539315 	0.042797 	-1.3581 	-0.0589597 	
1.715	0.326281 	-0.172862 	0.539311 	0.0409039 	-1.35678 	-0.0563517 	
1.72	0.326354 	-0.172857 	0.539323 	0.0409039 	-1.35678 	-0.0563517 	
1.725	0.326427 	-0.172851 	0.539335 	0.0409039 	-1.35678 	-0.0563517 	
1.73	0.326499 	-0.172846 	0.539346 	0.0409039 	-1.35678 	-0.0563517 	
1.735	0.326497 	-0.17285 	0.539342 	0.039041 	-1.35547 	-0.0537852 	
1.74	0.326569 	-0.172845 	0.539354 	0.039041 	-1.35547 	-0.0537852 	
1.745	0.32664 	-0.172839 	0.539366 	0.039041 	-1.35547 	-0.0537852 	
1.75	0.326711 	-0.172834 	0.539377 	0.039041 	-1.35547 	-0.0537852 	
1.755	0.326709 	-0.172838 	0.539373 	0.0372095 	-1.35419 	-0.0512621 	
1.76	0.32678 	-0.172833 	0.539385 	0.0372095 	-1.35419 	-0.0512621 	
1.765	0.32685 	-0.172827 	0.539396 	0.0372095 	-1.35419 	-0.0512621 	
1.77	0.32692 	-0.172822 	0.539407 	0.0372095 	-1.35419 	-0.0512621 	
1.775	0.326918 	-0.172826 	0.539404 	0.0354107 	-1.35292 	-0.0487838 	
1.78	0.326987 	-0.172821 	0.539415 	0.0354107 	-1.35292 	-0.0487838 	
1.785	0.327056 	-0.172816 	0.539426 	0.0354107 	-1.35292 	-0.0487838 	
1.79	0.327124 	-0.17281 	0.539437 	0.0354107 	-1.35292 	-0.0487838 	
1.795	0.327122 	-0.172815 	0.539434 	0.0336455 	-1.35169 	-0.046352 	
1.8	0.32719 	-0.17281 	0.539445 	0.0336455 	-1.35169 	-0.046352 	
1.805	0.327257 	-0.172804 	0.539456 	0.0336455 	-1.35169 	-0.046352 	
1.81	0.327325 	-0.172799 	0.539466 	0.0336455 	-1.35169 	-0.046352 	
1.815	0.327323 	-0.172804 	0.539463 	0.0319151 	-1.35047 	-0.0439681 	
1.82	0.327389 	-0.172799 	0.539474 	0.0319151 	-1.35047 	-0.0439681 	
1.825	0.327455 	-0.172793 	0.539484 	0.0319151 	-1.35047 	-0.0439681 	
1.83	0.327521 	-0.172788 	0.539495 	0.0319151 	-1.35047 	-0.0439681 	
1.835	0.327519 	-0.172793 	0.539492 	0.0302207 	-1.34929 	-0.0416338 	
1.84	0.327584 	-0.172788 	0.539502 	0.0302207 	-1.34929 	-0.0416338 	
1.845	0.327648 	-0.172782 	0.539512 	0.0302207 	-1.34929 	-0.0416338 	
1.85	0.327713 	-0.172777 	0.539523 	0.0302207 	-1.34929 	-0.0416338 	
1.855	0.327711 	-0.172782 	0.53952 	0.0285632 	-1.34812 	-0.0393503 	
1.86	0.327774 	-0.172777 	0.53953 	0.0285632 	-1.34812 	-0.0393503 	
1.865	0.327837 	-0.172772 	0.53954 	0.0285632 	-1.34812 	-0.0393503 	
1.87	0.3279 	-0.172767 	0.53955 	0.0285632 	-1.34812 	-0.0393503 	
1.875	0.327898 	-0.172772 	0.539547 	0.0269437 	-1.34699 	-0.0371193 	
1.88	0.32796 	-0.172767 	0.539557 	0.0269437 	-1.34699 	-0.0371193 	
1.885	0.328022 	-0.172762 	0.539567 	0.0269437 	-1.34699 	-0.0371193 	
1.89	0.328083 	-0.172756 	0.539577 	0.0269437 	-1.34699 	-0.0371193 	
1.895	0.328081 	-0.172762 	0.539574 	0.0253633 	-1.34588 	-0.034942 	
1.9	0.328141 	-0.172757 	0.539583 	0.0253633 	-1.34588 	-0.034942 	
1.905	0.328201 	-0.172752 	0.539593 	0.0253633 	-1.34588 	-0.034942 	
1.91	0.328261 	-0.172746 	0.539603 	0.0253633 	-1.34588 	-0.034942 	
1.915	0.328259 	-0.172752 	0.5396 	0.0238229 	-1.3448 	-0.0328199 	
1.92	0.328318 	-0.172747 	0.539609 	0.0238229 	-1.3448 	-0.0328199 	
1.925	0.328376 	-0.172742 	0.539619 	0.0238229 	-1.3448 	-0.0328199 	
1.93	0.328434 	-0.172737 	0.539628 	0.0238229 	-1.3448 	-0.0328199 	
1.935	0.328492 	-0.172732 	0.539637 	0.0238229 	-1.3448 	-0.0328199 	
1.94	0.328477 	-0.172739 	0.539632 	0.021994 	-1.34352 	-0.0303002 	
1.945	0.328534 	-0.172735 	0.539641 	0.021994 	-1.34352 	-0.0303002 	
1.95	0.32859 	-0.17273 	0.53965 	0.021994 	-1.34352 	-0.0303002 	
1.955	0.328646 	-0.172725 	0.539659 	0.021994 	-1.34352 	-0.0303002 	
1.96	0.328701 	-0.17272 	0.539667 	0.021994 	-1.34352 	-0.0303002 	
1.965	0.328685 	-0.172728 	0.539662 	0.0201948 	-1.34226 	-0.0278215 	
1.97	0.32874 	-0.172723 	0.539671 	0.0201948 	-1.34226 	-0.0278215 	
1.975	0.328794 	-0.172718 	0.539679 	0.0201948 	-1.34226 	-0.0278215 	
1.98	0.328848 	-0.172714 	0.539688 	0.0201948 	-1.34226 	-0.0278215 	
1.985	0.328901 	-0.172709 	0.539696 	0.0201948 	-1.34226 	-0.0278215 	
1.99	0.328886 	-0.172717 	0.539691 	0.0184596 	-1.34104 	-0.0254309 	
1.995	0.328938 	-0.172712 	0.5397 	0.0184596 	-1.34104 	-0.0254309 	
2	0.32899 	-0.172707 	0.539708 	0.0184596 	-1.34104 	-0.0254309 	
2.005	0.329042 	-0.172703 	0.539716 	0.0184596 	-1.34104 	-0.0254309 	
2.01	0.329093 	-0.172698 	0.539724 	0.0184596 	-1.34104 	-0.0254309 	
2.015	0.329078 	-0.172706 	0.539719 	0.0167933 	-1.33987 	-0.0231353 	
2.02	0.329128 	-0.172701 	0.539727 	0.0167933 	-1.33987 	-0.0231353 	
2.025	0.329178 	-0.172697 	0.539735 	0.0167933 	-1.33987 	-0.0231353 	
2.03	0.329228 	-0.172692 	0.539743 	0.0167933 	-1.33987 	-0.0231353 	
2.035	0.329277 	-0.172688 	0.539751 	0.0167933 	-1.33987 	-0.0231353 	
2.04	0.329262 	-0.172696 	0.539746 	0.0151979 	-1.33875 	-0.0209375 	
2.045	0.32931 	-0.172691 	0.539754 	0.0151979 	-1.33875 	-0.0209375 	
2.05	0.329358 	-0.172687 	0.539761 	0.0151979 	-1.33875 	-0.0209375 	
2.055	0.329405 	-0.172683 	0.539769 	0.0151979 	-1.33875 	-0.0209375 	
2.06	0.329452 	-0.172678 	0.539776 	0.0151979 	-1.33875 	-0.0209375 	
2.065	0.329438 	-0.172686 	0.539772 	0.0136751 	-1.33769 	-0.0188396 	
2.07	0.329483 	-0.172682 	0.539779 	0.0136751 	-1.33769 	-0.0188396 	
2.075	0.329529 	-0.172678 	0.539786 	0.0136751 	-1.33769 	-0.0188396 	
2.08	0.329574 	-0.172673 	0.539793 	0.0136751 	-1.33769 	-0.0188396 	
2.085	0.329618 	-0.172669 	0.5398 	0.0136751 	-1.33769 	-0.0188396 	
2.09	0.329662 	-0.172665 	0.539807 	0.0136751 	-1.33769 	-0.0188396 	
2.095	0.329638 	-0.172675 	0.539801 	0.0119758 	-1.33649 	-0.0164985 	
2.1	0.329681 	-0.172671 	0.539808 	0.0119758 	-1.33649 	-0.0164985 	
2.105	0.329724 	-0.172667 	0.539815 	0.0119758 	-1.33649 	-0.0164985 	
2.11	0.329766 	-0.172663 	0.539821 	0.0119758 	-1.33649 	-0.0164985 	
2.115	0.329807 	-0.172659 	0.539828 	0.0119758 	-1.33649 	-0.0164985 	
2.12	0.329848 	-0.172655 	0.539834 	0.0119758 	-1.33649 	-0.0164985 	
2.125	0.329825 	-0.172664 	0.539829 	0.0103566 	-1.33536 	-0.0142678 	
2.13	0.329865 	-0.172661 	0.539835 	0.0103566 	-1.33536 	-0.0142678 	
2.135	0.329905 	-0.172657 	0.539841 	0.0103566 	-1.33536 	-0.0142678 	
2.14	0.329944 	-0.172653 	0.539847 	0.0103566 	-1.33536 	-0.0142678 	
2.145	0.329982 	-0.172649 	0.539853 	0.0103566 	-1.33536 	-0.0142678 	
2.15	0.33002 	-0.172646 	0.539859 	0.0103566 	-1.33536 	-0.0142678 	
2.155	0.329999 	-0.172655 	0.539854 	0.00884574 	-1.3343 	-0.0121863 	
2.16	0.330036 	-0.172651 	0.53986 	0.00884574 	-1.3343 	-0.0121863 	
2.165	0.330072 	-0.172648 	0.539866 	0.00884574 	-1.3343 	-0.0121863 	
2.17	0.330108 	-0.172644 	0.539871 	0.00884574 	-1.3343 	-0.0121863 	
2.175	0.330144 	-0.172641 	0.539877 	0.00884574 	-1.3343 	-0.0121863 	
2.18	0.330179 	-0.172637 	0.539882 	0.00884574 	-1.3343 	-0.0121863 	
2.185	0.330214 	-0.172634 	0.539888 	0.00884574 	-1.3343 	-0.0121863 	
2.19	0.330185 	-0.172644 	0.539881 	0.00725086 	-1.33318 	-0.00998909 	
2.195	0.330219 	-0.172641 	0.539887 	0.00725086 	-1.33318 	-0.00998909 	
2.2	0.330252 	-0.172638 	0.539892 	0.00725086 	-1.33318 	-0.00998909 	
2.205	0.330285 	-0.172635 	0.539897 	0.00725086 	-1.33318 	-0.00998909 	
2.21	0.330317 	-0.172631 	0.539902 	0.00725086 	-1.33318 	-0.00998909 	
2.215	0.330349 	-0.172628 	0.539907 	0.00725086 	-1.33318 	-0.00998909 	
2.22	0.33038 	-0.172625 	0.539912 	0.00725086 	-1.33318 	-0.00998909 	
2.225	0.33041 	-0.172622 	0.539916 	0.00725086 	-1.33318 	-0.00998909 	
2.23	0.330376 	-0.172634 	0.539909 	0.00561526 	-1.33204 	-0.00773577 	
2.235	0.330406 	-0.172631 	0.539914 	0.00561526 	-1.33204 	-0.00773577 	
2.24	0.330435 	-0.172628 	0.539918 	0.00561526 	-1.33204 	-0.00773577 	
2.245	0.330463 	-0.172625 	0.539923 	0.00561526 	-1.33204 	-0.00773577 	
2.25	0.330491 	-0.172622 	0.539927 	0.00561526 	-1.33204 	-0.00773577 	
2.255	0.330519 	-0.17262 	0.539931 	0.00561526 	-1.33204 	-0.00773577 	
2.26	0.330546 	-0.172617 	0.539936 	0.00561526 	-1.33204 	-0.00773577 	
2.265	0.330572 	-0.172614 	0.53994 	0.00561526 	-1.33204 	-0.00773577 	
2.27	0.330598 	-0.172612 	0.539944 	0.00561526 	-1.33204 	-0.00773577 	
2.275	0.330561 	-0.172623 	0.539936 	0.00401722 	-1.33091 	-0.00553421 	
2.28	0.330586 	-0.172621 	0.53994 	0.00401722 	-1.33091 	-0.00553421 	
2.285	0.33061 	-0.172618 	0.539944 	0.00401722 	-1.33091 	-0.00553421 	
2.29	0.330634 	-0.172616 	0.539948 	0.00401722 	-1.33091 	-0.00553421 	
2.295	0.330658 	-0.172614 	0.539951 	0.00401722 	-1.33091 	-0.00553421 	
2.3	0.330681 	-0.172611 	0.539955 	0.00401722 	-1.33091 	-0.00553421 	
2.305	0.330703 	-0.172609 	0.539958 	0.00401722 	-1.33091 	-0.00553421 	
2.31	0.330725 	-0.172607 	0.539962 	0.00401722 	-1.33091 	-0.00553421 	
2.315	0.330746 	-0.172605 	0.539965 	0.00401722 	-1.33091 	-0.00553421 	
2.32	0.330767 	-0.172603 	0.539968 	0.00401722 	-1.33091 	-0.00553421 	
2.325	0.330787 	-0.172601 	0.539971 	0.00401722 	-1.33091 	-0.00553421 	
2.33	0.330744 	-0.172613 	0.539963 	0.00243606 	-1.32981 	-0.00335589 	
2.335	0.330764 	-0.172611 	0.539966 	0.00243606 	-1.32981 	-0.00335589 	
2.34	0.330782 	-0.172609 	0.539969 	0.00243606 	-1.32981 	-0.00335589 	
2.345	0.3308 	-0.172607 	0.539972 	0.00243606 	-1.32981 	-0.00335589 	
2.35	0.330818 	-0.172606 	0.539974 	0.00243606 	-1.32981 	-0.00335589 	
2.355	0.330835 	-0.172604 	0.539977 	0.00243606 	-1.32981 	-0.00335589 	
2.36	0.330851 	-0.172602 	0.53998 	0.00243606 	-1.32981 	-0.00335589 	
2.365	0.330867 	-0.172601 	0.539982 	0.00243606 	-1.32981 	-0.00335589 	
2.37	0.330883 	-0.172599 	0.539984 	0.00243606 	-1.32981 	-0.00335589 	
2.375	0.330898 	-0.172598 	0.539987 	0.00243606 	-1.32981 	-0.00335589 	
2.38	0.330912 	-0.172596 	0.539989 	0.00243606 	-1.32981 	-0.00335589 	
2.385	0.330926 	-0.172595 	0.539991 	0.00243606 	-1.32981 	-0.00335589 	
2.39	0.330939 	-0.172593 	0.539993 	0.00243606 	-1.32981 	-0.00335589 	
2.395	0.330952 	-0.172592 	0.539995 	0.00243606 	-1.32981 	-0.00335589 	
2.4	0.330964 	-0.172591 	0.539997 	0.00243606 	-1.32981 	-0.00335589 	
2.405	0.330976 	-0.17259 	0.539999 	0.00243606 	-1.32981 	-0.00335589 	
2.41	0.330926 	-0.172603 	0.539989 	0.000874718 	-1.32871 	-0.00120489 	
2.415	0.330936 	-0.172602 	0.539991 	0.000874718 	-1.32871 	-0.00120489 	
2.42	0.330946 	-0.172601 	0.539993 	0.000874718 	-1.32871 	-0.00120489 	
2.425	0.330955 	-0.1726 	0.539994 	0.000874718 	-1.32871 	-0.00120489 	
2.43	0.330965 	-0.172599 	0.539995 	0.000874718 	-1.32871 	-0.00120489 	
2.435	0.330972 	-0.172598 	0.539997 	0.000874718 	-1.32871 	-0.00120489 	
2.44	0.33098 	-0.172597 	0.539998 	0.000874718 	-1.32871 	-0.00120489 	
2.445	0.330988 	-0.172597 	0.539999 	0.000874718 	-1.32871 	-0.00120489 	
2.45	0.330994 	-0.172596 	0.54 	0.000874718 	-1.32871 	-0.00120489 	
2.455	0.331001 	-0.172595 	0.540001 	0.000874718 	-1.32871 	-0.00120489 	
2.46	0.331006 	-0.172595 	0.540002 	0.000874718 	-1.32871 	-0.00120489 	
2.465	0.331012 	-0.172594 	0.540003 	0.000874718 	-1.32871 	-0.00120489 	
2.47	0.331016 	-0.172594 	0.540004 	0.000874718 	-1.32871 	-0.00120489 	
2.475	0.331021 	-0.172593 	0.540004 	0.000874718 	-1.32871 	-0.00120489 	
2.48	0.331024 	-0.172593 	0.540005 	0.000874718 	-1.32871 	-0.00120489 	
2.485	0.331027 	-0.172593 	0.540005 	0.000874718 	-1.32871 	-0.00120489 	
2.49	0.33103 	-0.172592 	0.540006 	0.000874718 	-1.32871 	-0.00120489 	
2.495	0.331032 	-0.172592 	0.540006 	0.000874718 	-1.32871 	-0.00120489 	
2.5	0.331033 	-0.172592 	0.540006 	0.000874718 	-1.32871 	-0.00120489 	
2.505	0.331033 	-0.172592 	0.540006 	0.000874718 	-1.32871 	-0.00120489 	
2.51	0.331033 	-0.172593 	0.540006 	0.000874718 	-1.32871 	-0.00120489 	
2.515	0.331033 	-0.172593 	0.540006 	0.000874718 	-1.32871 	-0.00120489 	
2.52	0.331033 	-0.172593 	0.540006 	0.000874718 	-1.32871 	-0.00120489 	
2.525	0.331033 	-0.172593 	0.540005 	0.000874718 	-1.32871 	-0.00120489 	
2.53	0.331033 	-0.172592 	0.540004 	0.000874718 	-1.32871 	-0.00120489 	
2.535	0.331033 	-0.172591 	0.540003 	0.000874718 	-1.32871 	-0.00120489 	
2.54	0.331033 	-0.17259 	0.540001 	0.000874718 	-1.32871 	-0.00120489 	
2.545	0.331034 	-0.172588 	0.539999 	0.000874718 	-1.32871 	-0.00120489 	
2.55	0.331034 	-0.172587 	0.539997 	0.000874718 	-1.32871 	-0.00120489 	
2.555	0.331034 	-0.172585 	0.539995 	0.000874718 	-1.32871 	-0.00120489 	
2.56	0.331035 	-0.172583 	0.539992 	0.000874719 	-1.32871 	-0.00120489 	
2.565	0.331035 	-0.17258 	0.539989 	0.000874719 	-1.32871 	-0.00120489 	
2.57	0.331035 	-0.172578 	0.539985 	0.000874719 	-1.32871 	-0.00120489 	
2.575	0.331036 	-0.172575 	0.539982 	0.000874719 	-1.32871 	-0.00120489 	
2.58	0.331036 	-0.172572 	0.539978 	0.00087472 	-1.32871 	-0.00120489 	
2.585	0.331037 	-0.172569 	0.539974 	0.00087472 	-1.32871 	-0.00120489 	
2.59	0.331038 	-0.172565 	0.539969 	0.000874721 	-1.32871 	-0.0012049 	
2.595	0.331038 	-0.172562 	0.539964 	0.000874721 	-1.32871 	-0.0012049 	
2.6	0.331039 	-0.172558 	0.539959 	0.000874722 	-1.32871 	-0.0012049 	
2.605	0.33104 	-0.172554 	0.539954 	0.000874723 	-1.32871 	-0.0012049 	
2.61	0.33104 	-0.172549 	0.539948 	0.000874723 	-1.32871 	-0.0012049 	
2.615	0.331041 	-0.172545 	0.539942 	0.000874724 	-1.32871 	-0.0012049 	
2.62	0.331042 	-0.17254 	0.539936 	0.000874725 	-1.32871 	-0.0012049 	
2.625	0.331043 	-0.172535 	0.539929 	0.000874726 	-1.32871 	-0.0012049 	
2.63	0.331044 	-0.17253 	0.539922 	0.000874728 	-1.32871 	-0.0012049 	
2.635	0.331045 	-0.172524 	0.539914 	0.000874729 	-1.32871 	-0.0012049 	
2.64	0.331046 	-0.172519 	0.539908 	0.00087473 	-1.32871 	-0.00120491 	
2.645	0.331047 	-0.172512 	0.539899 	0.000874731 	-1.32871 	-0.00120491 	
2.65	0.331048 	-0.172506 	0.539891 	0.000874733 	-1.32871 	-0.00120491 	
2.655	0.331049 	-0.1725 	0.539883 	0.000874734 	-1.32871 	-0.00120491 	
2.66	0.33105 	-0.172493 	0.539874 	0.000874736 	-1.32871 	-0.00120491 	
2.665	0.331051 	-0.172486 	0.539865 	0.000874737 	-1.32871 	-0.00120491 	
2.67	0.331053 	-0.172479 	0.539856 	0.000874739 	-1.32871 	-0.00120492 	
2.675	0.331057 	-0.172469 	0.539846 	0.000874741 	-1.32871 	-0.00120492 	
2.68	0.331058 	-0.172462 	0.539837 	0.000874743 	-1.32871 	-0.00120492 	
2.685	0.331059 	-0.172454 	0.539827 	0.000874745 	-1.32871 	-0.00120492 	
2.69	0.331061 	-0.172446 	0.539816 	0.000874747 	-1.32871 	-0.00120493 	
2.695	0.331062 	-0.172438 	0.539806 	0.00087475 	-1.32871 	-0.00120493 	
2.7	0.331064 	-0.17243 	0.539795 	0.000874752 	-1.32871 	-0.00120493 	
2.705	0.331065 	-0.172421 	0.539784 	0.000874755 	-1.32871 	-0.00120494 	
2.71	0.331067 	-0.172413 	0.539772 	0.000874758 	-1.32871 	-0.00120494 	
2.715	0.331068 	-0.172404 	0.53976 	0.00087476 	-1.32871 	-0.00120494 	
2.72	0.33107 	-0.172395 	0.539748 	0.000874763 	-1.32871 	-0.00120494 	
2.725	0.331071 	-0.172385 	0.539736 	0.000874766 	-1.32871 	-0.00120495 	
2.73	0.331073 	-0.172376 	0.539723 	0.00087477 	-1.32871 	-0.00120495 	
2.735	0.331075 	-0.172366 	0.53971 	0.000874773 	-1.32871 	-0.00120496 	
2.74	0.331077 	-0.172356 	0.539697 	0.000874777 	-1.32871 	-0.00120496 	
2.745	0.331078 	-0.172346 	0.539684 	0.00087478 	-1.32871 	-0.00120496 	
2.75	0.33108 	-0.172335 	0.53967 	0.000874784 	-1.32871 	-0.00120497 	
2.755	0.331082 	-0.172325 	0.539656 	0.000874788 	-1.32871 	-0.00120497 	
2.76	0.331084 	-0.172314 	0.539642 	0.000874792 	-1.32871 	-0.00120498 	
2.765	0.331154 	-0.17231 	0.539639 	8.74473e-05 	-1.32996 	-0.000120278 	
2.77	0.331156 	-0.172299 	0.539624 	8.74518e-05 	-1.32996 	-0.000120283 	
2.775	0.331158 	-0.172287 	0.539609 	8.74565e-05 	-1.32996 	-0.000120289 	
2.78	0.33116 	-0.172276 	0.539594 	8.74613e-05 	-1.32996 	-0.000120294 	
2.785	0.331162 	-0.172264 	0.539578 	8.74663e-05 	-1.32996 	-0.0001203 	
2.79	0.331164 	-0.172252 	0.539562 	8.74715e-05 	-1.32996 	-0.000120306 	
2.795	0.331166 	-0.17224 	0.539546 	8.74769e-05 	-1.32996 	-0.000120312 	
2.8	0.331168 	-0.172227 	0.53953 	8.74824e-05 	-1.32996 	-0.000120319 	
2.805	0.33117 	-0.172215 	0.539513 	8.74882e-05 	-1.32996 	-0.000120326 	
2.81	0.331173 	-0.172202 	0.539496 	8.74941e-05 	-1.32996 	-0.000120332 	
2.815	0.331175 	-0.172189 	0.539479 	8.75001e-05 	-1.32996 	-0.000120339 	
2.82	0.331177 	-0.172175 	0.539462 	8.75064e-05 	-1.32996 	-0.000120347 	
2.825	0.33118 	-0.172162 	0.539444 	8.75129e-05 	-1.32996 	-0.000120354 	
2.83	0.331182 	-0.172148 	0.539426 	8.75195e-05 	-1.32996 	-0.000120362 	
2.835	0.331184 	-0.172134 	0.539408 	8.75264e-05 	-1.32996 	-0.00012037 	
2.84	0.331259 	-0.172121 	0.539402 	9.73769e-06 	-1.33127 	-1.31416e-05 	
2.845	0.331261 	-0.172107 	0.539383 	9.74494e-06 	-1.33127 	-1.315e-05 	
2.85	0.331264 	-0.172092 	0.539364 	9.75239e-06 	-1.33127 	-1.31587e-05 	
2.855	0.331266 	-0.172078 	0.539345 	9.76003e-06 	-1.33127 	-1.31675e-05 	
2.86	0.331269 	-0.172063 	0.539325 	9.76787e-06 	-1.33127 	-1.31767e-05 	
2.865	0.331271 	-0.172048 	0.539305 	9.77592e-06 	-1.33127 	-1.3186e-05 	
2.87	0.331274 	-0.172033 	0.539285 	9.78417e-06 	-1.33127 	-1.31956e-05 	
2.875	0.331277 	-0.172017 	0.539265 	9.79262e-06 	-1.33127 	-1.32054e-05 	
2.88	0.33128 	-0.172002 	0.539245 	9.80128e-06 	-1.33127 	-1.32155e-05 	
2.885	0.331282 	-0.171986 	0.539224 	9.81015e-06 	-1.33127 	-1.32258e-05 	
2.89	0.331285 	-0.17197 	0.539203 	9.81922e-06 	-1.33127 	-1.32364e-05 	
2.895	0.331289 	-0.171953 	0.539182 	9.82865e-06 	-1.33127 	-1.32474e-05 	
2.9	0.331362 	-0.171937 	0.539173 	2.06946e-06 	-1.33255 	-2.55645e-06 	
2.905	0.331364 	-0.17192 	0.539151 	2.0792e-06 	-1.33255 	-2.56777e-06 	
2.91	0.331367 	-0.171904 	0.539129 	2.08914e-06 	-1.33255 	-2.57933e-06 	
2.915	0.33137 	-0.171887 	0.539107 	2.09931e-06 	-1.33255 	-2.59114e-06 	
2.92	0.331373 	-0.17187 	0.539084 	2.10968e-06 	-1.33255 	-2.6032e-06 	
2.925	0.331376 	-0.171853 	0.539061 	2.12028e-06 	-1.33255 	-2.61551e-06 	
2.93	0.331379 	-0.171835 	0.539038 	2.13109e-06 	-1.33255 	-2.62808e-06 	
2.935	0.331382 	-0.171818 	0.539015 	2.14212e-06 	-1.33255 	-2.6409e-06 	
2.94	0.331386 	-0.1718 	0.538992 	2.15337e-06 	-1.33255 	-2.65397e-06 	
2.945	0.331389 	-0.171782 	0.538968 	2.16484e-06 	-1.33255 	-2.6673e-06 	
2.95	0.331392 	-0.171764 	0.538944 	2.17653e-06 	-1.33255 	-2.68089e-06 	
2.955	0.331468 	-0.171746 	0.538933 	1.42817e-06 	-1.33387 	-1.63832e-06 	
2.96	0.331471 	-0.171727 	0.538909 	1.44034e-06 	-1.33387 	-1.65244e-06 	
2.965	0.331474 	-0.171709 	0.538884 	1.45273e-06 	-1.33387 	-1.66683e-06 	
2.97	0.331477 	-0.17169 	0.53886 	1.46534e-06 	-1.33387 	-1.68147e-06 	
2.975	0.331481 	-0.171671 	0.538835 	1.47817e-06 	-1.33387 	-1.69637e-06 	
2.98	0.331484 	-0.171652 	0.538809 	1.49123e-06 	-1.33387 	-1.71153e-06 	
2.985	0.331487 	-0.171632 	0.538784 	1.50451e-06 	-1.33387 	-1.72695e-06 	
2.99	0.331491 	-0.171613 	0.538758 	1.51801e-06 	-1.33387 	-1.74263e-06 	
2.995	0.331494 	-0.171593 	0.538732 	1.53174e-06 	-1.33387 	-1.75857e-06 	
3	0.331498 	-0.171574 	0.538706 	1.54569e-06 	-1.33387 	-1.77477e-06 	
3.005	0.331574 	-0.171554 	0.538693 	1.42171e-06 	-1.3352 	-1.60771e-06 	
3.01	0.331578 	-0.171534 	0.538667 	1.43615e-06 	-1.3352 	-1.62447e-06 	
3.015	0.331581 	-0.171513 	0.53864 	1.45081e-06 	-1.3352 	-1.64148e-06 	
3.02	0.331585 	-0.171493 	0.538613 	1.4657e-06 	-1.3352 	-1.65875e-06 	
3.025	0.331588 	-0.171472 	0.538586 	1.48081e-06 	-1.3352 	-1.67628e-06 	
3.03	0.331592 	-0.171452 	0.538559 	1.49614e-06 	-1.3352 	-1.69407e-06 	
3.035	0.331596 	-0.171431 	0.538531 	1.51169e-06 	-1.3352 	-1.71212e-06 	
3.04	0.331599 	-0.17141 	0.538503 	1.52747e-06 	-1.3352 	-1.73042e-06 	
3.045	0.331603 	-0.171389 	0.538475 	1.54347e-06 	-1.3352 	-1.74899e-06 	
3.05	0.331678 	-0.171367 	0.53846 	1.40726e-06 	-1.3365 	-1.58449e-06 	
3.055	0.331682 	-0.171346 	0.538432 	1.42375e-06 	-1.3365 	-1.60361e-06 	
3.06	0.331686 	-0.171324 	0.538403 	1.44046e-06 	-1.3365 	-1.62297e-06 	
3.065	0.331689 	-0.171302 	0.538375 	1.45738e-06 	-1.3365 	-1.6426e-06 	
3.07	0.331693 	-0.17128 	0.538346 	1.47453e-06 	-1.3365 	-1.66248e-06 	
3.075	0.331697 	-0.171258 	0.538317 	1.49189e-06 	-1.3365 	-1.68261e-06 	
3.08	0.331701 	-0.171236 	0.538287 	1.50948e-06 	-1.3365 	-1.703e-06 	
3.085	0.331705 	-0.171214 	0.538258 	1.52727e-06 	-1.3365 	-1.72363e-06 	
3.09	0.331709 	-0.171191 	0.538228 	1.54529e-06 	-1.3365 	-1.74452e-06 	
3.095	0.331788 	-0.171169 	0.538212 	1.54995e-06 	-1.33787 	-1.74248e-06 	
3.1	0.331787 	-0.171151 	0.538182 	1.56716e-06 	-1.33787 	-1.76212e-06 	
3.105	0.331791 	-0.171128 	0.538152 	1.58585e-06 	-1.33787 	-1.78378e-06 	
3.11	0.331795 	-0.171105 	0.538122 	1.60477e-06 	-1.33787 	-1.8057e-06 	
3.115	0.331799 	-0.171082 	0.538091 	1.62391e-06 	-1.33787 	-1.82786e-06 	
3.12	0.331803 	-0.171059 	0.53806 	1.64324e-06 	-1.33787 	-1.85026e-06 	
3.125	0.331807 	-0.171035 	0.53803 	1.66279e-06 	-1.33787 	-1.87291e-06 	
3.13	0.331811 	-0.171012 	0.537998 	1.68255e-06 	-1.33787 	-1.8958e-06 	
3.135	0.331886 	-0.170988 	0.53798 	1.47864e-06 	-1.33917 	-1.65703e-06 	
3.14	0.33189 	-0.170965 	0.537949 	1.49887e-06 	-1.33917 	-1.68044e-06 	
3.145	0.331895 	-0.170941 	0.537917 	1.51928e-06 	-1.33917 	-1.70407e-06 	
3.15	0.331899 	-0.170917 	0.537886 	1.5399e-06 	-1.33917 	-1.72794e-06 	
3.155	0.331903 	-0.170893 	0.537854 	1.56072e-06 	-1.33917 	-1.75204e-06 	
3.16	0.331907 	-0.170868 	0.537822 	1.58174e-06 	-1.33917 	-1.77637e-06 	
3.165	0.331912 	-0.170844 	0.53779 	1.60295e-06 	-1.33917 	-1.80092e-06 	
3.17	0.331916 	-0.170819 	0.537757 	1.62436e-06 	-1.33917 	-1.8257e-06 	
3.175	0.331994 	-0.170795 	0.537739 	1.56289e-06 	-1.34051 	-1.74895e-06 	
3.18	0.331998 	-0.17077 	0.537706 	1.58475e-06 	-1.34051 	-1.77423e-06 	
3.185	0.332002 	-0.170745 	0.537673 	1.60678e-06 	-1.34051 	-1.79972e-06 	
3.19	0.332007 	-0.17072 	0.53764 	1.629e-06 	-1.34051 	-1.82542e-06 	
3.195	0.332011 	-0.170695 	0.537607 	1.65141e-06 	-1.34051 	-1.85134e-06 	
3.2	0.332015 	-0.17067 	0.537574 	1.674e-06 	-1.34051 	-1.87747e-06 	
3.205	0.33202 	-0.170645 	0.537541 	1.69677e-06 	-1.34051 	-1.9038e-06 	
3.21	0.332024 	-0.17062 	0.537507 	1.71972e-06 	-1.34051 	-1.93035e-06 	
3.215	0.332105 	-0.170594 	0.537488 	1.67328e-06 	-1.3419 	-1.87041e-06 	
3.22	0.332109 	-0.170569 	0.537454 	1.69666e-06 	-1.3419 	-1.89742e-06 	
3.225	0.33212 	-0.170537 	0.53742 	1.72171e-06 	-1.3419 	-1.92682e-06 	
3.23	0.332124 	-0.170511 	0.537386 	1.74543e-06 	-1.3419 	-1.95423e-06 	
3.235	0.332129 	-0.170486 	0.537352 	1.7693e-06 	-1.3419 	-1.98182e-06 	
3.24	0.332133 	-0.17046 	0.537318 	1.79334e-06 	-1.3419 	-2.0096e-06 	
3.245	0.332138 	-0.170434 	0.537283 	1.81753e-06 	-1.3419 	-2.03756e-06 	
3.25	0.332142 	-0.170408 	0.537249 	1.84189e-06 	-1.3419 	-2.06571e-06 	
3.255	0.332225 	-0.170381 	0.537229 	1.77922e-06 	-1.34333 	-1.98665e-06 	
3.26	0.33223 	-0.170355 	0.537194 	1.80397e-06 	-1.34333 	-2.01523e-06 	
3.265	0.332235 	-0.170329 	0.537159 	1.82886e-06 	-1.34333 	-2.04397e-06 	
3.27	0.332239 	-0.170302 	0.537124 	1.8539e-06 	-1.34333 	-2.07288e-06 	
3.275	0.332244 	-0.170276 	0.537089 	1.87909e-06 	-1.34333 	-2.10197e-06 	
3.28	0.332248 	-0.170249 	0.537054 	1.90442e-06 	-1.34333 	-2.13122e-06 	
3.285	0.332253 	-0.170223 	0.537019 	1.92989e-06 	-1.34333 	-2.16063e-06 	
3.29	0.332329 	-0.170196 	0.536997 	1.59442e-06 	-1.34463 	-1.77421e-06 	
3.295	0.332334 	-0.170169 	0.536962 	1.62024e-06 	-1.34463 	-1.80401e-06 	
3.3	0.332339 	-0.170142 	0.536926 	1.64619e-06 	-1.34463 	-1.83394e-06 	
3.305	0.332343 	-0.170115 	0.53689 	1.67226e-06 	-1.34463 	-1.86403e-06 	
3.31	0.332348 	-0.170088 	0.536854 	1.69847e-06 	-1.34463 	-1.89426e-06 	
3.315	0.332353 	-0.170061 	0.536819 	1.72479e-06 	-1.34463 	-1.92464e-06 	
3.32	0.332358 	-0.170034 	0.536783 	1.75124e-06 	-1.34463 	-1.95515e-06 	
3.325	0.332434 	-0.170006 	0.53676 	1.60508e-06 	-1.34595 	-1.78338e-06 	
3.33	0.332439 	-0.169979 	0.536724 	1.63184e-06 	-1.34595 	-1.81423e-06 	
3.335	0.332444 	-0.169952 	0.536688 	1.6587e-06 	-1.34595 	-1.8452e-06 	
3.34	0.332449 	-0.169924 	0.536652 	1.68568e-06 	-1.34595 	-1.87629e-06 	
3.345	0.332454 	-0.169897 	0.536615 	1.71275e-06 	-1.34595 	-1.90751e-06 	
3.35	0.332458 	-0.169869 	0.536579 	1.73993e-06 	-1.34595 	-1.93884e-06 	
3.355	0.332463 	-0.169842 	0.536542 	1.76721e-06 	-1.34595 	-1.97029e-06 	
3.36	0.332541 	-0.169814 	0.53652 	1.64955e-06 	-1.34728 	-1.83077e-06 	
3.365	0.332546 	-0.169786 	0.536483 	1.6771e-06 	-1.34728 	-1.8625e-06 	
3.37	0.332551 	-0.169759 	0.536447 	1.70474e-06 	-1.34728 	-1.89433e-06 	
3.375	0.332556 	-0.169731 	0.53641 	1.73245e-06 	-1.34728 	-1.92626e-06 	
3.38	0.332561 	-0.169703 	0.536373 	1.76026e-06 	-1.34728 	-1.95829e-06 	
3.385	0.332565 	-0.169675 	0.536336 	1.78813e-06 	-1.34728 	-1.9904e-06 	
3.39	0.332563 	-0.169655 	0.536299 	1.81375e-06 	-1.34728 	-2.01938e-06 	
3.395	0.332642 	-0.169627 	0.536276 	1.6896e-06 	-1.34863 	-1.8733e-06 	
3.4	0.332647 	-0.169599 	0.536239 	1.71779e-06 	-1.34863 	-1.90574e-06 	
3.405	0.332651 	-0.169571 	0.536202 	1.74604e-06 	-1.34863 	-1.93824e-06 	
3.41	0.332656 	-0.169543 	0.536165 	1.77434e-06 	-1.34863 	-1.97082e-06 	
3.415	0.332661 	-0.169515 	0.536128 	1.80271e-06 	-1.34863 	-2.00347e-06 	
3.42	0.332666 	-0.169486 	0.53609 	1.83113e-06 	-1.34863 	-2.03618e-06 	
3.425	0.332671 	-0.169458 	0.536053 	1.8596e-06 	-1.34863 	-2.06895e-06 	
3.43	0.332751 	-0.16943 	0.53603 	1.72381e-06 	-1.35 	-1.90915e-06 	
3.435	0.332756 	-0.169402 	0.535993 	1.75246e-06 	-1.35 	-1.9421e-06 	
3.44	0.332761 	-0.169374 	0.535955 	1.78115e-06 	-1.35 	-1.9751e-06 	
3.445	0.332766 	-0.169345 	0.535918 	1.80988e-06 	-1.35 	-2.00813e-06 	
3.45	0.332771 	-0.169317 	0.53588 	1.83864e-06 	-1.35 	-2.04121e-06 	
