0	2.05422 	-0.09244 	-1.56109 	0.000250744 	-0.0988525 	0.00448931 	
0.005	2.05422 	-0.0924397 	-1.56109 	0.000250762 	-0.0988525 	0.00448932 	
0.01	2.05422 	-0.0924393 	-1.56109 	0.00025078 	-0.0988525 	0.00448933 	
0.015	2.05422 	-0.092439 	-1.56109 	0.000250796 	-0.0988526 	0.00448934 	
0.02	2.05422 	-0.0924387 	-1.56109 	0.00025081 	-0.0988526 	0.00448934 	
0.025	2.05422 	-0.0924384 	-1.56109 	0.000250823 	-0.0988526 	0.00448935 	
0.03	2.05422 	-0.0924381 	-1.56109 	0.000250833 	-0.0988527 	0.00448935 	
0.035	2.05423 	-0.0924378 	-1.56109 	0.000250842 	-0.0988528 	0.00448935 	
0.04	2.05423 	-0.0924374 	-1.56108 	0.000250848 	-0.0988529 	0.00448935 	
0.045	2.05423 	-0.0924371 	-1.56108 	0.000250851 	-0.098853 	0.00448934 	
0.05	2.05423 	-0.0924366 	-1.56108 	0.000250852 	-0.0988532 	0.00448933 	
0.055	2.05423 	-0.0924362 	-1.56107 	0.00025085 	-0.0988535 	0.00448932 	
0.06	2.05424 	-0.0924357 	-1.56106 	0.000250845 	-0.0988538 	0.0044893 	
0.065	2.05424 	-0.0924352 	-1.56106 	0.000250836 	-0.0988541 	0.00448928 	
0.07	2.05425 	-0.0924346 	-1.56105 	0.000250824 	-0.0988546 	0.00448925 	
0.075	2.05425 	-0.0924339 	-1.56104 	0.000250809 	-0.098855 	0.00448922 	
0.08	2.05426 	-0.0924332 	-1.56103 	0.000250791 	-0.0988556 	0.00448918 	
0.085	2.05426 	-0.0924324 	-1.56102 	0.000250769 	-0.0988562 	0.00448914 	
0.09	2.05427 	-0.0924316 	-1.561 	0.000250743 	-0.0988569 	0.00448909 	
0.095	2.05428 	-0.0924307 	-1.56099 	0.000250713 	-0.0988577 	0.00448903 	
0.1	2.05429 	-0.0924297 	-1.56097 	0.000250679 	-0.0988585 	0.00448897 	
0.105	2.0543 	-0.0924286 	-1.56095 	0.000250641 	-0.0988594 	0.00448891 	
0.11	2.05431 	-0.0924275 	-1.56093 	0.000250599 	-0.0988604 	0.00448883 	
0.115	2.05432 	-0.0924262 	-1.56091 	0.000250553 	-0.0988615 	0.00448875 	
0.12	2.05433 	-0.0924249 	-1.56089 	0.000250503 	-0.0988627 	0.00448867 	
0.125	2.05435 	-0.0924236 	-1.56087 	0.000250449 	-0.098864 	0.00448858 	
0.13	2.05436 	-0.0924221 	-1.56084 	0.00025039 	-0.0988653 	0.00448848 	
0.135	2.05438 	-0.0924206 	-1.56081 	0.000250328 	-0.0988667 	0.00448838 	
0.14	2.0544 	-0.0924189 	-1.56078 	0.000250261 	-0.0988683 	0.00448826 	
0.145	2.05441 	-0.0924172 	-1.56075 	0.00025019 	-0.0988699 	0.00448815 	
0.15	2.05443 	-0.0924154 	-1.56072 	0.000250115 	-0.0988716 	0.00448802 	
0.155	2.05445 	-0.0924135 	-1.56068 	0.000250035 	-0.0988734 	0.00448789 	
0.16	2.05447 	-0.0924115 	-1.56065 	0.000249952 	-0.0988753 	0.00448775 	
0.165	2.05285 	-0.0910184 	-1.563 	0.000315278 	-0.0988806 	0.00447836 	
0.17	2.05319 	-0.0910854 	-1.56312 	0.000311666 	-0.0988951 	0.00447726 	
0.175	2.05345 	-0.0911608 	-1.56315 	0.000307454 	-0.0989078 	0.00447574 	
0.18	2.05361 	-0.0912226 	-1.56312 	0.00030387 	-0.0989171 	0.00447428 	
0.185	2.05376 	-0.0912796 	-1.56308 	0.000300537 	-0.0989259 	0.00447291 	
0.19	2.0539 	-0.0913322 	-1.56305 	0.000297436 	-0.0989344 	0.00447162 	
0.195	2.05404 	-0.0913806 	-1.56301 	0.00029455 	-0.0989426 	0.00447041 	
0.2	2.05417 	-0.0914252 	-1.56297 	0.000291862 	-0.0989504 	0.00446926 	
0.205	2.05429 	-0.0914663 	-1.56292 	0.000289358 	-0.098958 	0.00446818 	
0.21	2.05441 	-0.091504 	-1.56287 	0.000287024 	-0.0989653 	0.00446715 	
0.215	2.05452 	-0.0915387 	-1.56282 	0.000284847 	-0.0989723 	0.00446617 	
0.22	2.0549 	-0.0919193 	-1.56315 	0.000310077 	-0.0990141 	0.0044271 	
0.225	2.05339 	-0.090584 	-1.56546 	0.000372657 	-0.099024 	0.00441746 	
0.23	2.05379 	-0.090679 	-1.56555 	0.000367399 	-0.0990427 	0.00441567 	
0.235	2.05412 	-0.0907801 	-1.56557 	0.000361666 	-0.0990595 	0.00441351 	
0.24	2.05434 	-0.0908657 	-1.56552 	0.000356668 	-0.0990727 	0.00441144 	
0.245	2.05456 	-0.0909447 	-1.56547 	0.000352021 	-0.0990853 	0.0044095 	
0.25	2.05476 	-0.0910175 	-1.56541 	0.000347698 	-0.0990973 	0.00440768 	
0.255	2.05495 	-0.0910846 	-1.56535 	0.000343676 	-0.0991087 	0.00440596 	
0.26	2.05513 	-0.0911464 	-1.56529 	0.000339932 	-0.0991197 	0.00440434 	
0.265	2.0553 	-0.0912033 	-1.56523 	0.000336446 	-0.0991303 	0.00440281 	
0.27	2.05547 	-0.0912557 	-1.56516 	0.000333198 	-0.0991405 	0.00440137 	
0.275	2.05391 	-0.0898645 	-1.56759 	0.000398547 	-0.0991539 	0.00439113 	
0.28	2.05439 	-0.0899819 	-1.56769 	0.000391986 	-0.0991767 	0.00438883 	
0.285	2.05478 	-0.0901042 	-1.5677 	0.000385004 	-0.0991971 	0.00438613 	
0.29	2.05506 	-0.0902085 	-1.56763 	0.000378879 	-0.0992133 	0.00438356 	
0.295	2.05532 	-0.0903047 	-1.56757 	0.000373185 	-0.0992288 	0.00438115 	
0.3	2.05557 	-0.0903935 	-1.56749 	0.000367889 	-0.0992436 	0.00437888 	
0.305	2.05581 	-0.0904753 	-1.56742 	0.000362963 	-0.0992577 	0.00437675 	
0.31	2.05603 	-0.0905506 	-1.56734 	0.000358378 	-0.0992713 	0.00437474 	
0.315	2.0546 	-0.0892553 	-1.56964 	0.000419294 	-0.0992876 	0.00436479 	
0.32	2.05511 	-0.0893886 	-1.56972 	0.000411757 	-0.0993126 	0.00436204 	
0.325	2.05554 	-0.0895253 	-1.56971 	0.000403895 	-0.0993352 	0.00435893 	
0.33	2.05585 	-0.0896433 	-1.56963 	0.000396934 	-0.0993538 	0.00435597 	
0.335	2.05615 	-0.0897523 	-1.56955 	0.000390462 	-0.0993715 	0.0043532 	
0.34	2.05644 	-0.0898527 	-1.56947 	0.000384443 	-0.0993884 	0.00435059 	
0.345	2.0567 	-0.0899452 	-1.56938 	0.000378845 	-0.0994046 	0.00434813 	
0.35	2.05696 	-0.0900305 	-1.56929 	0.000373637 	-0.09942 	0.00434582 	
0.355	2.05538 	-0.0885986 	-1.57185 	0.00044133 	-0.0994386 	0.00433514 	
0.36	2.05597 	-0.0887495 	-1.57194 	0.00043279 	-0.0994674 	0.00433201 	
0.365	2.05645 	-0.0889032 	-1.57193 	0.000423923 	-0.0994931 	0.00432847 	
0.37	2.05681 	-0.0890356 	-1.57184 	0.000416088 	-0.099514 	0.0043251 	
0.375	2.05715 	-0.0891577 	-1.57175 	0.000408805 	-0.099534 	0.00432194 	
0.38	2.05746 	-0.0892703 	-1.57165 	0.000402033 	-0.0995529 	0.00431896 	
0.385	2.05776 	-0.089374 	-1.57155 	0.000395736 	-0.0995711 	0.00431617 	
0.39	2.05625 	-0.0879952 	-1.57405 	0.000461111 	-0.0995921 	0.00430567 	
0.395	2.05688 	-0.0881603 	-1.57412 	0.000451696 	-0.099623 	0.00430212 	
0.4	2.0574 	-0.0883272 	-1.5741 	0.000442025 	-0.0996507 	0.0042982 	
0.405	2.05779 	-0.0884718 	-1.574 	0.000433436 	-0.0996736 	0.00429446 	
0.41	2.05815 	-0.0886053 	-1.5739 	0.000425453 	-0.0996954 	0.00429095 	
0.415	2.0585 	-0.0887283 	-1.57379 	0.000418032 	-0.0997163 	0.00428765 	
0.42	2.05715 	-0.0874729 	-1.5761 	0.000477632 	-0.0997394 	0.00427764 	
0.425	2.05778 	-0.0876489 	-1.57615 	0.000467523 	-0.0997714 	0.00427372 	
0.43	2.05832 	-0.0878252 	-1.57611 	0.000457251 	-0.0998005 	0.00426947 	
0.435	2.05873 	-0.0879794 	-1.576 	0.00044807 	-0.099825 	0.00426543 	
0.44	2.05913 	-0.0881216 	-1.57589 	0.000439537 	-0.0998484 	0.00426164 	
0.445	2.0595 	-0.0882527 	-1.57577 	0.000431606 	-0.0998706 	0.00425808 	
0.45	2.05808 	-0.0869381 	-1.57821 	0.000494359 	-0.0998954 	0.00424789 	
0.455	2.05876 	-0.0871255 	-1.57827 	0.000483574 	-0.0999297 	0.00424368 	
0.46	2.05933 	-0.0873128 	-1.57823 	0.000472633 	-0.0999607 	0.00423911 	
0.465	2.05978 	-0.0874764 	-1.57811 	0.000462863 	-0.0999868 	0.00423476 	
0.47	2.06019 	-0.0876273 	-1.57799 	0.000453784 	-0.100012 	0.00423068 	
0.475	2.06059 	-0.0877664 	-1.57786 	0.000445345 	-0.100035 	0.00422685 	
0.48	2.05908 	-0.0863783 	-1.58045 	0.00051202 	-0.100062 	0.00421649 	
0.485	2.05982 	-0.086578 	-1.58052 	0.000500509 	-0.100099 	0.00421198 	
0.49	2.06043 	-0.0867772 	-1.58048 	0.000488848 	-0.100132 	0.00420706 	
0.495	2.06089 	-0.0869509 	-1.58035 	0.000478447 	-0.100159 	0.00420238 	
0.5	2.06078 	-0.0863943 	-1.57942 	0.000412876 	-0.100114 	0.00427735 	
0.505	2.05951 	-0.0851922 	-1.58172 	0.000470692 	-0.100142 	0.00426768 	
0.51	2.06023 	-0.0854004 	-1.58175 	0.000458595 	-0.100179 	0.00426278 	
0.515	2.06084 	-0.0856067 	-1.58169 	0.00044646 	-0.100213 	0.00425757 	
0.52	2.06133 	-0.0857883 	-1.58155 	0.000435561 	-0.100242 	0.00425262 	
0.525	2.0618 	-0.0859559 	-1.58141 	0.000425435 	-0.10027 	0.00424798 	
0.53	2.0605 	-0.0847295 	-1.58377 	0.000484741 	-0.100299 	0.00423835 	
0.535	2.06125 	-0.0849463 	-1.5838 	0.000472114 	-0.100338 	0.00423319 	
0.54	2.06189 	-0.0851608 	-1.58374 	0.000459465 	-0.100373 	0.00422771 	
0.545	2.0624 	-0.0853497 	-1.5836 	0.000448105 	-0.100403 	0.0042225 	
0.55	2.06288 	-0.0855239 	-1.58345 	0.000437552 	-0.100432 	0.00421762 	
0.555	2.06153 	-0.0842549 	-1.58591 	0.000499303 	-0.100463 	0.00420802 	
0.56	2.06232 	-0.084481 	-1.58594 	0.000486118 	-0.100503 	0.00420261 	
0.565	2.06299 	-0.0847043 	-1.58588 	0.000472918 	-0.10054 	0.00419684 	
0.57	2.06352 	-0.0849009 	-1.58573 	0.000461071 	-0.100571 	0.00419135 	
0.575	2.06402 	-0.0850821 	-1.58557 	0.000450067 	-0.100601 	0.00418621 	
0.58	2.06261 	-0.0837711 	-1.58813 	0.000514282 	-0.100633 	0.00417668 	
0.585	2.06344 	-0.0840067 	-1.58817 	0.000500513 	-0.100676 	0.00417099 	
0.59	2.06414 	-0.0842394 	-1.5881 	0.000486738 	-0.100714 	0.00416492 	
0.595	2.06469 	-0.0844439 	-1.58795 	0.000474383 	-0.100746 	0.00415914 	
0.6	2.06521 	-0.0846325 	-1.58778 	0.000462909 	-0.100777 	0.00415372 	
0.605	2.06375 	-0.0832818 	-1.59043 	0.000529518 	-0.100811 	0.00414432 	
0.61	2.06461 	-0.0835273 	-1.59048 	0.00051515 	-0.100855 	0.00413835 	
0.615	2.06534 	-0.0837694 	-1.59041 	0.000500785 	-0.100895 	0.00413196 	
0.62	2.06591 	-0.0839821 	-1.59025 	0.000487909 	-0.100928 	0.00412587 	
0.625	2.06479 	-0.0828957 	-1.59246 	0.000541356 	-0.100963 	0.00411695 	
0.63	2.06561 	-0.0831474 	-1.59245 	0.000526515 	-0.101007 	0.00411055 	
0.635	2.06633 	-0.0833937 	-1.59235 	0.00051183 	-0.101046 	0.00410389 	
0.64	2.06691 	-0.0836125 	-1.59219 	0.000498563 	-0.101081 	0.00409757 	
0.645	2.0658 	-0.0825315 	-1.5944 	0.000552015 	-0.101117 	0.00408882 	
0.65	2.06664 	-0.0827889 	-1.59439 	0.000536805 	-0.101161 	0.00408221 	
0.655	2.06737 	-0.0830405 	-1.59429 	0.000521769 	-0.101202 	0.00407533 	
0.66	2.06797 	-0.0832641 	-1.59412 	0.000508182 	-0.101237 	0.00406881 	
0.665	2.06683 	-0.0821645 	-1.59639 	0.000562903 	-0.101274 	0.00406022 	
0.67	2.06769 	-0.0824278 	-1.59638 	0.000547308 	-0.10132 	0.0040534 	
0.675	2.06844 	-0.0826853 	-1.59628 	0.000531893 	-0.101361 	0.0040463 	
0.68	2.06906 	-0.082914 	-1.59611 	0.000517969 	-0.101397 	0.00403957 	
0.685	2.06788 	-0.0817947 	-1.59843 	0.000574033 	-0.101435 	0.00403116 	
0.69	2.06877 	-0.0820644 	-1.59843 	0.000558032 	-0.101482 	0.00402412 	
0.695	2.06954 	-0.0823281 	-1.59833 	0.000542219 	-0.101524 	0.00401679 	
0.7	2.07017 	-0.0825621 	-1.59815 	0.00052794 	-0.101561 	0.00400982 	
0.705	2.06897 	-0.0814245 	-1.60052 	0.000585307 	-0.1016 	0.00400162 	
0.71	2.06988 	-0.0817008 	-1.60052 	0.000568885 	-0.101647 	0.00399436 	
0.715	2.07113 	-0.0825697 	-1.60109 	0.000599198 	-0.101751 	0.00391955 	
0.72	2.07177 	-0.0828093 	-1.60091 	0.000584552 	-0.101789 	0.00391235 	
0.725	2.07055 	-0.0816544 	-1.60333 	0.00064313 	-0.101828 	0.00390433 	
0.73	2.07148 	-0.0819375 	-1.60333 	0.000626278 	-0.101877 	0.00389682 	
0.735	2.07228 	-0.082214 	-1.60323 	0.000609631 	-0.101921 	0.00388898 	
0.74	2.07294 	-0.0824592 	-1.60304 	0.000594609 	-0.10196 	0.00388154 	
0.745	2.07168 	-0.0812889 	-1.60552 	0.000654395 	-0.102 	0.00387377 	
0.75	2.07264 	-0.0815788 	-1.60552 	0.000637108 	-0.10205 	0.00386602 	
0.755	2.07346 	-0.0818618 	-1.60541 	0.000620035 	-0.102095 	0.00385792 	
0.76	2.07413 	-0.0821128 	-1.60522 	0.000604632 	-0.102134 	0.00385023 	
0.765	2.07285 	-0.0809283 	-1.60775 	0.000665582 	-0.102175 	0.00384274 	
0.77	2.07382 	-0.0812249 	-1.60775 	0.000647856 	-0.102226 	0.00383475 	
0.775	2.07466 	-0.0815145 	-1.60764 	0.000630356 	-0.102273 	0.00382638 	
0.78	2.07534 	-0.0817712 	-1.60744 	0.000614571 	-0.102313 	0.00381843 	
0.785	2.07404 	-0.0805739 	-1.61002 	0.000676642 	-0.102354 	0.00381126 	
0.79	2.07504 	-0.0808773 	-1.61003 	0.000658478 	-0.102406 	0.00380302 	
0.795	2.07589 	-0.0811734 	-1.60992 	0.00064055 	-0.102454 	0.00379438 	
0.8	2.07658 	-0.0814358 	-1.60971 	0.000624382 	-0.102494 	0.00378617 	
0.805	2.07525 	-0.0802269 	-1.61233 	0.000687533 	-0.102537 	0.00377934 	
0.81	2.07627 	-0.080537 	-1.61234 	0.000668933 	-0.10259 	0.00377085 	
0.815	2.07714 	-0.0808395 	-1.61223 	0.000650579 	-0.102638 	0.00376194 	
0.82	2.07785 	-0.0811076 	-1.61202 	0.00063403 	-0.102679 	0.00375347 	
0.825	2.07649 	-0.0798883 	-1.61469 	0.000698221 	-0.102722 	0.00374701 	
0.83	2.07753 	-0.0802051 	-1.6147 	0.000679187 	-0.102777 	0.00373826 	
0.835	2.07842 	-0.080514 	-1.61458 	0.00066041 	-0.102826 	0.00372908 	
0.84	2.07914 	-0.0807876 	-1.61437 	0.000643483 	-0.102868 	0.00372034 	
0.845	2.07776 	-0.0795593 	-1.61707 	0.000708672 	-0.102911 	0.00371428 	
0.85	2.07882 	-0.0798826 	-1.61709 	0.000689209 	-0.102966 	0.00370529 	
0.855	2.07972 	-0.0801977 	-1.61697 	0.000670013 	-0.103016 	0.00369583 	
0.86	2.08044 	-0.0804768 	-1.61675 	0.000652711 	-0.103059 	0.00368683 	
0.865	2.07904 	-0.0792408 	-1.6195 	0.000718857 	-0.103103 	0.00368119 	
0.87	2.08012 	-0.0795704 	-1.61951 	0.000698971 	-0.103159 	0.00367194 	
0.875	2.08103 	-0.0798916 	-1.6194 	0.000679361 	-0.10321 	0.00366221 	
0.88	2.08177 	-0.0801761 	-1.61917 	0.000661689 	-0.103253 	0.00365294 	
0.885	2.08035 	-0.0789335 	-1.62196 	0.000728752 	-0.103298 	0.00364776 	
0.89	2.08144 	-0.0792693 	-1.62198 	0.000708447 	-0.103355 	0.00363826 	
0.895	2.08237 	-0.0795966 	-1.62186 	0.000688429 	-0.103406 	0.00362826 	
0.9	2.08312 	-0.0798864 	-1.62163 	0.000670392 	-0.10345 	0.00361872 	
0.905	2.08168 	-0.0786383 	-1.62445 	0.00073833 	-0.103496 	0.00361403 	
0.91	2.08274 	-0.0789196 	-1.6244 	0.000712921 	-0.103547 	0.00361118 	
0.915	2.08368 	-0.0792527 	-1.62428 	0.000692501 	-0.103599 	0.0036009 	
0.92	2.08274 	-0.0783674 	-1.62644 	0.000740537 	-0.103646 	0.00359487 	
0.925	2.08377 	-0.0787127 	-1.62637 	0.000719463 	-0.103701 	0.0035845 	
0.93	2.08468 	-0.0790463 	-1.62622 	0.000698916 	-0.103752 	0.00357395 	
0.935	2.08545 	-0.079345 	-1.62598 	0.000680257 	-0.103797 	0.00356397 	
0.94	2.08402 	-0.0781245 	-1.6288 	0.000747703 	-0.103844 	0.00356007 	
0.945	2.08515 	-0.0784742 	-1.62882 	0.000726418 	-0.103902 	0.00354991 	
0.95	2.0861 	-0.0788147 	-1.62869 	0.000705455 	-0.103955 	0.00353922 	
0.955	2.08515 	-0.0779296 	-1.63088 	0.0007543 	-0.104003 	0.00353385 	
0.96	2.08619 	-0.0782828 	-1.63082 	0.000732654 	-0.104059 	0.00352308 	
0.965	2.08712 	-0.0786241 	-1.63066 	0.000711551 	-0.104111 	0.00351211 	
0.97	2.0862 	-0.0777708 	-1.63281 	0.000758936 	-0.104159 	0.00350688 	
0.975	2.08725 	-0.0781261 	-1.63274 	0.000737109 	-0.104216 	0.00349595 	
0.98	2.08818 	-0.0784691 	-1.63258 	0.00071585 	-0.104267 	0.00348483 	
0.985	2.08726 	-0.0776181 	-1.63474 	0.000763469 	-0.104316 	0.00347992 	
0.99	2.08832 	-0.0779757 	-1.63468 	0.000741465 	-0.104373 	0.00346885 	
0.995	2.08925 	-0.0783208 	-1.63452 	0.000720033 	-0.104425 	0.00345759 	
1	2.08832 	-0.07747 	-1.63669 	0.000768022 	-0.104474 	0.00345302 	
1.005	2.08939 	-0.0778299 	-1.63663 	0.000745827 	-0.104531 	0.00344181 	
1.01	2.09033 	-0.0781774 	-1.63647 	0.000724209 	-0.104583 	0.0034304 	
1.015	2.08939 	-0.0773271 	-1.63866 	0.000772549 	-0.104632 	0.00342618 	
1.02	2.09046 	-0.0776897 	-1.6386 	0.000750154 	-0.10469 	0.00341482 	
1.025	2.09141 	-0.0780397 	-1.63844 	0.000728338 	-0.104742 	0.00340325 	
1.03	2.09046 	-0.0771907 	-1.64064 	0.000777001 	-0.104792 	0.00339936 	
1.035	2.09154 	-0.077556 	-1.64058 	0.000754397 	-0.104849 	0.00338785 	
1.04	2.09213 	-0.0774284 	-1.63987 	0.000695383 	-0.104854 	0.0034313 	
1.045	2.09117 	-0.0765814 	-1.64209 	0.000744374 	-0.104904 	0.0034278 	
1.05	2.09226 	-0.0769495 	-1.64202 	0.000721556 	-0.104962 	0.00341613 	
1.055	2.09322 	-0.0773048 	-1.64186 	0.000699327 	-0.105015 	0.00340423 	
1.06	2.09226 	-0.0764601 	-1.64409 	0.000748586 	-0.105065 	0.00340107 	
1.065	2.09335 	-0.0768311 	-1.64403 	0.000725551 	-0.105123 	0.00338923 	
1.07	2.09432 	-0.0771891 	-1.64387 	0.000703111 	-0.105177 	0.00337717 	
1.075	2.09335 	-0.0763474 	-1.64611 	0.000752613 	-0.105227 	0.00337436 	
1.08	2.09445 	-0.0767212 	-1.64605 	0.00072936 	-0.105286 	0.00336236 	
1.085	2.09542 	-0.0770819 	-1.64589 	0.000706708 	-0.105339 	0.00335012 	
1.09	2.09444 	-0.0762437 	-1.64814 	0.00075643 	-0.10539 	0.00334767 	
1.095	2.09555 	-0.0766202 	-1.64808 	0.00073296 	-0.105449 	0.00333551 	
1.1	2.09652 	-0.0769837 	-1.64792 	0.000710098 	-0.105502 	0.0033231 	
1.105	2.09554 	-0.0761494 	-1.65018 	0.000760016 	-0.105553 	0.00332101 	
1.11	2.09665 	-0.0765287 	-1.65012 	0.000736331 	-0.105612 	0.00330868 	
1.115	2.09763 	-0.0768948 	-1.64996 	0.00071326 	-0.105666 	0.0032961 	
1.12	2.09664 	-0.076065 	-1.65223 	0.000763353 	-0.105717 	0.00329437 	
1.125	2.09776 	-0.076447 	-1.65217 	0.000739456 	-0.105776 	0.00328188 	
1.13	2.09874 	-0.0768156 	-1.652 	0.000716179 	-0.10583 	0.00326913 	
1.135	2.09775 	-0.0759907 	-1.65429 	0.000766426 	-0.105881 	0.00326778 	
1.14	2.09887 	-0.0763753 	-1.65422 	0.000742321 	-0.105941 	0.00325512 	
1.145	2.09985 	-0.0767464 	-1.65406 	0.000718841 	-0.105995 	0.00324221 	
1.15	2.09886 	-0.0759268 	-1.65635 	0.000769221 	-0.106046 	0.00324122 	
1.155	2.09998 	-0.0763139 	-1.65628 	0.000744912 	-0.106106 	0.00322841 	
1.16	2.10097 	-0.0766875 	-1.65612 	0.000721235 	-0.10616 	0.00321533 	
1.165	2.09997 	-0.0758735 	-1.65841 	0.000771728 	-0.106211 	0.00321472 	
1.17	2.10109 	-0.0762631 	-1.65835 	0.00074722 	-0.106271 	0.00320175 	
1.175	2.10208 	-0.076639 	-1.65818 	0.000723349 	-0.106326 	0.0031885 	
1.18	2.10108 	-0.0758311 	-1.66049 	0.000773936 	-0.106377 	0.00318828 	
1.185	2.10221 	-0.0762231 	-1.66042 	0.000749234 	-0.106437 	0.00317515 	
1.19	2.1032 	-0.0766013 	-1.66025 	0.000725176 	-0.106492 	0.00316175 	
1.195	2.10219 	-0.0757998 	-1.66256 	0.000775836 	-0.106543 	0.00316191 	
1.2	2.10332 	-0.076194 	-1.6625 	0.000750947 	-0.106603 	0.00314862 	
1.205	2.10432 	-0.0765743 	-1.66233 	0.000726707 	-0.106658 	0.00313506 	
1.21	2.10331 	-0.0757797 	-1.66464 	0.000777421 	-0.106709 	0.00313561 	
1.215	2.10444 	-0.076176 	-1.66458 	0.000752351 	-0.10677 	0.00312218 	
1.22	2.10544 	-0.0765583 	-1.66441 	0.000727936 	-0.106825 	0.00310847 	
1.225	2.10442 	-0.0757709 	-1.66672 	0.000778684 	-0.106876 	0.00310941 	
1.23	2.10556 	-0.0761692 	-1.66666 	0.000753439 	-0.106936 	0.00309583 	
1.235	2.10656 	-0.0765535 	-1.66649 	0.000728855 	-0.106991 	0.00308197 	
1.24	2.10554 	-0.0757735 	-1.6688 	0.000779619 	-0.107042 	0.0030833 	
1.245	2.10667 	-0.0761737 	-1.66874 	0.000754207 	-0.107103 	0.00306958 	
1.25	2.10767 	-0.0765598 	-1.66857 	0.00072946 	-0.107158 	0.00305557 	
1.255	2.10665 	-0.0757876 	-1.67088 	0.000780221 	-0.107209 	0.0030573 	
1.26	2.10838 	-0.0769633 	-1.67172 	0.000813738 	-0.107347 	0.0029531 	
1.265	2.10938 	-0.0773511 	-1.67155 	0.000788837 	-0.107402 	0.00293895 	
1.27	2.10836 	-0.0765868 	-1.67387 	0.000839517 	-0.107453 	0.00294102 	
1.275	2.10949 	-0.0769904 	-1.6738 	0.000813792 	-0.107513 	0.00292703 	
1.28	2.11049 	-0.0773798 	-1.67363 	0.000788742 	-0.107568 	0.00291274 	
1.285	2.10947 	-0.0766239 	-1.67595 	0.000839381 	-0.107619 	0.0029152 	
1.29	2.1106 	-0.077029 	-1.67588 	0.000813511 	-0.10768 	0.00290108 	
1.295	2.11161 	-0.0774198 	-1.67571 	0.000788321 	-0.107735 	0.00288666 	
1.3	2.11058 	-0.0766727 	-1.67803 	0.000838899 	-0.107786 	0.00288952 	
1.305	2.11171 	-0.0770791 	-1.67796 	0.000812892 	-0.107846 	0.00287528 	
1.31	2.11271 	-0.0774712 	-1.67779 	0.00078757 	-0.107901 	0.00286073 	
1.315	2.11169 	-0.0767331 	-1.6801 	0.000838069 	-0.107952 	0.00286399 	
1.32	2.11282 	-0.0771408 	-1.68003 	0.000811933 	-0.108012 	0.00284962 	
1.325	2.11382 	-0.0775341 	-1.67986 	0.000786486 	-0.108067 	0.00283495 	
1.33	2.11279 	-0.0768052 	-1.68217 	0.000836888 	-0.108118 	0.0028386 	
1.335	2.11392 	-0.077214 	-1.6821 	0.000810632 	-0.108178 	0.00282412 	
1.34	2.11492 	-0.0776083 	-1.68193 	0.000785068 	-0.108233 	0.00280934 	
1.345	2.11389 	-0.0768889 	-1.68424 	0.000835353 	-0.108283 	0.00281339 	
1.35	2.11502 	-0.0772987 	-1.68417 	0.000808985 	-0.108343 	0.0027988 	
1.355	2.11602 	-0.0776939 	-1.684 	0.000783314 	-0.108398 	0.0027839 	
1.36	2.11499 	-0.0769843 	-1.6863 	0.000833463 	-0.108449 	0.00278834 	
1.365	2.11612 	-0.0773949 	-1.68623 	0.000806993 	-0.108508 	0.00277364 	
1.37	2.11712 	-0.0777909 	-1.68606 	0.000781222 	-0.108563 	0.00275864 	
1.375	2.11609 	-0.0770912 	-1.68835 	0.000831217 	-0.108613 	0.00276347 	
1.38	2.11721 	-0.0775025 	-1.68828 	0.000804653 	-0.108673 	0.00274867 	
1.385	2.1182 	-0.0778991 	-1.68811 	0.000778791 	-0.108727 	0.00273358 	
1.39	2.11718 	-0.0772096 	-1.6904 	0.000828614 	-0.108778 	0.00273879 	
1.395	2.1183 	-0.0776214 	-1.69033 	0.000801966 	-0.108837 	0.0027239 	
1.4	2.11929 	-0.0780186 	-1.69015 	0.000776022 	-0.108891 	0.00270871 	
1.405	2.11826 	-0.0773394 	-1.69244 	0.000825654 	-0.108941 	0.0027143 	
1.41	2.11938 	-0.0777516 	-1.69237 	0.000798931 	-0.109001 	0.00269933 	
1.415	2.12037 	-0.0781491 	-1.69219 	0.000772914 	-0.109055 	0.00268405 	
1.42	2.11935 	-0.0774805 	-1.69447 	0.000822337 	-0.109105 	0.00269002 	
1.425	2.12046 	-0.077893 	-1.6944 	0.000795548 	-0.109164 	0.00267496 	
1.43	2.12144 	-0.0782907 	-1.69422 	0.000769468 	-0.109217 	0.0026596 	
1.435	2.12042 	-0.0776328 	-1.69649 	0.000818664 	-0.109267 	0.00266595 	
1.44	2.12153 	-0.0780454 	-1.69642 	0.000791818 	-0.109326 	0.00265081 	
1.445	2.12251 	-0.0784432 	-1.69624 	0.000765684 	-0.109379 	0.00263538 	
1.45	2.12149 	-0.0777962 	-1.6985 	0.000814634 	-0.109429 	0.00264209 	
1.455	2.12213 	-0.0775918 	-1.6977 	0.000741054 	-0.109426 	0.00269975 	
1.46	2.1231 	-0.0779896 	-1.69752 	0.000714875 	-0.109479 	0.00268425 	
1.465	2.12209 	-0.0773538 	-1.69977 	0.000763607 	-0.109528 	0.00269136 	
1.47	2.12319 	-0.0777661 	-1.69969 	0.000736679 	-0.109586 	0.00267609 	
1.475	2.12416 	-0.0781636 	-1.69952 	0.000710466 	-0.109639 	0.00266053 	
1.48	2.12315 	-0.077539 	-1.70175 	0.000758915 	-0.109688 	0.002668 	
1.485	2.12424 	-0.0779509 	-1.70168 	0.000731961 	-0.109746 	0.00265267 	
1.49	2.1252 	-0.0783481 	-1.7015 	0.000705723 	-0.109799 	0.00263706 	
1.495	2.1242 	-0.0777348 	-1.70372 	0.000753873 	-0.109847 	0.00264487 	
1.5	2.12528 	-0.0781462 	-1.70365 	0.000726903 	-0.109905 	0.00262949 	
1.505	2.12624 	-0.0785428 	-1.70348 	0.00070065 	-0.109957 	0.00261383 	
1.51	2.12524 	-0.077941 	-1.70568 	0.000748482 	-0.110006 	0.00262198 	
1.515	2.12632 	-0.0783517 	-1.70561 	0.000721507 	-0.110063 	0.00260655 	
1.52	2.12727 	-0.0787477 	-1.70544 	0.00069525 	-0.110115 	0.00259085 	
1.525	2.12628 	-0.0781574 	-1.70763 	0.000742746 	-0.110163 	0.00259933 	
1.53	2.12735 	-0.0785673 	-1.70755 	0.000715777 	-0.11022 	0.00258387 	
1.535	2.1283 	-0.0789625 	-1.70738 	0.000689525 	-0.110271 	0.00256814 	
1.54	2.12731 	-0.0783838 	-1.70956 	0.000736669 	-0.110319 	0.00257693 	
1.545	2.12837 	-0.0787927 	-1.70948 	0.000709716 	-0.110375 	0.00256144 	
1.55	2.12931 	-0.0791869 	-1.70931 	0.00068348 	-0.110427 	0.00254569 	
1.555	2.12833 	-0.07862 	-1.71147 	0.000730253 	-0.110474 	0.00255479 	
1.56	2.12938 	-0.0790277 	-1.7114 	0.000703327 	-0.11053 	0.00253928 	
1.565	2.13032 	-0.0794208 	-1.71122 	0.000677118 	-0.110581 	0.0025235 	
1.57	2.12934 	-0.0788656 	-1.71337 	0.000723504 	-0.110628 	0.00253291 	
1.575	2.13038 	-0.079272 	-1.71329 	0.000696615 	-0.110683 	0.00251738 	
1.58	2.13131 	-0.0796639 	-1.71312 	0.000670444 	-0.110734 	0.00250159 	
1.585	2.13034 	-0.0791206 	-1.71525 	0.000716425 	-0.110781 	0.00251129 	
1.59	2.13138 	-0.0795255 	-1.71517 	0.000689586 	-0.110836 	0.00249575 	
1.595	2.1323 	-0.0799159 	-1.715 	0.000663462 	-0.110886 	0.00247996 	
1.6	2.13134 	-0.0793845 	-1.71711 	0.000709022 	-0.110932 	0.00248993 	
1.605	2.13237 	-0.0797878 	-1.71704 	0.000682243 	-0.110986 	0.00247439 	
1.61	2.13328 	-0.0801767 	-1.71686 	0.000656178 	-0.111036 	0.00245861 	
1.615	2.13406 	-0.0805245 	-1.71661 	0.000632536 	-0.11108 	0.00244376 	
1.62	2.13255 	-0.0797197 	-1.71941 	0.000699919 	-0.111125 	0.00246267 	
1.625	2.13366 	-0.0801218 	-1.71942 	0.000673331 	-0.111182 	0.00244784 	
1.63	2.1346 	-0.0805133 	-1.71928 	0.000647118 	-0.111233 	0.00243217 	
1.635	2.1336 	-0.0799844 	-1.72141 	0.000693674 	-0.111278 	0.00244346 	
1.64	2.13461 	-0.0803867 	-1.72134 	0.000666871 	-0.111332 	0.00242786 	
1.645	2.13551 	-0.080775 	-1.72117 	0.000640758 	-0.111381 	0.00241197 	
1.65	2.13628 	-0.081122 	-1.72092 	0.000617083 	-0.111423 	0.00239703 	
1.655	2.1348 	-0.0803551 	-1.72366 	0.000683014 	-0.111467 	0.00241659 	
1.66	2.13588 	-0.080755 	-1.72366 	0.000656466 	-0.111523 	0.00240167 	
1.665	2.1368 	-0.0811444 	-1.72352 	0.000630299 	-0.111573 	0.00238594 	
1.67	2.13756 	-0.0814892 	-1.72327 	0.000606723 	-0.111615 	0.00237101 	
1.675	2.13604 	-0.0807214 	-1.72603 	0.000673597 	-0.111659 	0.00239162 	
1.68	2.13725 	-0.0812987 	-1.72625 	0.000660364 	-0.111732 	0.00235545 	
1.685	2.13816 	-0.0816878 	-1.72611 	0.000634171 	-0.111781 	0.00233967 	
1.69	2.13891 	-0.0820321 	-1.72586 	0.00061058 	-0.111823 	0.00232469 	
1.695	2.13741 	-0.0812864 	-1.72858 	0.000676515 	-0.111865 	0.00234559 	
1.7	2.13847 	-0.0816844 	-1.72859 	0.000649998 	-0.11192 	0.00233061 	
1.705	2.13937 	-0.0820721 	-1.72845 	0.000623844 	-0.111969 	0.00231481 	
1.71	2.14011 	-0.0824154 	-1.7282 	0.000600284 	-0.11201 	0.0022998 	
1.715	2.13864 	-0.0816936 	-1.73088 	0.000665101 	-0.112052 	0.00232092 	
1.72	2.13967 	-0.0820893 	-1.73088 	0.000638677 	-0.112106 	0.00230593 	
1.725	2.14056 	-0.0824748 	-1.73074 	0.000612619 	-0.112154 	0.00229013 	
1.73	2.14129 	-0.0828162 	-1.7305 	0.000589141 	-0.112194 	0.00227516 	
1.735	2.13984 	-0.0821181 	-1.73313 	0.000652808 	-0.112236 	0.00229645 	
1.74	2.14086 	-0.0825108 	-1.73312 	0.000626528 	-0.112289 	0.00228148 	
1.745	2.14173 	-0.0828933 	-1.73299 	0.000600615 	-0.112336 	0.00226574 	
1.75	2.14245 	-0.0832323 	-1.73274 	0.000577262 	-0.112376 	0.00225082 	
1.755	2.14102 	-0.0825576 	-1.73533 	0.000639758 	-0.112417 	0.00227228 	
1.76	2.14202 	-0.0829466 	-1.73532 	0.000613665 	-0.112469 	0.00225736 	
1.765	2.14289 	-0.0833256 	-1.73518 	0.000587938 	-0.112515 	0.00224169 	
1.77	2.14359 	-0.0836615 	-1.73494 	0.000564749 	-0.112554 	0.00222685 	
1.775	2.14219 	-0.0830098 	-1.73748 	0.000626047 	-0.112594 	0.00224844 	
1.78	2.14317 	-0.0833947 	-1.73746 	0.000600179 	-0.112645 	0.00223359 	
1.785	2.14402 	-0.0837697 	-1.73733 	0.000574675 	-0.112691 	0.00221803 	
1.79	2.14471 	-0.0841021 	-1.73709 	0.000551682 	-0.112729 	0.0022033 	
1.795	2.14334 	-0.0834732 	-1.73958 	0.000611755 	-0.112769 	0.00222498 	
1.8	2.1443 	-0.0838534 	-1.73956 	0.000586144 	-0.112819 	0.00221024 	
1.805	2.14513 	-0.0842238 	-1.73943 	0.000560896 	-0.112863 	0.0021948 	
1.81	2.14581 	-0.0845524 	-1.7392 	0.000538129 	-0.112901 	0.0021802 	
1.815	2.14446 	-0.083946 	-1.74163 	0.000596945 	-0.11294 	0.00220194 	
1.82	2.1454 	-0.0843211 	-1.74161 	0.000571623 	-0.112989 	0.00218731 	
1.825	2.14622 	-0.0846867 	-1.74148 	0.000546661 	-0.113033 	0.00217202 	
1.83	2.14689 	-0.085011 	-1.74125 	0.000524146 	-0.11307 	0.00215758 	
1.835	2.14557 	-0.0844269 	-1.74364 	0.000581671 	-0.113108 	0.00217933 	
1.84	2.14649 	-0.0847966 	-1.74362 	0.000556667 	-0.113156 	0.00216484 	
1.845	2.14728 	-0.0851568 	-1.74348 	0.000532017 	-0.113199 	0.00214972 	
1.85	2.14794 	-0.0854766 	-1.74326 	0.000509782 	-0.113235 	0.00213544 	
1.855	2.14665 	-0.0849146 	-1.74559 	0.000565982 	-0.113272 	0.00215717 	
1.86	2.14755 	-0.0852784 	-1.74557 	0.000541322 	-0.113319 	0.00214283 	
1.865	2.14833 	-0.085633 	-1.74544 	0.000517011 	-0.113361 	0.00212789 	
1.87	2.14898 	-0.0859479 	-1.74522 	0.000495077 	-0.113397 	0.00211381 	
1.875	2.14772 	-0.0854078 	-1.74749 	0.000549918 	-0.113433 	0.00213546 	
1.88	2.14859 	-0.0857654 	-1.74746 	0.000525627 	-0.113479 	0.0021213 	
1.885	2.14935 	-0.086114 	-1.74734 	0.00050168 	-0.113519 	0.00210656 	
1.89	2.14999 	-0.0864237 	-1.74712 	0.000480071 	-0.113555 	0.00209268 	
1.895	2.1487 	-0.0858293 	-1.74925 	0.000527888 	-0.113583 	0.00212335 	
1.9	2.14955 	-0.0861804 	-1.74922 	0.000503991 	-0.113627 	0.00210938 	
1.905	2.1503 	-0.0865228 	-1.74909 	0.000480433 	-0.113667 	0.00209487 	
1.91	2.15092 	-0.0868271 	-1.74888 	0.000459168 	-0.113701 	0.0020812 	
1.915	2.14972 	-0.08633 	-1.75104 	0.000511193 	-0.113736 	0.00210258 	
1.92	2.15055 	-0.0866743 	-1.75101 	0.000487713 	-0.113779 	0.00208882 	
1.925	2.15128 	-0.0870102 	-1.75089 	0.000464565 	-0.113818 	0.00207453 	
1.93	2.15189 	-0.0873087 	-1.75069 	0.000443668 	-0.113852 	0.0020611 	
1.935	2.15246 	-0.0875823 	-1.75048 	0.000424398 	-0.113883 	0.00204863 	
1.94	2.15089 	-0.0869197 	-1.75309 	0.00049182 	-0.113916 	0.00207823 	
1.945	2.15175 	-0.0872568 	-1.75312 	0.000468932 	-0.113961 	0.00206528 	
1.95	2.15248 	-0.0875886 	-1.75302 	0.000446087 	-0.113999 	0.00205135 	
1.955	2.15307 	-0.0878809 	-1.75283 	0.000425586 	-0.114032 	0.00203815 	
1.96	2.15362 	-0.0881489 	-1.75262 	0.000406682 	-0.114063 	0.00202589 	
1.965	2.15207 	-0.0875044 	-1.75519 	0.000473198 	-0.114095 	0.00205572 	
1.97	2.1529 	-0.0878352 	-1.75522 	0.000450698 	-0.114138 	0.00204295 	
1.975	2.15362 	-0.0881611 	-1.75513 	0.000428224 	-0.114175 	0.00202923 	
1.98	2.15419 	-0.0884483 	-1.75493 	0.000408057 	-0.114207 	0.00201623 	
1.985	2.15473 	-0.0887116 	-1.75474 	0.00038946 	-0.114237 	0.00200416 	
1.99	2.15323 	-0.0881023 	-1.75721 	0.000453419 	-0.114268 	0.00203335 	
1.995	2.15403 	-0.0884254 	-1.75723 	0.000431388 	-0.114309 	0.00202077 	
2	2.15472 	-0.0887439 	-1.75714 	0.00040939 	-0.114346 	0.0020073 	
2.005	2.15527 	-0.0890248 	-1.75695 	0.000389636 	-0.114376 	0.00199456 	
2.01	2.1558 	-0.0892823 	-1.75676 	0.000371422 	-0.114405 	0.00198274 	
2.015	2.15436 	-0.0887088 	-1.75913 	0.000432645 	-0.114435 	0.00201116 	
2.02	2.15513 	-0.089023 	-1.75914 	0.000411169 	-0.114474 	0.00199882 	
2.025	2.15579 	-0.0893328 	-1.75905 	0.000389731 	-0.11451 	0.00198566 	
2.03	2.15633 	-0.0896064 	-1.75887 	0.000370469 	-0.114539 	0.00197324 	
2.035	2.15683 	-0.0898572 	-1.75869 	0.000352708 	-0.114567 	0.00196171 	
2.04	2.15546 	-0.0893185 	-1.76096 	0.000411151 	-0.114596 	0.00198929 	
2.045	2.15619 	-0.0896229 	-1.76096 	0.000390302 	-0.114634 	0.00197723 	
2.05	2.15683 	-0.0899231 	-1.76087 	0.000369492 	-0.114667 	0.00196444 	
2.055	2.15735 	-0.0901884 	-1.7607 	0.000350784 	-0.114696 	0.00195238 	
2.06	2.15784 	-0.0904317 	-1.76053 	0.000333534 	-0.114723 	0.00194119 	
2.065	2.15653 	-0.0899271 	-1.76269 	0.00038916 	-0.11475 	0.00196784 	
2.07	2.15723 	-0.0902208 	-1.76269 	0.000368994 	-0.114786 	0.00195612 	
2.075	2.15783 	-0.0905106 	-1.7626 	0.00034887 	-0.114819 	0.00194372 	
2.08	2.15833 	-0.090767 	-1.76244 	0.000330768 	-0.114846 	0.00193206 	
2.085	2.15884 	-0.0910573 	-1.76233 	0.000318135 	-0.114877 	0.00191459 	
2.09	2.15929 	-0.0912727 	-1.76217 	0.000302749 	-0.114902 	0.00190455 	
2.095	2.15773 	-0.0906652 	-1.76461 	0.000368507 	-0.114928 	0.00193721 	
2.1	2.15843 	-0.0909471 	-1.76465 	0.000349222 	-0.114963 	0.00192632 	
2.105	2.15903 	-0.0912278 	-1.76458 	0.000329751 	-0.114995 	0.00191445 	
2.11	2.15951 	-0.0914744 	-1.76443 	0.000312325 	-0.115021 	0.00190322 	
2.115	2.15995 	-0.0917005 	-1.76427 	0.000296255 	-0.115045 	0.00189279 	
2.12	2.16037 	-0.0919077 	-1.76411 	0.000281442 	-0.115069 	0.00188313 	
2.125	2.15889 	-0.0913375 	-1.76643 	0.000344085 	-0.115093 	0.00191473 	
2.13	2.15955 	-0.0916077 	-1.76647 	0.000325565 	-0.115127 	0.0019042 	
2.135	2.16012 	-0.091877 	-1.7664 	0.000306857 	-0.115157 	0.00189277 	
2.14	2.16057 	-0.0921138 	-1.76626 	0.000290104 	-0.115181 	0.00188198 	
2.145	2.161 	-0.0923311 	-1.76611 	0.000274654 	-0.115205 	0.00187197 	
2.15	2.16139 	-0.0925303 	-1.76596 	0.000260411 	-0.115227 	0.00186268 	
2.155	2.16001 	-0.0920095 	-1.76812 	0.000318589 	-0.11525 	0.00189242 	
2.16	2.16063 	-0.0922662 	-1.76815 	0.000300942 	-0.115281 	0.0018823 	
2.165	2.16116 	-0.0925222 	-1.76808 	0.000283127 	-0.115309 	0.00187138 	
2.17	2.16159 	-0.0927479 	-1.76795 	0.000267155 	-0.115332 	0.0018611 	
2.175	2.16199 	-0.092955 	-1.76781 	0.000252424 	-0.115354 	0.00185157 	
2.18	2.16237 	-0.0931448 	-1.76767 	0.000238843 	-0.115375 	0.00184273 	
2.185	2.16272 	-0.0933187 	-1.76753 	0.000226327 	-0.115395 	0.00183453 	
2.19	2.16121 	-0.0927418 	-1.76983 	0.000290181 	-0.115416 	0.00186799 	
2.195	2.1618 	-0.092983 	-1.76988 	0.000273649 	-0.115446 	0.0018587 	
2.2	2.16231 	-0.0932257 	-1.76984 	0.000256778 	-0.115473 	0.00184844 	
2.205	2.16271 	-0.0934384 	-1.76971 	0.000241713 	-0.115494 	0.00183876 	
2.21	2.16308 	-0.0936337 	-1.76959 	0.000227817 	-0.115515 	0.00182978 	
2.215	2.16343 	-0.0938128 	-1.76946 	0.000215003 	-0.115534 	0.00182144 	
2.22	2.16376 	-0.093977 	-1.76933 	0.000203192 	-0.115552 	0.00181371 	
2.225	2.16407 	-0.0941272 	-1.7692 	0.000192308 	-0.115569 	0.00180654 	
2.23	2.16247 	-0.0935166 	-1.77158 	0.000259716 	-0.115588 	0.00184262 	
2.235	2.16303 	-0.0937409 	-1.77165 	0.00024438 	-0.115617 	0.00183417 	
2.24	2.16338 	-0.0937976 	-1.77141 	0.000216029 	-0.115624 	0.00184531 	
2.245	2.16375 	-0.0939965 	-1.7713 	0.000201956 	-0.115644 	0.00183628 	
2.25	2.16409 	-0.094179 	-1.77119 	0.000188973 	-0.115663 	0.0018279 	
2.255	2.16442 	-0.0943466 	-1.77107 	0.000176997 	-0.115681 	0.00182013 	
2.26	2.16472 	-0.0945002 	-1.77096 	0.000165956 	-0.115697 	0.00181292 	
2.265	2.16501 	-0.094641 	-1.77084 	0.000155779 	-0.115713 	0.00180623 	
2.27	2.16527 	-0.0947699 	-1.77073 	0.000146401 	-0.115728 	0.00180003 	
2.275	2.16367 	-0.0941634 	-1.77306 	0.000213554 	-0.115744 	0.00183661 	
2.28	2.16418 	-0.0943676 	-1.77314 	0.000199613 	-0.11577 	0.001829 	
2.285	2.16462 	-0.0945768 	-1.77312 	0.000185109 	-0.115793 	0.00182028 	
2.29	2.16495 	-0.094759 	-1.77302 	0.000172228 	-0.115811 	0.00181203 	
2.295	2.16526 	-0.0949265 	-1.77293 	0.000160339 	-0.115828 	0.00180439 	
2.3	2.16555 	-0.0950803 	-1.77283 	0.00014937 	-0.115843 	0.00179729 	
2.305	2.16582 	-0.0952214 	-1.77273 	0.000139251 	-0.115858 	0.00179071 	
2.31	2.16607 	-0.0953509 	-1.77263 	0.000129921 	-0.115872 	0.00178461 	
2.315	2.16631 	-0.0954696 	-1.77254 	0.000121319 	-0.115885 	0.00177895 	
2.32	2.16654 	-0.0955784 	-1.77244 	0.000113391 	-0.115898 	0.0017737 	
2.325	2.16675 	-0.0956779 	-1.77234 	0.000106088 	-0.11591 	0.00176884 	
2.33	2.16511 	-0.0950582 	-1.77466 	0.000174475 	-0.115923 	0.00180679 	
2.335	2.16557 	-0.0952369 	-1.77476 	0.000162329 	-0.115946 	0.00180031 	
2.34	2.16595 	-0.0954228 	-1.77475 	0.000149485 	-0.115966 	0.00179267 	
2.345	2.16624 	-0.095584 	-1.77468 	0.000138126 	-0.115981 	0.00178543 	
2.35	2.1665 	-0.0957323 	-1.7746 	0.000127637 	-0.115995 	0.00177871 	
2.355	2.16675 	-0.0958686 	-1.77453 	0.000117953 	-0.116009 	0.00177249 	
2.36	2.16699 	-0.095994 	-1.77445 	0.000109014 	-0.116022 	0.00176672 	
2.365	2.16721 	-0.0961092 	-1.77437 	0.000100765 	-0.116034 	0.00176137 	
2.37	2.16741 	-0.0962149 	-1.7743 	9.31534e-05 	-0.116045 	0.0017564 	
2.375	2.1676 	-0.096312 	-1.77422 	8.6132e-05 	-0.116055 	0.0017518 	
2.38	2.16778 	-0.0964011 	-1.77415 	7.96563e-05 	-0.116065 	0.00174753 	
2.385	2.16795 	-0.0964828 	-1.77407 	7.36853e-05 	-0.116075 	0.00174357 	
2.39	2.16811 	-0.0965577 	-1.774 	6.81809e-05 	-0.116083 	0.0017399 	
2.395	2.16826 	-0.0966263 	-1.77393 	6.31078e-05 	-0.116092 	0.0017365 	
2.4	2.1684 	-0.096689 	-1.77385 	5.84334e-05 	-0.1161 	0.00173334 	
2.405	2.16853 	-0.0967465 	-1.77378 	5.41273e-05 	-0.116107 	0.00173041 	
2.41	2.16684 	-0.096103 	-1.77611 	0.000124455 	-0.116116 	0.00177021 	
2.415	2.16722 	-0.0962454 	-1.77622 	0.000114898 	-0.116135 	0.00176539 	
2.42	2.16753 	-0.0963981 	-1.77625 	0.000104445 	-0.116151 	0.0017593 	
2.425	2.16775 	-0.0965294 	-1.7762 	9.52783e-05 	-0.116162 	0.00175353 	
2.43	2.16796 	-0.0966504 	-1.77616 	8.68023e-05 	-0.116173 	0.00174817 	
2.435	2.16815 	-0.0967621 	-1.77611 	7.89665e-05 	-0.116184 	0.00174321 	
2.44	2.16833 	-0.0968651 	-1.77607 	7.17218e-05 	-0.116193 	0.00173861 	
2.445	2.16849 	-0.0969601 	-1.77603 	6.50237e-05 	-0.116202 	0.00173434 	
2.45	2.16865 	-0.0970477 	-1.77598 	5.88318e-05 	-0.11621 	0.00173039 	
2.455	2.16879 	-0.0971285 	-1.77594 	5.31078e-05 	-0.116218 	0.00172672 	
2.46	2.16893 	-0.0972029 	-1.7759 	4.78164e-05 	-0.116226 	0.00172332 	
2.465	2.16929 	-0.0975933 	-1.77625 	6.6433e-05 	-0.116265 	0.00168122 	
2.47	2.16941 	-0.0976566 	-1.77621 	6.19104e-05 	-0.116271 	0.0016783 	
2.475	2.16952 	-0.097715 	-1.77618 	5.77287e-05 	-0.116277 	0.00167559 	
2.48	2.16962 	-0.0977689 	-1.77614 	5.3862e-05 	-0.116283 	0.00167308 	
2.485	2.16972 	-0.0978187 	-1.77611 	5.02859e-05 	-0.116288 	0.00167075 	
2.49	2.16981 	-0.0978646 	-1.77607 	4.6978e-05 	-0.116293 	0.00166859 	
2.495	2.16989 	-0.097907 	-1.77604 	4.39175e-05 	-0.116297 	0.00166659 	
2.5	2.16996 	-0.0979461 	-1.77601 	4.10851e-05 	-0.116301 	0.00166474 	
2.505	2.17004 	-0.0979824 	-1.77598 	3.84625e-05 	-0.116305 	0.00166302 	
2.51	2.1701 	-0.0980161 	-1.77596 	3.60248e-05 	-0.116309 	0.00166143 	
2.515	2.17016 	-0.0980478 	-1.77593 	3.37396e-05 	-0.116312 	0.00165993 	
2.52	2.17022 	-0.0980773 	-1.77591 	3.16122e-05 	-0.116315 	0.00165855 	
2.525	2.17027 	-0.0981046 	-1.77589 	2.96467e-05 	-0.116318 	0.00165727 	
2.53	2.17032 	-0.0981296 	-1.77587 	2.78406e-05 	-0.116321 	0.00165609 	
2.535	2.17037 	-0.0981524 	-1.77586 	2.61889e-05 	-0.116324 	0.001655 	
2.54	2.17042 	-0.0981731 	-1.77584 	2.4684e-05 	-0.116326 	0.00165401 	
2.545	2.17046 	-0.0981917 	-1.77582 	2.3321e-05 	-0.116328 	0.0016531 	
2.55	2.1705 	-0.0982084 	-1.77581 	2.20953e-05 	-0.11633 	0.00165228 	
2.555	2.17054 	-0.0982231 	-1.7758 	2.10028e-05 	-0.116332 	0.00165153 	
2.56	2.17058 	-0.0982359 	-1.77579 	2.00395e-05 	-0.116334 	0.00165087 	
2.565	2.17061 	-0.0982469 	-1.77578 	1.9202e-05 	-0.116336 	0.00165027 	
2.57	2.17065 	-0.098256 	-1.77577 	1.84869e-05 	-0.116338 	0.00164975 	
2.575	2.17068 	-0.0982634 	-1.77576 	1.78911e-05 	-0.116339 	0.00164929 	
2.58	2.17072 	-0.098269 	-1.77576 	1.74116e-05 	-0.116341 	0.0016489 	
2.585	2.17076 	-0.0982728 	-1.77575 	1.7046e-05 	-0.116343 	0.00164858 	
2.59	2.17079 	-0.098275 	-1.77575 	1.67916e-05 	-0.116344 	0.00164831 	
2.595	2.17083 	-0.0982755 	-1.77574 	1.66463e-05 	-0.116346 	0.00164811 	
2.6	2.17087 	-0.0982744 	-1.77574 	1.66077e-05 	-0.116347 	0.00164796 	
2.605	2.1709 	-0.0982716 	-1.77574 	1.66741e-05 	-0.116349 	0.00164787 	
2.61	2.17094 	-0.0982672 	-1.77574 	1.68435e-05 	-0.11635 	0.00164784 	
2.615	2.17098 	-0.0982613 	-1.77574 	1.71142e-05 	-0.116352 	0.00164785 	
2.62	2.17102 	-0.0982538 	-1.77574 	1.74847e-05 	-0.116353 	0.00164792 	
2.625	2.17106 	-0.0982447 	-1.77574 	1.79533e-05 	-0.116355 	0.00164804 	
2.63	2.17111 	-0.0982341 	-1.77574 	1.85188e-05 	-0.116356 	0.00164821 	
2.635	2.17115 	-0.098222 	-1.77575 	1.91822e-05 	-0.116358 	0.00164843 	
2.64	2.1712 	-0.0982082 	-1.77575 	1.99462e-05 	-0.116359 	0.0016487 	
2.645	2.17124 	-0.098193 	-1.77576 	2.08013e-05 	-0.116361 	0.00164902 	
2.65	2.17129 	-0.0981763 	-1.77576 	2.17526e-05 	-0.116362 	0.00164938 	
2.655	2.17134 	-0.098158 	-1.77577 	2.2799e-05 	-0.116364 	0.00164979 	
2.66	2.1714 	-0.0981383 	-1.77577 	2.39349e-05 	-0.116366 	0.00165025 	
2.665	2.17145 	-0.0981171 	-1.77578 	2.51597e-05 	-0.116367 	0.00165074 	
2.67	2.17129 	-0.0977957 	-1.77543 	4.6304e-06 	-0.116339 	0.00168747 	
2.675	2.17135 	-0.0977714 	-1.77544 	6.0467e-06 	-0.116341 	0.00168806 	
2.68	2.17141 	-0.0977448 	-1.77544 	7.60387e-06 	-0.116343 	0.00168872 	
2.685	2.17147 	-0.0977165 	-1.77545 	9.2633e-06 	-0.116345 	0.00168942 	
2.69	2.17154 	-0.097687 	-1.77546 	1.09962e-05 	-0.116347 	0.00169016 	
2.695	2.1716 	-0.0976562 	-1.77547 	1.28084e-05 	-0.116349 	0.00169093 	
2.7	2.17167 	-0.0976241 	-1.77548 	1.47e-05 	-0.116351 	0.00169175 	
2.705	2.17174 	-0.0975907 	-1.7755 	1.66708e-05 	-0.116353 	0.0016926 	
2.71	2.17181 	-0.097556 	-1.77551 	1.87206e-05 	-0.116355 	0.00169348 	
2.715	2.17189 	-0.0975201 	-1.77552 	2.08492e-05 	-0.116357 	0.00169441 	
2.72	2.17197 	-0.0974828 	-1.77553 	2.30565e-05 	-0.11636 	0.00169537 	
2.725	2.17205 	-0.0974443 	-1.77555 	2.53423e-05 	-0.116362 	0.00169637 	
2.73	2.17213 	-0.0974044 	-1.77556 	2.77065e-05 	-0.116364 	0.0016974 	
2.735	2.17221 	-0.0973633 	-1.77558 	3.01488e-05 	-0.116367 	0.00169848 	
2.74	2.1723 	-0.0973209 	-1.77559 	3.26691e-05 	-0.116369 	0.00169958 	
2.745	2.17239 	-0.0972772 	-1.77561 	3.52672e-05 	-0.116372 	0.00170073 	
2.75	2.17248 	-0.0972323 	-1.77563 	3.7943e-05 	-0.116375 	0.0017019 	
2.755	2.17257 	-0.097186 	-1.77565 	4.06962e-05 	-0.116377 	0.00170312 	
2.76	2.17267 	-0.0971385 	-1.77566 	4.35267e-05 	-0.11638 	0.00170437 	
2.765	2.17501 	-0.0967429 	-1.77298 	8.07279e-05 	-0.116382 	0.00172709 	
2.77	2.1751 	-0.0967484 	-1.77308 	8.0298e-05 	-0.116383 	0.00172583 	
2.775	2.17506 	-0.0967504 	-1.77311 	7.99232e-05 	-0.11638 	0.00172479 	
2.78	2.175 	-0.0967368 	-1.7731 	8.04824e-05 	-0.116376 	0.00172446 	
2.785	2.17495 	-0.096719 	-1.7731 	8.13056e-05 	-0.116372 	0.0017243 	
2.79	2.17491 	-0.0966973 	-1.7731 	8.23791e-05 	-0.116369 	0.00172428 	
2.795	2.17489 	-0.0966719 	-1.7731 	8.36896e-05 	-0.116367 	0.0017244 	
2.8	2.17488 	-0.096643 	-1.77311 	8.52254e-05 	-0.116365 	0.00172466 	
2.805	2.17489 	-0.0966108 	-1.77311 	8.6975e-05 	-0.116363 	0.00172505 	
2.81	2.1749 	-0.0965753 	-1.77312 	8.89283e-05 	-0.116362 	0.00172556 	
2.815	2.17492 	-0.0965368 	-1.77313 	9.10754e-05 	-0.116362 	0.00172618 	
2.82	2.17495 	-0.0964954 	-1.77314 	9.34076e-05 	-0.116361 	0.0017269 	
2.825	2.175 	-0.0964512 	-1.77316 	9.59164e-05 	-0.116361 	0.00172773 	
2.83	2.17505 	-0.0964044 	-1.77317 	9.85942e-05 	-0.116362 	0.00172866 	
2.835	2.1751 	-0.0963549 	-1.77318 	0.000101434 	-0.116363 	0.00172967 	
2.84	2.1775 	-0.0962731 	-1.77037 	0.000105571 	-0.116363 	0.00173295 	
2.845	2.17756 	-0.0962396 	-1.77048 	0.00010776 	-0.116362 	0.00173367 	
2.85	2.1775 	-0.096191 	-1.7705 	0.000110665 	-0.116357 	0.00173459 	
2.855	2.17741 	-0.0961305 	-1.77048 	0.000114175 	-0.116351 	0.00173574 	
2.86	2.17734 	-0.0960681 	-1.77047 	0.000117809 	-0.116346 	0.00173698 	
2.865	2.17729 	-0.0960037 	-1.77047 	0.000121565 	-0.116341 	0.0017383 	
2.87	2.17725 	-0.0959375 	-1.77046 	0.000125438 	-0.116338 	0.0017397 	
2.875	2.17723 	-0.0958694 	-1.77046 	0.000129424 	-0.116334 	0.00174117 	
2.88	2.17722 	-0.0957996 	-1.77046 	0.000133521 	-0.116332 	0.00174272 	
2.885	2.17723 	-0.0957281 	-1.77047 	0.000137725 	-0.11633 	0.00174433 	
2.89	2.1772 	-0.0955749 	-1.77038 	0.000136159 	-0.116321 	0.00175568 	
2.895	2.17723 	-0.0955 	-1.77039 	0.000140573 	-0.11632 	0.00175743 	
2.9	2.17954 	-0.0954249 	-1.76764 	0.000142997 	-0.116319 	0.00175956 	
2.905	2.17958 	-0.0953638 	-1.76774 	0.000146895 	-0.116317 	0.00176118 	
2.91	2.17951 	-0.0952877 	-1.76775 	0.000151504 	-0.116311 	0.00176295 	
2.915	2.17941 	-0.095201 	-1.76773 	0.000156638 	-0.116304 	0.00176488 	
2.92	2.17934 	-0.0951133 	-1.76772 	0.000161836 	-0.116298 	0.00176687 	
2.925	2.17928 	-0.0950246 	-1.76771 	0.000167097 	-0.116293 	0.00176891 	
2.93	2.17925 	-0.0949348 	-1.76771 	0.000172421 	-0.116288 	0.001771 	
2.935	2.17923 	-0.0948439 	-1.76771 	0.00017781 	-0.116285 	0.00177314 	
2.94	2.17923 	-0.094752 	-1.76771 	0.000183262 	-0.116282 	0.00177533 	
2.945	2.17924 	-0.0946591 	-1.76772 	0.000188778 	-0.11628 	0.00177757 	
2.95	2.17927 	-0.0945652 	-1.76773 	0.000194357 	-0.116278 	0.00177985 	
2.955	2.18166 	-0.0944754 	-1.76488 	0.000197437 	-0.116277 	0.00178238 	
2.96	2.18171 	-0.0943982 	-1.76498 	0.00020235 	-0.116275 	0.00178448 	
2.965	2.18163 	-0.0943053 	-1.765 	0.000207996 	-0.116268 	0.00178674 	
2.97	2.18153 	-0.0942013 	-1.76498 	0.000214179 	-0.11626 	0.00178915 	
2.975	2.18145 	-0.0940967 	-1.76497 	0.000220398 	-0.116254 	0.00179159 	
2.98	2.18139 	-0.0939916 	-1.76496 	0.000226654 	-0.116248 	0.00179408 	
2.985	2.18136 	-0.0938857 	-1.76496 	0.000232949 	-0.116244 	0.00179661 	
2.99	2.18134 	-0.0937792 	-1.76496 	0.000239285 	-0.11624 	0.00179918 	
2.995	2.18135 	-0.093672 	-1.76497 	0.000245662 	-0.116237 	0.00180178 	
3	2.18137 	-0.093564 	-1.76497 	0.000252082 	-0.116234 	0.00180443 	
3.005	2.18376 	-0.0934612 	-1.7621 	0.000255891 	-0.116233 	0.00180737 	
3.01	2.18381 	-0.0933715 	-1.76221 	0.000261558 	-0.11623 	0.00180981 	
3.015	2.18372 	-0.093266 	-1.76223 	0.000267958 	-0.116222 	0.0018124 	
3.02	2.18362 	-0.0931493 	-1.76221 	0.000274901 	-0.116214 	0.00181513 	
3.025	2.18354 	-0.0930323 	-1.7622 	0.000281866 	-0.116207 	0.00181789 	
3.03	2.18349 	-0.0929148 	-1.76219 	0.000288853 	-0.116202 	0.0018207 	
3.035	2.18345 	-0.0927969 	-1.76219 	0.000295865 	-0.116197 	0.00182353 	
3.04	2.18344 	-0.0926785 	-1.76219 	0.000302906 	-0.116193 	0.00182641 	
3.045	2.18345 	-0.0925597 	-1.7622 	0.000309975 	-0.116189 	0.00182931 	
3.05	2.18577 	-0.092446 	-1.7594 	0.00031445 	-0.116187 	0.00183259 	
3.055	2.1858 	-0.0923456 	-1.7595 	0.000320739 	-0.116183 	0.00183528 	
3.06	2.18572 	-0.09223 	-1.75952 	0.00032773 	-0.116175 	0.00183811 	
3.065	2.18562 	-0.0921035 	-1.7595 	0.000335252 	-0.116167 	0.00184108 	
3.07	2.18554 	-0.0919768 	-1.7595 	0.000342786 	-0.11616 	0.00184409 	
3.075	2.18549 	-0.0918498 	-1.75949 	0.000350334 	-0.116154 	0.00184712 	
3.08	2.18546 	-0.0917226 	-1.75949 	0.0003579 	-0.116149 	0.0018502 	
3.085	2.18545 	-0.0915949 	-1.7595 	0.000365485 	-0.116145 	0.0018533 	
3.09	2.18546 	-0.0914669 	-1.75951 	0.000373092 	-0.116141 	0.00185643 	
3.095	2.18828 	-0.0918444 	-1.75716 	0.000414959 	-0.116189 	0.00179991 	
3.1	2.18833 	-0.0917378 	-1.75727 	0.000421645 	-0.116185 	0.00180278 	
3.105	2.18825 	-0.0916161 	-1.7573 	0.000429012 	-0.116177 	0.00180576 	
3.11	2.18814 	-0.0914833 	-1.75728 	0.000436904 	-0.116168 	0.00180887 	
3.115	2.18806 	-0.0913501 	-1.75728 	0.00044482 	-0.116161 	0.00181203 	
3.12	2.18801 	-0.0912166 	-1.75728 	0.000452753 	-0.116155 	0.00181522 	
3.125	2.18798 	-0.0910828 	-1.75728 	0.000460705 	-0.116149 	0.00181845 	
3.13	2.18797 	-0.0909486 	-1.75729 	0.000468678 	-0.116145 	0.00182171 	
3.135	2.19028 	-0.09082 	-1.75449 	0.000474044 	-0.116141 	0.00182555 	
3.14	2.1903 	-0.0907055 	-1.75459 	0.000481158 	-0.116137 	0.00182857 	
3.145	2.19022 	-0.0905758 	-1.75461 	0.000488972 	-0.116128 	0.00183173 	
3.15	2.19011 	-0.090435 	-1.7546 	0.000497332 	-0.116119 	0.00183503 	
3.155	2.19003 	-0.090294 	-1.7546 	0.000505698 	-0.116112 	0.00183837 	
3.16	2.18998 	-0.0901529 	-1.7546 	0.000514071 	-0.116105 	0.00184174 	
3.165	2.18996 	-0.0900116 	-1.7546 	0.000522455 	-0.1161 	0.00184515 	
3.17	2.18996 	-0.0898701 	-1.75461 	0.000530851 	-0.116095 	0.00184859 	
3.175	2.19233 	-0.0897347 	-1.75172 	0.000536498 	-0.116092 	0.00185268 	
3.18	2.19238 	-0.0896147 	-1.75184 	0.000543948 	-0.116088 	0.00185585 	
3.185	2.19229 	-0.0894789 	-1.75186 	0.000552124 	-0.116079 	0.00185916 	
3.19	2.19219 	-0.0893312 	-1.75185 	0.000560874 	-0.11607 	0.00186261 	
3.195	2.19211 	-0.0891836 	-1.75185 	0.000569621 	-0.116062 	0.0018661 	
3.2	2.19206 	-0.0890359 	-1.75185 	0.00057837 	-0.116055 	0.00186962 	
3.205	2.19204 	-0.0888882 	-1.75186 	0.000587123 	-0.11605 	0.00187317 	
3.21	2.19204 	-0.0887403 	-1.75187 	0.000595882 	-0.116045 	0.00187676 	
3.215	2.19451 	-0.0885992 	-1.74888 	0.000601734 	-0.116042 	0.00188111 	
3.22	2.19412 	-0.0878855 	-1.7483 	0.000565434 	-0.115979 	0.00195515 	
3.225	2.19404 	-0.087744 	-1.74833 	0.000573943 	-0.11597 	0.00195859 	
3.23	2.19393 	-0.0875881 	-1.74832 	0.00058316 	-0.11596 	0.00196223 	
3.235	2.19386 	-0.0874318 	-1.74832 	0.000592402 	-0.115952 	0.00196592 	
3.24	2.19381 	-0.0872758 	-1.74832 	0.000601618 	-0.115946 	0.00196963 	
3.245	2.19379 	-0.0871201 	-1.74833 	0.000610822 	-0.11594 	0.00197336 	
3.25	2.19379 	-0.0869645 	-1.74834 	0.000620018 	-0.115935 	0.00197712 	
3.255	2.19633 	-0.0868164 	-1.74525 	0.000626043 	-0.115932 	0.0019817 	
3.26	2.1964 	-0.0866864 	-1.74538 	0.000634098 	-0.115928 	0.00198511 	
3.265	2.19631 	-0.0865392 	-1.74542 	0.000642931 	-0.115918 	0.00198866 	
3.27	2.1962 	-0.0863789 	-1.74541 	0.00065239 	-0.115909 	0.00199239 	
3.275	2.19613 	-0.086219 	-1.74541 	0.00066183 	-0.1159 	0.00199614 	
3.28	2.19608 	-0.0860593 	-1.74541 	0.000671255 	-0.115893 	0.00199992 	
3.285	2.19605 	-0.0858998 	-1.74542 	0.000680669 	-0.115887 	0.00200373 	
3.29	2.19834 	-0.085747 	-1.7426 	0.000687172 	-0.115882 	0.00200838 	
3.295	2.19837 	-0.08561 	-1.74271 	0.000695563 	-0.115877 	0.00201188 	
3.3	2.19828 	-0.0854583 	-1.74274 	0.000704627 	-0.115867 	0.00201551 	
3.305	2.19817 	-0.0852952 	-1.74274 	0.000714245 	-0.115858 	0.00201929 	
3.31	2.19809 	-0.0851324 	-1.74274 	0.000723846 	-0.115849 	0.0020231 	
3.315	2.19805 	-0.0849699 	-1.74275 	0.000733431 	-0.115842 	0.00202694 	
3.32	2.19803 	-0.0848075 	-1.74276 	0.000743004 	-0.115836 	0.00203082 	
3.325	2.20033 	-0.084652 	-1.73992 	0.000749599 	-0.115831 	0.0020356 	
3.33	2.20036 	-0.0845127 	-1.74004 	0.000758119 	-0.115826 	0.00203915 	
3.335	2.20028 	-0.0843586 	-1.74007 	0.000767316 	-0.115816 	0.00204282 	
3.34	2.20016 	-0.0841919 	-1.74007 	0.000777121 	-0.115806 	0.00204663 	
3.345	1.91901 	0.0165338 	-1.12337 	-0.0112882 	-0.0907136 	0.00291321 	
3.35	1.09581 	0.311219 	0.682935 	-0.0466471 	-0.0172419 	0.00544572 	
3.355	0.881091 	0.389036 	1.14765 	-0.0557148 	0.00178534 	0.00592167 	
3.36	0.0922609 	0.672422 	2.85081 	-0.0889883 	0.0714201 	0.00765469 	
3.365	0.259513 	0.619273 	2.54913 	-0.0837362 	0.058209 	0.00825394 	
3.37	0.260026 	0.651994 	2.85097 	-0.0924104 	0.0664651 	0.0130614 	
3.375	-0.141667 	0.834762 	4.07395 	-0.118755 	0.112375 	0.0192035 	
3.38	-0.105552 	0.705726 	4.18785 	-0.102951 	0.114128 	0.0186168 	
3.385	-0.309536 	0.437722 	5.18886 	-0.069391 	0.146764 	0.0173478 	
3.39	-0.236376 	0.403866 	5.1654 	-0.066573 	0.143689 	0.018714 	
3.395	-0.398111 	0.380746 	6.11018 	-0.0686699 	0.173113 	0.0248599 	
3.4	-0.746229 	0.485785 	6.27595 	-0.0740552 	0.188877 	0.0180925 	
3.405	-2.17526 	0.848539 	8.01334 	-0.0980533 	0.280919 	0.0014429 	
3.41	-2.20105 	0.770395 	8.14565 	-0.0879624 	0.285355 	0.000798229 	
3.415	-2.68509 	0.774261 	9.13238 	-0.0888479 	0.327364 	0.000437979 	
3.42	-2.40694 	0.668484 	8.64059 	-0.0768216 	0.305488 	0.000525767 	
3.425	-2.36492 	0.580352 	8.51941 	-0.0640996 	0.301169 	-0.00452706 	
3.43	-2.93013 	0.431998 	9.67961 	-0.0382456 	0.350177 	-0.0195941 	
3.435	-2.64024 	0.382263 	9.18881 	-0.0338222 	0.327914 	-0.0172612 	
3.44	-2.54381 	0.311626 	9.4232 	-0.0266394 	0.330946 	-0.0136069 	
3.445	-2.4613 	0.20232 	9.22177 	-0.0163636 	0.323376 	-0.0110397 	
3.45	-2.91658 	-0.0600317 	10.2666 	0.00963948 	0.366667 	-0.00585192 	
