0	0.049174 	0.0215716 	-2.01112 	0.262437 	0.532115 	-0.0106327 	
0.005	0.049174 	0.0215716 	-2.01112 	0.262437 	0.532115 	-0.0106327 	
0.01	0.049174 	0.0215674 	-2.01112 	0.262437 	0.532116 	-0.0106325 	
0.015	0.049174 	0.0215618 	-2.01111 	0.262437 	0.532117 	-0.0106321 	
0.02	0.049174 	0.0215539 	-2.01111 	0.262438 	0.532119 	-0.0106316 	
0.025	0.0491741 	0.0215437 	-2.0111 	0.262438 	0.532121 	-0.010631 	
0.03	0.0491741 	0.0215312 	-2.01109 	0.262438 	0.532123 	-0.0106302 	
0.035	0.0491741 	0.0215164 	-2.01108 	0.262439 	0.532126 	-0.0106292 	
0.04	0.0491741 	0.0214993 	-2.01106 	0.262439 	0.53213 	-0.0106281 	
0.045	0.0491741 	0.0214799 	-2.01105 	0.26244 	0.532134 	-0.0106269 	
0.05	0.0491742 	0.0214581 	-2.01103 	0.262441 	0.532138 	-0.0106255 	
0.055	0.0491742 	0.021434 	-2.01101 	0.262442 	0.532144 	-0.010624 	
0.06	0.0491742 	0.0214076 	-2.01099 	0.262442 	0.532149 	-0.0106223 	
0.065	0.0491743 	0.0213789 	-2.01097 	0.262443 	0.532155 	-0.0106205 	
0.07	0.0491743 	0.0213479 	-2.01094 	0.262444 	0.532161 	-0.0106185 	
0.075	0.0491744 	0.0213146 	-2.01092 	0.262445 	0.532168 	-0.0106164 	
0.08	0.0491744 	0.021279 	-2.01089 	0.262447 	0.532176 	-0.0106142 	
0.085	0.0491745 	0.0212372 	-2.01086 	0.262448 	0.532185 	-0.0106115 	
0.09	0.0491745 	0.0212004 	-2.01083 	0.262449 	0.532192 	-0.0106092 	
0.095	0.0491746 	0.021154 	-2.01079 	0.262451 	0.532202 	-0.0106062 	
0.1	0.0491747 	0.0211089 	-2.01076 	0.262452 	0.532211 	-0.0106034 	
0.105	0.0491747 	0.0210615 	-2.01072 	0.262454 	0.532221 	-0.0106004 	
0.11	0.0491748 	0.0210118 	-2.01068 	0.262455 	0.532231 	-0.0105973 	
0.115	0.0491749 	0.0209598 	-2.01064 	0.262457 	0.532242 	-0.010594 	
0.12	0.049175 	0.0209056 	-2.0106 	0.262459 	0.532254 	-0.0105906 	
0.125	0.0491751 	0.020849 	-2.01055 	0.262461 	0.532265 	-0.010587 	
0.13	0.0491752 	0.0207902 	-2.01051 	0.262463 	0.532278 	-0.0105833 	
0.135	0.0491753 	0.020729 	-2.01046 	0.262465 	0.53229 	-0.0105795 	
0.14	0.0491754 	0.0206656 	-2.01041 	0.262467 	0.532303 	-0.0105755 	
0.145	0.0491755 	0.0205999 	-2.01036 	0.262469 	0.532317 	-0.0105714 	
0.15	0.0491757 	0.020532 	-2.0103 	0.262471 	0.532331 	-0.0105671 	
0.155	0.0491758 	0.0204617 	-2.01025 	0.262473 	0.532346 	-0.0105627 	
0.16	0.0492789 	0.0201663 	-2.01037 	0.262579 	0.533929 	-0.00992339 	
0.165	0.049279 	0.0200914 	-2.01031 	0.262582 	0.533945 	-0.00991872 	
0.17	0.0492792 	0.0200144 	-2.01025 	0.262584 	0.53396 	-0.0099139 	
0.175	0.0492793 	0.0199351 	-2.01019 	0.262587 	0.533977 	-0.00990896 	
0.18	0.0492795 	0.0198535 	-2.01012 	0.262589 	0.533994 	-0.00990388 	
0.185	0.0492797 	0.0197696 	-2.01006 	0.262592 	0.534011 	-0.00989866 	
0.19	0.0492798 	0.0196836 	-2.00999 	0.262595 	0.534029 	-0.00989331 	
0.195	0.04928 	0.0195952 	-2.00992 	0.262598 	0.534047 	-0.00988783 	
0.2	0.0492802 	0.0195046 	-2.00985 	0.262601 	0.534066 	-0.00988222 	
0.205	0.0492805 	0.0194118 	-2.00978 	0.262604 	0.534085 	-0.00987648 	
0.21	0.0492807 	0.0193167 	-2.0097 	0.262607 	0.534104 	-0.00987061 	
0.215	0.0492809 	0.0192194 	-2.00962 	0.26261 	0.534124 	-0.00986461 	
0.22	0.0493836 	0.0189001 	-2.00972 	0.262721 	0.53569 	-0.00923139 	
0.225	0.0493838 	0.0187983 	-2.00964 	0.262725 	0.535711 	-0.00922513 	
0.23	0.0493841 	0.0186943 	-2.00956 	0.262728 	0.535732 	-0.00921874 	
0.235	0.0493843 	0.0185881 	-2.00947 	0.262731 	0.535754 	-0.00921223 	
0.24	0.0493846 	0.0184797 	-2.00939 	0.262735 	0.535776 	-0.0092056 	
0.245	0.0493849 	0.0183691 	-2.0093 	0.262739 	0.535799 	-0.00919884 	
0.25	0.0493852 	0.0182563 	-2.00921 	0.262742 	0.535822 	-0.00919196 	
0.255	0.0493856 	0.0181412 	-2.00912 	0.262746 	0.535845 	-0.00918496 	
0.26	0.0493859 	0.018024 	-2.00903 	0.26275 	0.535869 	-0.00917784 	
0.265	0.0493863 	0.0179046 	-2.00893 	0.262753 	0.535894 	-0.0091706 	
0.27	0.0494962 	0.0175498 	-2.00902 	0.262878 	0.537555 	-0.00849696 	
0.275	0.0494965 	0.017426 	-2.00892 	0.262882 	0.53758 	-0.00848947 	
0.28	0.0494969 	0.0173001 	-2.00882 	0.262886 	0.537606 	-0.00848187 	
0.285	0.0494973 	0.017172 	-2.00872 	0.26289 	0.537632 	-0.00847415 	
0.29	0.0494977 	0.0170417 	-2.00862 	0.262895 	0.537658 	-0.00846633 	
0.295	0.0494982 	0.0169093 	-2.00852 	0.262899 	0.537685 	-0.00845839 	
0.3	0.0494986 	0.0167747 	-2.00841 	0.262903 	0.537713 	-0.00845034 	
0.305	0.0494991 	0.016638 	-2.0083 	0.262907 	0.53774 	-0.00844218 	
0.31	0.0496049 	0.0162767 	-2.00837 	0.263033 	0.539327 	-0.00779763 	
0.315	0.0496054 	0.0161357 	-2.00825 	0.263038 	0.539355 	-0.00778924 	
0.32	0.0496059 	0.0159926 	-2.00814 	0.263042 	0.539384 	-0.00778075 	
0.325	0.0496065 	0.0158473 	-2.00803 	0.263047 	0.539413 	-0.00777215 	
0.33	0.049607 	0.0156999 	-2.00791 	0.263051 	0.539443 	-0.00776345 	
0.335	0.0496076 	0.0155504 	-2.00779 	0.263056 	0.539473 	-0.00775464 	
0.34	0.0496082 	0.0153989 	-2.00767 	0.263061 	0.539504 	-0.00774574 	
0.345	0.0496089 	0.0152452 	-2.00755 	0.263066 	0.539535 	-0.00773674 	
0.35	0.0497277 	0.0148418 	-2.00762 	0.263212 	0.541298 	-0.00701817 	
0.355	0.0497284 	0.0146839 	-2.00749 	0.263217 	0.54133 	-0.00700896 	
0.36	0.0497291 	0.014524 	-2.00736 	0.263223 	0.541362 	-0.00699965 	
0.365	0.0497298 	0.014362 	-2.00724 	0.263228 	0.541394 	-0.00699024 	
0.37	0.0497305 	0.0141979 	-2.00711 	0.263233 	0.541427 	-0.00698075 	
0.375	0.0497313 	0.0140318 	-2.00697 	0.263238 	0.54146 	-0.00697117 	
0.38	0.049732 	0.0138636 	-2.00684 	0.263243 	0.541494 	-0.00696149 	
0.385	0.04985 	0.0134503 	-2.00689 	0.263395 	0.543226 	-0.00625375 	
0.39	0.0498508 	0.0132779 	-2.00676 	0.2634 	0.54326 	-0.00624388 	
0.395	0.0498516 	0.0131036 	-2.00662 	0.263406 	0.543295 	-0.00623392 	
0.4	0.0498525 	0.0129273 	-2.00648 	0.263411 	0.54333 	-0.00622389 	
0.405	0.0498534 	0.012749 	-2.00633 	0.263417 	0.543365 	-0.00621377 	
0.41	0.0498544 	0.0125686 	-2.00619 	0.263422 	0.543401 	-0.00620357 	
0.415	0.0499656 	0.0121594 	-2.00622 	0.263571 	0.54502 	-0.00554059 	
0.42	0.0499666 	0.011975 	-2.00607 	0.263576 	0.545057 	-0.00553021 	
0.425	0.0499676 	0.0117887 	-2.00592 	0.263582 	0.545093 	-0.00551976 	
0.43	0.0499686 	0.0116004 	-2.00577 	0.263588 	0.54513 	-0.00550924 	
0.435	0.0499697 	0.0114101 	-2.00562 	0.263594 	0.545168 	-0.00549864 	
0.44	0.0499708 	0.0112179 	-2.00547 	0.2636 	0.545205 	-0.00548797 	
0.445	0.0500892 	0.0107844 	-2.0055 	0.263763 	0.546911 	-0.00478768 	
0.45	0.0500903 	0.0105882 	-2.00534 	0.263769 	0.54695 	-0.00477685 	
0.455	0.0500915 	0.0103901 	-2.00518 	0.263775 	0.546988 	-0.00476596 	
0.46	0.0500927 	0.0101901 	-2.00502 	0.263781 	0.547027 	-0.004755 	
0.465	0.050094 	0.0099882 	-2.00486 	0.263787 	0.547066 	-0.00474398 	
0.47	0.0500953 	0.00978437 	-2.0047 	0.263794 	0.547106 	-0.00473289 	
0.475	0.0502223 	0.00932434 	-2.00472 	0.263974 	0.548916 	-0.00398758 	
0.48	0.0502237 	0.00911667 	-2.00456 	0.26398 	0.548956 	-0.00397635 	
0.485	0.0502251 	0.00890715 	-2.00439 	0.263987 	0.548996 	-0.00396507 	
0.49	0.0502265 	0.00869576 	-2.00422 	0.263993 	0.549037 	-0.00395373 	
0.495	0.050228 	0.00848249 	-2.00405 	0.264 	0.549078 	-0.00394234 	
0.5	0.050343 	0.00803967 	-2.00405 	0.264168 	0.550702 	-0.00327213 	
0.505	0.0503445 	0.00782267 	-2.00387 	0.264175 	0.550744 	-0.00326062 	
0.51	0.0503461 	0.00760385 	-2.0037 	0.264181 	0.550786 	-0.00324905 	
0.515	0.0503477 	0.0073832 	-2.00352 	0.264188 	0.550828 	-0.00323744 	
0.52	0.0503493 	0.00716072 	-2.00334 	0.264195 	0.550871 	-0.00322579 	
0.525	0.0504688 	0.00670222 	-2.00333 	0.264374 	0.552539 	-0.00253523 	
0.53	0.0504705 	0.0064761 	-2.00315 	0.264381 	0.552582 	-0.00252346 	
0.535	0.0504723 	0.00624821 	-2.00297 	0.264388 	0.552626 	-0.00251166 	
0.54	0.0504741 	0.00601853 	-2.00278 	0.264395 	0.552669 	-0.00249982 	
0.545	0.0504759 	0.00578708 	-2.0026 	0.264402 	0.552713 	-0.00248794 	
0.55	0.0506014 	0.00531001 	-2.00259 	0.264596 	0.554448 	-0.00176778 	
0.555	0.0506033 	0.00507501 	-2.0024 	0.264603 	0.554492 	-0.00175581 	
0.56	0.0506053 	0.00483828 	-2.00221 	0.26461 	0.554537 	-0.00174381 	
0.565	0.0506073 	0.00459982 	-2.00202 	0.264617 	0.554581 	-0.00173178 	
0.57	0.0506094 	0.00435963 	-2.00182 	0.264624 	0.554626 	-0.00171972 	
0.575	0.0507412 	0.00386412 	-2.00181 	0.264833 	0.556428 	-0.000969427 	
0.58	0.0507433 	0.00362048 	-2.00162 	0.26484 	0.556473 	-0.000957292 	
0.585	0.0507455 	0.00337516 	-2.00142 	0.264848 	0.556519 	-0.000945136 	
0.59	0.0507478 	0.00312817 	-2.00122 	0.264855 	0.556565 	-0.000932959 	
0.595	0.05075 	0.0028795 	-2.00102 	0.264862 	0.556611 	-0.000920764 	
0.6	0.0508882 	0.00236599 	-2.00101 	0.265086 	0.558477 	-0.000140705 	
0.605	0.0508906 	0.00211396 	-2.0008 	0.265094 	0.558524 	-0.000128449 	
0.61	0.050893 	0.00186031 	-2.0006 	0.265101 	0.55857 	-0.000116178 	
0.615	0.0508955 	0.00160504 	-2.00039 	0.265109 	0.558617 	-0.000103896 	
0.62	0.0510139 	0.00112554 	-2.00034 	0.265306 	0.560202 	0.000559455 	
0.625	0.0510164 	0.000867002 	-2.00013 	0.265314 	0.560249 	0.00057178 	
0.63	0.0510191 	0.000606886 	-1.99992 	0.265321 	0.560297 	0.000584112 	
0.635	0.0510217 	0.000345179 	-1.99971 	0.265329 	0.560345 	0.000596448 	
0.64	0.0511419 	-0.000141899 	-1.99965 	0.265533 	0.561937 	0.0012646 	
0.645	0.0511446 	-0.000406784 	-1.99944 	0.265541 	0.561985 	0.00127697 	
0.65	0.0511474 	-0.000673203 	-1.99922 	0.265549 	0.562033 	0.00128934 	
0.655	0.0511503 	-0.000941167 	-1.999 	0.265556 	0.562081 	0.0013017 	
0.66	0.0512744 	-0.0014397 	-1.99895 	0.265771 	0.563708 	0.00198668 	
0.665	0.0512773 	-0.00171076 	-1.99872 	0.265779 	0.563757 	0.00199906 	
0.67	0.0512804 	-0.0019833 	-1.9985 	0.265787 	0.563806 	0.00201143 	
0.675	0.0512834 	-0.00225734 	-1.99828 	0.265795 	0.563855 	0.00202379 	
0.68	0.0514116 	-0.00276744 	-1.99822 	0.266021 	0.565519 	0.00272657 	
0.685	0.0514148 	-0.00304448 	-1.99799 	0.266029 	0.565568 	0.00273893 	
0.69	0.0514181 	-0.00332297 	-1.99777 	0.266037 	0.565618 	0.00275128 	
0.695	0.0514214 	-0.00360291 	-1.99754 	0.266045 	0.565667 	0.00276361 	
0.7	0.0515537 	-0.00412428 	-1.99747 	0.266282 	0.567367 	0.003484 	
0.705	0.0515571 	-0.00440713 	-1.99724 	0.266291 	0.567417 	0.00349633 	
0.71	0.0515606 	-0.00469137 	-1.99701 	0.266299 	0.567467 	0.00350863 	
0.715	0.0515641 	-0.00497703 	-1.99677 	0.266307 	0.567517 	0.00352091 	
0.72	0.0517007 	-0.00550934 	-1.99671 	0.266556 	0.569252 	0.00425862 	
0.725	0.0517043 	-0.00579781 	-1.99647 	0.266565 	0.569302 	0.00427088 	
0.73	0.051708 	-0.00608762 	-1.99624 	0.266573 	0.569353 	0.00428311 	
0.735	0.0517118 	-0.0063788 	-1.996 	0.266581 	0.569404 	0.0042953 	
0.74	0.0518525 	-0.00692172 	-1.99593 	0.266843 	0.571172 	0.00505004 	
0.745	0.0518564 	-0.00721562 	-1.99569 	0.266851 	0.571223 	0.0050622 	
0.75	0.0518603 	-0.00751081 	-1.99544 	0.266859 	0.571274 	0.00507432 	
0.755	0.0518644 	-0.00780731 	-1.9952 	0.266868 	0.571325 	0.00508641 	
0.76	0.0520093 	-0.00836049 	-1.99513 	0.267142 	0.573126 	0.00585783 	
0.765	0.0520134 	-0.00865961 	-1.99488 	0.267151 	0.573177 	0.00586987 	
0.77	0.0520176 	-0.00895999 	-1.99463 	0.267159 	0.573228 	0.00588187 	
0.775	0.0520218 	-0.00926162 	-1.99438 	0.267167 	0.573279 	0.00589382 	
0.78	0.0521709 	-0.0098247 	-1.99431 	0.267455 	0.575111 	0.00668161 	
0.785	0.0521753 	-0.0101289 	-1.99406 	0.267463 	0.575163 	0.0066935 	
0.79	0.0521797 	-0.0104342 	-1.99381 	0.267471 	0.575214 	0.00670535 	
0.795	0.0521842 	-0.0107408 	-1.99355 	0.26748 	0.575266 	0.00671714 	
0.8	0.0523375 	-0.0113134 	-1.99348 	0.26778 	0.577128 	0.00752094 	
0.805	0.0523421 	-0.0116224 	-1.99322 	0.267789 	0.57718 	0.00753266 	
0.81	0.0523468 	-0.0119325 	-1.99296 	0.267797 	0.577231 	0.00754433 	
0.815	0.0523516 	-0.0122438 	-1.99271 	0.267805 	0.577283 	0.00755593 	
0.82	0.0525091 	-0.0128256 	-1.99263 	0.268119 	0.579174 	0.0083754 	
0.825	0.0525139 	-0.0131392 	-1.99237 	0.268128 	0.579226 	0.00838692 	
0.83	0.0525189 	-0.0134539 	-1.9921 	0.268136 	0.579278 	0.00839839 	
0.835	0.0525239 	-0.0137698 	-1.99184 	0.268144 	0.579329 	0.00840978 	
0.84	0.0526855 	-0.0143603 	-1.99176 	0.268472 	0.581248 	0.00924455 	
0.845	0.0526907 	-0.0146784 	-1.99149 	0.26848 	0.581299 	0.00925585 	
0.85	0.0526959 	-0.0149974 	-1.99123 	0.268488 	0.581351 	0.00926709 	
0.855	0.0527012 	-0.0153176 	-1.99096 	0.268497 	0.581403 	0.00927825 	
0.86	0.0528669 	-0.0159166 	-1.99088 	0.268838 	0.583348 	0.010128 	
0.865	0.0528723 	-0.0162388 	-1.99061 	0.268847 	0.5834 	0.010139 	
0.87	0.0528778 	-0.016562 	-1.99034 	0.268855 	0.583452 	0.01015 	
0.875	0.0528834 	-0.0168863 	-1.99006 	0.268863 	0.583504 	0.0101609 	
0.88	0.0530533 	-0.0174933 	-1.98998 	0.269218 	0.585473 	0.0110251 	
0.885	0.0530589 	-0.0178195 	-1.9897 	0.269227 	0.585524 	0.0110359 	
0.89	0.0530647 	-0.0181467 	-1.98943 	0.269235 	0.585576 	0.0110466 	
0.895	0.0530705 	-0.0184748 	-1.98915 	0.269244 	0.585628 	0.0110573 	
0.9	0.0532445 	-0.0190894 	-1.98906 	0.269613 	0.587621 	0.0119357 	
0.905	0.0532504 	-0.0194195 	-1.98878 	0.269621 	0.587672 	0.0119462 	
0.91	0.0532565 	-0.0197504 	-1.98851 	0.26963 	0.587724 	0.0119566 	
0.915	0.0533954 	-0.0203058 	-1.98837 	0.269928 	0.589295 	0.0126491 	
0.92	0.0534016 	-0.0206386 	-1.98809 	0.269936 	0.589346 	0.0126594 	
0.925	0.0534078 	-0.0209721 	-1.98781 	0.269944 	0.589398 	0.0126696 	
0.93	0.0534142 	-0.0213065 	-1.98753 	0.269952 	0.58945 	0.0126797 	
0.935	0.0535913 	-0.0219271 	-1.98743 	0.270338 	0.591436 	0.013562 	
0.94	0.0535977 	-0.0222632 	-1.98714 	0.270346 	0.591488 	0.0135719 	
0.945	0.0536043 	-0.0226001 	-1.98686 	0.270355 	0.591539 	0.0135817 	
0.95	0.0537484 	-0.0231654 	-1.98672 	0.270671 	0.593133 	0.0142901 	
0.955	0.053755 	-0.0235039 	-1.98643 	0.27068 	0.593184 	0.0142998 	
0.96	0.0537618 	-0.0238432 	-1.98614 	0.270688 	0.593235 	0.0143094 	
0.965	0.0539045 	-0.0244066 	-1.98599 	0.271005 	0.594799 	0.0150065 	
0.97	0.0539114 	-0.0247474 	-1.98571 	0.271013 	0.59485 	0.0150159 	
0.975	0.0539183 	-0.0250889 	-1.98542 	0.271021 	0.594901 	0.0150252 	
0.98	0.054063 	-0.0256556 	-1.98527 	0.271345 	0.59647 	0.0157273 	
0.985	0.0540701 	-0.0259986 	-1.98497 	0.271353 	0.596521 	0.0157364 	
0.99	0.0540772 	-0.0263422 	-1.98468 	0.271361 	0.596572 	0.0157454 	
0.995	0.0542241 	-0.0269125 	-1.98453 	0.271693 	0.59815 	0.016454 	
1	0.0542314 	-0.0272575 	-1.98423 	0.271701 	0.598201 	0.0164629 	
1.005	0.0542387 	-0.0276031 	-1.98394 	0.27171 	0.598251 	0.0164716 	
1.01	0.0543878 	-0.0281768 	-1.98379 	0.27205 	0.599838 	0.0171867 	
1.015	0.0543953 	-0.0285237 	-1.98349 	0.272058 	0.599888 	0.0171952 	
1.02	0.0544029 	-0.0288712 	-1.98319 	0.272066 	0.599939 	0.0172036 	
1.025	0.0545541 	-0.0294482 	-1.98303 	0.272414 	0.601533 	0.017925 	
1.03	0.0545618 	-0.0297968 	-1.98274 	0.272422 	0.601583 	0.0179332 	
1.035	0.0545696 	-0.0301461 	-1.98244 	0.27243 	0.601633 	0.0179413 	
1.04	0.054723 	-0.030726 	-1.98228 	0.272787 	0.603234 	0.0186687 	
1.045	0.0547309 	-0.0310763 	-1.98198 	0.272795 	0.603284 	0.0186766 	
1.05	0.0547389 	-0.0314272 	-1.98168 	0.272803 	0.603334 	0.0186844 	
1.055	0.0548945 	-0.0320099 	-1.98151 	0.273168 	0.604942 	0.0194177 	
1.06	0.0549026 	-0.0323618 	-1.98121 	0.273176 	0.604991 	0.0194253 	
1.065	0.0549108 	-0.0327141 	-1.98091 	0.273183 	0.605041 	0.0194328 	
1.07	0.0550684 	-0.0332994 	-1.98074 	0.273557 	0.606655 	0.0201717 	
1.075	0.0550767 	-0.0336526 	-1.98044 	0.273564 	0.606704 	0.020179 	
1.08	0.0550851 	-0.0340063 	-1.98013 	0.273572 	0.606753 	0.0201861 	
1.085	0.0552448 	-0.034594 	-1.97997 	0.273953 	0.608372 	0.0209305 	
1.09	0.0552533 	-0.0349485 	-1.97966 	0.273961 	0.608421 	0.0209374 	
1.095	0.0552619 	-0.0353034 	-1.97936 	0.273968 	0.608469 	0.0209442 	
1.1	0.0554236 	-0.0358932 	-1.97919 	0.274358 	0.610094 	0.0216938 	
1.105	0.0554323 	-0.0362488 	-1.97888 	0.274365 	0.610142 	0.0217004 	
1.11	0.0554411 	-0.0366048 	-1.97857 	0.274373 	0.61019 	0.0217068 	
1.115	0.0556048 	-0.0371966 	-1.9784 	0.27477 	0.611818 	0.0224615 	
1.12	0.0556138 	-0.0375532 	-1.97809 	0.274777 	0.611866 	0.0224676 	
1.125	0.0556228 	-0.0379102 	-1.97778 	0.274785 	0.611913 	0.0224737 	
1.13	0.0557884 	-0.0385036 	-1.97761 	0.27519 	0.613545 	0.0232332 	
1.135	0.0557975 	-0.0388611 	-1.9773 	0.275198 	0.613593 	0.023239 	
1.14	0.0558067 	-0.0392189 	-1.97699 	0.275205 	0.61364 	0.0232447 	
1.145	0.0559742 	-0.0398138 	-1.97681 	0.275618 	0.615275 	0.0240087 	
1.15	0.0559836 	-0.0401721 	-1.9765 	0.275625 	0.615321 	0.0240141 	
1.155	0.055993 	-0.0405306 	-1.97619 	0.275632 	0.615368 	0.0240195 	
1.16	0.0561623 	-0.0411268 	-1.97601 	0.276053 	0.617005 	0.0247878 	
1.165	0.0561718 	-0.0414857 	-1.9757 	0.276061 	0.617051 	0.0247929 	
1.17	0.0561814 	-0.0418447 	-1.97538 	0.276068 	0.617097 	0.0247978 	
1.175	0.0563526 	-0.042442 	-1.97521 	0.276496 	0.618736 	0.0255702 	
1.18	0.0563623 	-0.0428013 	-1.97489 	0.276503 	0.618782 	0.0255749 	
1.185	0.0563721 	-0.0431608 	-1.97458 	0.27651 	0.618827 	0.0255795 	
1.19	0.056545 	-0.0437589 	-1.9744 	0.276947 	0.620467 	0.0263558 	
1.195	0.0565549 	-0.0441186 	-1.97408 	0.276954 	0.620512 	0.0263601 	
1.2	0.0565649 	-0.0444784 	-1.97376 	0.27696 	0.620557 	0.0263643 	
1.205	0.0567395 	-0.0450771 	-1.97358 	0.277404 	0.622197 	0.0271441 	
1.21	0.0567496 	-0.0454371 	-1.97327 	0.277411 	0.622242 	0.0271481 	
1.215	0.0567597 	-0.0457971 	-1.97295 	0.277418 	0.622286 	0.0271519 	
1.22	0.056936 	-0.0463961 	-1.97276 	0.277869 	0.623926 	0.0279351 	
1.225	0.0569463 	-0.0467561 	-1.97245 	0.277876 	0.62397 	0.0279386 	
1.23	0.0569566 	-0.0471162 	-1.97213 	0.277882 	0.624013 	0.0279421 	
1.235	0.0571345 	-0.0477154 	-1.97194 	0.278341 	0.625653 	0.0287284 	
1.24	0.0571449 	-0.0480754 	-1.97163 	0.278347 	0.625696 	0.0287315 	
1.245	0.0571554 	-0.0484354 	-1.97131 	0.278354 	0.625739 	0.0287346 	
1.25	0.0573348 	-0.0490345 	-1.97112 	0.278819 	0.627377 	0.0295237 	
1.255	0.0573454 	-0.0493944 	-1.9708 	0.278826 	0.627419 	0.0295265 	
1.26	0.0573561 	-0.0497542 	-1.97048 	0.278832 	0.627462 	0.0295291 	
1.265	0.057537 	-0.050353 	-1.9703 	0.279305 	0.629098 	0.0303208 	
1.27	0.0575477 	-0.0507126 	-1.96998 	0.279311 	0.62914 	0.0303232 	
1.275	0.0575586 	-0.051072 	-1.96966 	0.279317 	0.629181 	0.0303255 	
1.28	0.0577409 	-0.0516703 	-1.96947 	0.279797 	0.630815 	0.0311195 	
1.285	0.0577518 	-0.0520295 	-1.96915 	0.279803 	0.630856 	0.0311215 	
1.29	0.0577628 	-0.0523885 	-1.96883 	0.279808 	0.630897 	0.0311234 	
1.295	0.0579465 	-0.0529861 	-1.96864 	0.280295 	0.632527 	0.0319195 	
1.3	0.0579575 	-0.0533447 	-1.96832 	0.280301 	0.632567 	0.0319211 	
1.305	0.0579687 	-0.0537031 	-1.968 	0.280306 	0.632608 	0.0319225 	
1.31	0.0581536 	-0.0542997 	-1.9678 	0.280799 	0.634234 	0.0327204 	
1.315	0.0581648 	-0.0546577 	-1.96748 	0.280805 	0.634274 	0.0327216 	
1.32	0.0581761 	-0.0550154 	-1.96716 	0.28081 	0.634313 	0.0327227 	
1.325	0.0583623 	-0.0556108 	-1.96697 	0.28131 	0.635935 	0.0335221 	
1.33	0.0583737 	-0.055968 	-1.96665 	0.281315 	0.635974 	0.0335229 	
1.335	0.0583851 	-0.0563249 	-1.96633 	0.28132 	0.636013 	0.0335236 	
1.34	0.0585724 	-0.0569189 	-1.96613 	0.281826 	0.63763 	0.0343242 	
1.345	0.0585839 	-0.0572752 	-1.96582 	0.281831 	0.637668 	0.0343247 	
1.35	0.0585955 	-0.0576311 	-1.9655 	0.281836 	0.637707 	0.034325 	
1.355	0.0587839 	-0.0582235 	-1.9653 	0.282347 	0.639318 	0.0351266 	
1.36	0.0587955 	-0.0585787 	-1.96498 	0.282352 	0.639355 	0.0351266 	
1.365	0.0588072 	-0.0589336 	-1.96466 	0.282358 	0.639393 	0.0351265 	
1.37	0.0589966 	-0.0595242 	-1.96446 	0.282874 	0.640998 	0.0359288 	
1.375	0.0590084 	-0.0598782 	-1.96414 	0.282879 	0.641035 	0.0359284 	
1.38	0.0590202 	-0.0602318 	-1.96383 	0.282884 	0.641071 	0.035928 	
1.385	0.0592105 	-0.0608204 	-1.96363 	0.283407 	0.642669 	0.0367306 	
1.39	0.0592224 	-0.0611731 	-1.96331 	0.283411 	0.642706 	0.0367299 	
1.395	0.0592343 	-0.0615254 	-1.96299 	0.283416 	0.642742 	0.036729 	
1.4	0.0594255 	-0.0621117 	-1.96279 	0.283944 	0.644332 	0.0375318 	
1.405	0.0594375 	-0.062463 	-1.96247 	0.283948 	0.644368 	0.0375307 	
1.41	0.0594495 	-0.0628138 	-1.96215 	0.283953 	0.644403 	0.0375294 	
1.415	0.0596414 	-0.0633977 	-1.96195 	0.284485 	0.645986 	0.038332 	
1.42	0.0596535 	-0.0637475 	-1.96164 	0.28449 	0.646021 	0.0383305 	
1.425	0.0596657 	-0.0640967 	-1.96132 	0.284494 	0.646055 	0.0383289 	
1.43	0.0598583 	-0.0646778 	-1.96112 	0.285031 	0.64763 	0.039131 	
1.435	0.0598705 	-0.065026 	-1.9608 	0.285035 	0.647664 	0.0391291 	
1.44	0.0598827 	-0.0653735 	-1.96049 	0.28504 	0.647697 	0.0391271 	
1.445	0.0600759 	-0.0659518 	-1.96028 	0.285581 	0.649263 	0.0399284 	
1.45	0.0600882 	-0.0662981 	-1.95997 	0.285585 	0.649296 	0.0399262 	
1.455	0.0601006 	-0.0666438 	-1.95965 	0.285589 	0.649329 	0.0399239 	
1.46	0.0602943 	-0.067219 	-1.95945 	0.286135 	0.650885 	0.040724 	
1.465	0.0603067 	-0.0675634 	-1.95914 	0.286139 	0.650917 	0.0407215 	
1.47	0.0603191 	-0.0679071 	-1.95882 	0.286143 	0.650949 	0.0407188 	
1.475	0.0605132 	-0.068479 	-1.95862 	0.286693 	0.652495 	0.0415175 	
1.48	0.0605257 	-0.0688214 	-1.95831 	0.286697 	0.652527 	0.0415146 	
1.485	0.0605382 	-0.0691631 	-1.95799 	0.2867 	0.652558 	0.0415116 	
1.49	0.0607327 	-0.0697315 	-1.95779 	0.287254 	0.654093 	0.0423087 	
1.495	0.0607452 	-0.0700717 	-1.95748 	0.287257 	0.654124 	0.0423054 	
1.5	0.0607577 	-0.0704112 	-1.95717 	0.287261 	0.654155 	0.042302 	
1.505	0.0609525 	-0.0709759 	-1.95696 	0.287817 	0.655678 	0.0430971 	
1.51	0.0609651 	-0.0713139 	-1.95665 	0.287821 	0.655708 	0.0430935 	
1.515	0.0609777 	-0.0716511 	-1.95634 	0.287824 	0.655738 	0.0430898 	
1.52	0.0611726 	-0.0722118 	-1.95614 	0.288384 	0.65725 	0.0438825 	
1.525	0.0611852 	-0.0725474 	-1.95583 	0.288387 	0.65728 	0.0438786 	
1.53	0.0611979 	-0.0728822 	-1.95552 	0.28839 	0.657309 	0.0438745 	
1.535	0.0613928 	-0.0734389 	-1.95532 	0.288952 	0.658809 	0.0446646 	
1.54	0.0614055 	-0.073772 	-1.95501 	0.288955 	0.658837 	0.0446603 	
1.545	0.0614182 	-0.0741042 	-1.9547 	0.288958 	0.658866 	0.044656 	
1.55	0.0616131 	-0.0746566 	-1.9545 	0.289523 	0.660353 	0.0454431 	
1.555	0.0616258 	-0.0749871 	-1.95419 	0.289526 	0.660381 	0.0454386 	
1.56	0.0616386 	-0.0753167 	-1.95389 	0.289529 	0.660409 	0.0454339 	
1.565	0.0618334 	-0.0758645 	-1.95369 	0.290096 	0.661882 	0.0462177 	
1.57	0.0618461 	-0.0761923 	-1.95338 	0.290098 	0.661909 	0.0462129 	
1.575	0.0618589 	-0.0765192 	-1.95308 	0.290101 	0.661936 	0.0462079 	
1.58	0.0620535 	-0.0770623 	-1.95288 	0.29067 	0.663396 	0.0469882 	
1.585	0.0620662 	-0.0773873 	-1.95258 	0.290672 	0.663423 	0.046983 	
1.59	0.062079 	-0.0777113 	-1.95227 	0.290674 	0.663449 	0.0469777 	
1.595	0.0622733 	-0.0782495 	-1.95207 	0.291244 	0.664895 	0.0477541 	
1.6	0.062286 	-0.0785716 	-1.95177 	0.291247 	0.664921 	0.0477486 	
1.605	0.0622989 	-0.0788925 	-1.95147 	0.291249 	0.664946 	0.0477431 	
1.61	0.0623117 	-0.0792125 	-1.95118 	0.291251 	0.664971 	0.0477374 	
1.615	0.0625595 	-0.0798082 	-1.951 	0.291992 	0.666821 	0.0487413 	
1.62	0.0625723 	-0.0801262 	-1.95071 	0.291994 	0.666845 	0.0487355 	
1.625	0.0625851 	-0.080443 	-1.95041 	0.291997 	0.66687 	0.0487296 	
1.63	0.0627837 	-0.0809756 	-1.95021 	0.292586 	0.668323 	0.0495193 	
1.635	0.0627965 	-0.0812903 	-1.94992 	0.292588 	0.668347 	0.0495133 	
1.64	0.0628093 	-0.0816039 	-1.94962 	0.29259 	0.668371 	0.0495071 	
1.645	0.0628221 	-0.0819164 	-1.94933 	0.292592 	0.668394 	0.0495008 	
1.65	0.0630687 	-0.0824986 	-1.94916 	0.293336 	0.670201 	0.0504926 	
1.655	0.0630815 	-0.0828089 	-1.94887 	0.293338 	0.670224 	0.0504862 	
1.66	0.0630942 	-0.083118 	-1.94858 	0.293339 	0.670247 	0.0504798 	
1.665	0.063107 	-0.083426 	-1.94829 	0.293341 	0.670269 	0.0504732 	
1.67	0.0633572 	-0.0840052 	-1.94812 	0.294101 	0.672086 	0.051477 	
1.675	0.0633699 	-0.0843109 	-1.94783 	0.294102 	0.672108 	0.0514702 	
1.68	0.0633827 	-0.0846154 	-1.94755 	0.294104 	0.67213 	0.0514635 	
1.685	0.0633954 	-0.0849187 	-1.94726 	0.294105 	0.672151 	0.0514566 	
1.69	0.0636444 	-0.0854895 	-1.94709 	0.294865 	0.673942 	0.0524523 	
1.695	0.0636571 	-0.0857904 	-1.94681 	0.294867 	0.673963 	0.0524453 	
1.7	0.0636698 	-0.08609 	-1.94653 	0.294868 	0.673984 	0.0524382 	
1.705	0.0636825 	-0.0863884 	-1.94625 	0.294869 	0.674004 	0.052431 	
1.71	0.0639297 	-0.0869498 	-1.94608 	0.295627 	0.675765 	0.0534159 	
1.715	0.0639423 	-0.0872458 	-1.9458 	0.295628 	0.675785 	0.0534086 	
1.72	0.0639549 	-0.0875404 	-1.94552 	0.295629 	0.675805 	0.0534013 	
1.725	0.0639675 	-0.0878337 	-1.94524 	0.29563 	0.675824 	0.0533939 	
1.73	0.0642126 	-0.0883854 	-1.94507 	0.296386 	0.677553 	0.0543669 	
1.735	0.0642251 	-0.0886762 	-1.9448 	0.296387 	0.677572 	0.0543593 	
1.74	0.0642376 	-0.0889656 	-1.94453 	0.296387 	0.677591 	0.0543518 	
1.745	0.0642501 	-0.0892537 	-1.94426 	0.296388 	0.67761 	0.0543441 	
1.75	0.0644928 	-0.0897954 	-1.94409 	0.297139 	0.679306 	0.0553045 	
1.755	0.0645053 	-0.0900809 	-1.94382 	0.29714 	0.679324 	0.0552967 	
1.76	0.0645177 	-0.0903649 	-1.94355 	0.297141 	0.679342 	0.0552889 	
1.765	0.0645301 	-0.0906476 	-1.94328 	0.297141 	0.67936 	0.0552811 	
1.77	0.0647702 	-0.0911789 	-1.94311 	0.297888 	0.681022 	0.056228 	
1.775	0.0647825 	-0.0914589 	-1.94285 	0.297888 	0.68104 	0.0562201 	
1.78	0.0647948 	-0.0917374 	-1.94258 	0.297889 	0.681057 	0.0562121 	
1.785	0.0648071 	-0.0920145 	-1.94232 	0.297889 	0.681074 	0.0562041 	
1.79	0.0650443 	-0.0925351 	-1.94215 	0.29863 	0.682702 	0.0571368 	
1.795	0.0650565 	-0.0928094 	-1.94189 	0.29863 	0.682719 	0.0571287 	
1.8	0.0650687 	-0.0930823 	-1.94164 	0.298631 	0.682735 	0.0571205 	
1.805	0.0650808 	-0.0933537 	-1.94138 	0.298631 	0.682751 	0.0571123 	
1.81	0.065315 	-0.0938633 	-1.94121 	0.299365 	0.684344 	0.0580301 	
1.815	0.065327 	-0.0941318 	-1.94096 	0.299365 	0.684359 	0.0580218 	
1.82	0.065339 	-0.0943988 	-1.9407 	0.299365 	0.684375 	0.0580135 	
1.825	0.065351 	-0.0946642 	-1.94045 	0.299365 	0.684391 	0.0580052 	
1.83	0.0655818 	-0.0951626 	-1.94029 	0.300091 	0.685947 	0.0589072 	
1.835	0.0655937 	-0.0954251 	-1.94004 	0.300091 	0.685962 	0.0588988 	
1.84	0.0656056 	-0.0956861 	-1.93979 	0.300091 	0.685977 	0.0588904 	
1.845	0.0656174 	-0.0959455 	-1.93954 	0.300091 	0.685991 	0.058882 	
1.85	0.0658446 	-0.0964323 	-1.93938 	0.300809 	0.68751 	0.0597675 	
1.855	0.0658563 	-0.0966887 	-1.93914 	0.300809 	0.687525 	0.059759 	
1.86	0.065868 	-0.0969435 	-1.93889 	0.300809 	0.687539 	0.0597505 	
1.865	0.0658797 	-0.0971967 	-1.93865 	0.300808 	0.687552 	0.0597419 	
1.87	0.066103 	-0.0976717 	-1.93849 	0.301517 	0.689034 	0.0606102 	
1.875	0.0661146 	-0.0979218 	-1.93825 	0.301516 	0.689047 	0.0606016 	
1.88	0.0661261 	-0.0981703 	-1.93802 	0.301516 	0.689061 	0.060593 	
1.885	0.0661375 	-0.0984172 	-1.93778 	0.301516 	0.689074 	0.0605845 	
1.89	0.0663568 	-0.09888 	-1.93762 	0.302213 	0.690517 	0.0614347 	
1.895	0.0663681 	-0.0991237 	-1.93739 	0.302213 	0.690529 	0.0614261 	
1.9	0.0663794 	-0.0993657 	-1.93716 	0.302212 	0.690542 	0.0614175 	
1.905	0.0663907 	-0.0996061 	-1.93693 	0.302212 	0.690554 	0.0614088 	
1.91	0.0666057 	-0.100057 	-1.93677 	0.302898 	0.691958 	0.0622403 	
1.915	0.0666168 	-0.100294 	-1.93655 	0.302898 	0.69197 	0.0622317 	
1.92	0.0666278 	-0.100529 	-1.93632 	0.302897 	0.691982 	0.062223 	
1.925	0.0666388 	-0.100763 	-1.9361 	0.302897 	0.691993 	0.0622144 	
1.93	0.0666498 	-0.100995 	-1.93587 	0.302896 	0.692005 	0.0622058 	
1.935	0.0669043 	-0.101477 	-1.93574 	0.303719 	0.693666 	0.0631987 	
1.94	0.0669151 	-0.101705 	-1.93552 	0.303718 	0.693677 	0.06319 	
1.945	0.0669259 	-0.101932 	-1.9353 	0.303718 	0.693688 	0.0631814 	
1.95	0.0669366 	-0.102158 	-1.93508 	0.303717 	0.693699 	0.0631728 	
1.955	0.0669472 	-0.102381 	-1.93487 	0.303716 	0.69371 	0.0631642 	
1.96	0.067199 	-0.102849 	-1.93474 	0.304535 	0.69534 	0.0641449 	
1.965	0.0672095 	-0.10307 	-1.93453 	0.304534 	0.69535 	0.0641363 	
1.97	0.0672199 	-0.103288 	-1.93432 	0.304533 	0.69536 	0.0641277 	
1.975	0.0672303 	-0.103504 	-1.93411 	0.304532 	0.69537 	0.0641192 	
1.98	0.0672406 	-0.103719 	-1.9339 	0.304531 	0.69538 	0.0641106 	
1.985	0.067485 	-0.10417 	-1.93378 	0.305329 	0.696948 	0.0650602 	
1.99	0.0674952 	-0.104381 	-1.93357 	0.305328 	0.696958 	0.0650517 	
1.995	0.0675053 	-0.10459 	-1.93337 	0.305327 	0.696967 	0.0650432 	
2	0.0675153 	-0.104798 	-1.93317 	0.305326 	0.696976 	0.0650347 	
2.005	0.0675253 	-0.105004 	-1.93297 	0.305325 	0.696985 	0.0650263 	
2.01	0.0677614 	-0.105436 	-1.93285 	0.306098 	0.698488 	0.0659415 	
2.015	0.0677712 	-0.105638 	-1.93265 	0.306097 	0.698497 	0.0659331 	
2.02	0.0677809 	-0.105838 	-1.93246 	0.306096 	0.698505 	0.0659248 	
2.025	0.0677906 	-0.106037 	-1.93227 	0.306095 	0.698514 	0.0659165 	
2.03	0.0678002 	-0.106234 	-1.93208 	0.306094 	0.698522 	0.0659082 	
2.035	0.0680276 	-0.106646 	-1.93196 	0.306841 	0.699958 	0.0667876 	
2.04	0.0680371 	-0.106839 	-1.93177 	0.30684 	0.699966 	0.0667794 	
2.045	0.0680464 	-0.107031 	-1.93159 	0.306839 	0.699974 	0.0667712 	
2.05	0.0680557 	-0.10722 	-1.9314 	0.306838 	0.699982 	0.0667631 	
2.055	0.0680649 	-0.107408 	-1.93122 	0.306837 	0.69999 	0.066755 	
2.06	0.0682832 	-0.107801 	-1.93111 	0.307556 	0.701357 	0.0675973 	
2.065	0.0682923 	-0.107984 	-1.93093 	0.307555 	0.701365 	0.0675892 	
2.07	0.0683012 	-0.108166 	-1.93075 	0.307554 	0.701372 	0.0675813 	
2.075	0.0683101 	-0.108346 	-1.93058 	0.307553 	0.701379 	0.0675734 	
2.08	0.0683189 	-0.108525 	-1.9304 	0.307552 	0.701386 	0.0675655 	
2.085	0.0683277 	-0.108701 	-1.93023 	0.307551 	0.701393 	0.0675576 	
2.09	0.0685711 	-0.109106 	-1.93014 	0.308361 	0.702915 	0.0685024 	
2.095	0.0685796 	-0.109278 	-1.92997 	0.30836 	0.702922 	0.0684947 	
2.1	0.0685881 	-0.109449 	-1.9298 	0.308359 	0.702928 	0.068487 	
2.105	0.0685965 	-0.109617 	-1.92964 	0.308358 	0.702935 	0.0684794 	
2.11	0.0686048 	-0.109784 	-1.92948 	0.308356 	0.702941 	0.0684718 	
2.115	0.068613 	-0.109949 	-1.92932 	0.308355 	0.702947 	0.0684643 	
2.12	0.0688461 	-0.110331 	-1.92923 	0.309134 	0.704394 	0.069368 	
2.125	0.0688542 	-0.110491 	-1.92907 	0.309133 	0.7044 	0.0693606 	
2.13	0.0688621 	-0.11065 	-1.92892 	0.309132 	0.704406 	0.0693532 	
2.135	0.06887 	-0.110807 	-1.92876 	0.309131 	0.704412 	0.069346 	
2.14	0.0688778 	-0.110962 	-1.92861 	0.30913 	0.704417 	0.0693387 	
2.145	0.0688855 	-0.111115 	-1.92846 	0.309129 	0.704423 	0.0693316 	
2.15	0.0691041 	-0.11147 	-1.92838 	0.309862 	0.70577 	0.0701777 	
2.155	0.0691116 	-0.111619 	-1.92823 	0.309861 	0.705775 	0.0701707 	
2.16	0.069119 	-0.111766 	-1.92809 	0.30986 	0.70578 	0.0701638 	
2.165	0.0691264 	-0.111911 	-1.92795 	0.309858 	0.705785 	0.0701569 	
2.17	0.0691336 	-0.112054 	-1.92781 	0.309857 	0.70579 	0.0701501 	
2.175	0.0691407 	-0.112195 	-1.92767 	0.309856 	0.705795 	0.0701434 	
2.18	0.0691478 	-0.112334 	-1.92753 	0.309855 	0.7058 	0.0701367 	
2.185	0.0693788 	-0.112686 	-1.92747 	0.310636 	0.707219 	0.0710341 	
2.19	0.0693856 	-0.112821 	-1.92733 	0.310635 	0.707223 	0.0710276 	
2.195	0.0693923 	-0.112954 	-1.9272 	0.310634 	0.707228 	0.0710212 	
2.2	0.069399 	-0.113084 	-1.92708 	0.310632 	0.707232 	0.0710149 	
2.205	0.0694055 	-0.113213 	-1.92695 	0.310631 	0.707237 	0.0710086 	
2.21	0.069412 	-0.11334 	-1.92683 	0.31063 	0.707241 	0.0710024 	
2.215	0.0694184 	-0.113465 	-1.9267 	0.310629 	0.707245 	0.0709963 	
2.22	0.0694246 	-0.113587 	-1.92658 	0.310628 	0.707249 	0.0709903 	
2.225	0.0696619 	-0.113928 	-1.92653 	0.311436 	0.7087 	0.0719149 	
2.23	0.0696679 	-0.114047 	-1.92642 	0.311435 	0.708704 	0.071909 	
2.235	0.0696739 	-0.114163 	-1.9263 	0.311434 	0.708708 	0.0719032 	
2.24	0.0696797 	-0.114278 	-1.92619 	0.311433 	0.708711 	0.0718976 	
2.245	0.0696855 	-0.11439 	-1.92608 	0.311432 	0.708715 	0.071892 	
2.25	0.0696911 	-0.1145 	-1.92597 	0.311431 	0.708718 	0.0718864 	
2.255	0.0696967 	-0.114609 	-1.92586 	0.31143 	0.708722 	0.071881 	
2.26	0.0697022 	-0.114715 	-1.92576 	0.311429 	0.708725 	0.0718757 	
2.265	0.0697075 	-0.114819 	-1.92566 	0.311428 	0.708728 	0.0718705 	
2.27	0.0699398 	-0.115135 	-1.92562 	0.312224 	0.710143 	0.0727779 	
2.275	0.0699449 	-0.115235 	-1.92552 	0.312223 	0.710146 	0.0727728 	
2.28	0.0699499 	-0.115333 	-1.92543 	0.312222 	0.710149 	0.0727679 	
2.285	0.0699549 	-0.115429 	-1.92533 	0.312221 	0.710151 	0.072763 	
2.29	0.0699597 	-0.115522 	-1.92524 	0.312221 	0.710154 	0.0727583 	
2.295	0.0699644 	-0.115614 	-1.92515 	0.31222 	0.710157 	0.0727536 	
2.3	0.069969 	-0.115703 	-1.92506 	0.312219 	0.71016 	0.072749 	
2.305	0.0699735 	-0.11579 	-1.92498 	0.312218 	0.710162 	0.0727446 	
2.31	0.0699779 	-0.115876 	-1.92489 	0.312217 	0.710165 	0.0727402 	
2.315	0.0699822 	-0.115959 	-1.92481 	0.312216 	0.710167 	0.0727359 	
2.32	0.0699864 	-0.116039 	-1.92473 	0.312215 	0.71017 	0.0727318 	
2.325	0.0702164 	-0.11633 	-1.92472 	0.31301 	0.711565 	0.073634 	
2.33	0.0702204 	-0.116407 	-1.92464 	0.31301 	0.711568 	0.07363 	
2.335	0.0702242 	-0.116481 	-1.92457 	0.313009 	0.71157 	0.0736262 	
2.34	0.070228 	-0.116554 	-1.9245 	0.313008 	0.711572 	0.0736224 	
2.345	0.0702316 	-0.116624 	-1.92443 	0.313007 	0.711574 	0.0736187 	
2.35	0.0702351 	-0.116692 	-1.92436 	0.313007 	0.711576 	0.0736152 	
2.355	0.0702386 	-0.116758 	-1.9243 	0.313006 	0.711578 	0.0736118 	
2.36	0.0702419 	-0.116822 	-1.92423 	0.313005 	0.711579 	0.0736084 	
2.365	0.0702451 	-0.116884 	-1.92417 	0.313005 	0.711581 	0.0736052 	
2.37	0.0702482 	-0.116943 	-1.92411 	0.313004 	0.711583 	0.0736021 	
2.375	0.0702512 	-0.117001 	-1.92406 	0.313003 	0.711585 	0.0735991 	
2.38	0.0702541 	-0.117056 	-1.924 	0.313003 	0.711586 	0.0735962 	
2.385	0.0702568 	-0.117109 	-1.92395 	0.313002 	0.711588 	0.0735934 	
2.39	0.0702595 	-0.11716 	-1.9239 	0.313002 	0.711589 	0.0735907 	
2.395	0.070262 	-0.117209 	-1.92385 	0.313001 	0.71159 	0.0735881 	
2.4	0.0702645 	-0.117255 	-1.92381 	0.313001 	0.711592 	0.0735857 	
2.405	0.070491 	-0.117509 	-1.92382 	0.313793 	0.712966 	0.0744815 	
2.41	0.0704932 	-0.117551 	-1.92378 	0.313792 	0.712967 	0.0744793 	
2.415	0.0704953 	-0.117591 	-1.92374 	0.313792 	0.712968 	0.0744772 	
2.42	0.0704971 	-0.117626 	-1.92371 	0.313791 	0.712969 	0.0744753 	
2.425	0.0704992 	-0.117665 	-1.92367 	0.313791 	0.71297 	0.0744733 	
2.43	0.0705008 	-0.117696 	-1.92364 	0.313791 	0.712971 	0.0744716 	
2.435	0.0705024 	-0.117727 	-1.92361 	0.31379 	0.712972 	0.07447 	
2.44	0.070504 	-0.117757 	-1.92358 	0.31379 	0.712973 	0.0744684 	
2.445	0.0705054 	-0.117784 	-1.92355 	0.31379 	0.712974 	0.0744669 	
2.45	0.0705067 	-0.117809 	-1.92353 	0.313789 	0.712974 	0.0744656 	
2.455	0.0705079 	-0.117832 	-1.9235 	0.313789 	0.712975 	0.0744644 	
2.46	0.070509 	-0.117853 	-1.92348 	0.313789 	0.712976 	0.0744633 	
2.465	0.07051 	-0.117872 	-1.92346 	0.313789 	0.712976 	0.0744623 	
2.47	0.0705108 	-0.117888 	-1.92345 	0.313788 	0.712976 	0.0744614 	
2.475	0.0705116 	-0.117903 	-1.92343 	0.313788 	0.712977 	0.0744606 	
2.48	0.0705122 	-0.117915 	-1.92342 	0.313788 	0.712977 	0.07446 	
2.485	0.0705128 	-0.117925 	-1.92341 	0.313788 	0.712977 	0.0744594 	
2.49	0.0705132 	-0.117933 	-1.9234 	0.313788 	0.712978 	0.074459 	
2.495	0.0705135 	-0.117939 	-1.9234 	0.313788 	0.712978 	0.0744587 	
2.5	0.0705135 	-0.117939 	-1.9234 	0.313788 	0.712978 	0.0744587 	
2.505	0.0705137 	-0.117943 	-1.92339 	0.313788 	0.712978 	0.0744585 	
2.51	0.0705173 	-0.117947 	-1.92339 	0.313786 	0.712977 	0.0744535 	
2.515	0.0705173 	-0.117947 	-1.92339 	0.313786 	0.712977 	0.0744535 	
2.52	0.0705173 	-0.117947 	-1.92338 	0.313785 	0.712972 	0.0744514 	
2.525	0.070517 	-0.117946 	-1.92338 	0.313784 	0.712967 	0.0744498 	
2.53	0.0705166 	-0.117944 	-1.92337 	0.313782 	0.712961 	0.0744478 	
2.535	0.0705161 	-0.117943 	-1.92337 	0.31378 	0.712954 	0.0744454 	
2.54	0.0705081 	-0.117933 	-1.92337 	0.313781 	0.712947 	0.0744522 	
2.545	0.0705067 	-0.11793 	-1.92337 	0.313779 	0.712938 	0.0744499 	
2.55	0.0705058 	-0.117927 	-1.92336 	0.313776 	0.712927 	0.0744462 	
2.555	0.0705049 	-0.117924 	-1.92335 	0.313773 	0.712914 	0.074442 	
2.56	0.0705039 	-0.117921 	-1.92334 	0.31377 	0.712901 	0.0744374 	
2.565	0.0705029 	-0.117918 	-1.92333 	0.313766 	0.712886 	0.0744323 	
2.57	0.0705017 	-0.117914 	-1.92331 	0.313762 	0.712869 	0.0744267 	
2.575	0.0705004 	-0.11791 	-1.9233 	0.313757 	0.712852 	0.0744208 	
2.58	0.0704991 	-0.117906 	-1.92328 	0.313752 	0.712833 	0.0744143 	
2.585	0.0704976 	-0.117901 	-1.92327 	0.313747 	0.712813 	0.0744074 	
2.59	0.0704961 	-0.117896 	-1.92325 	0.313742 	0.712791 	0.0744001 	
2.595	0.0704944 	-0.117891 	-1.92323 	0.313736 	0.712768 	0.0743924 	
2.6	0.0704927 	-0.117885 	-1.92321 	0.31373 	0.712744 	0.0743842 	
2.605	0.0704909 	-0.117879 	-1.92319 	0.313723 	0.712719 	0.0743755 	
2.61	0.0704889 	-0.117873 	-1.92317 	0.313716 	0.712692 	0.0743664 	
2.615	0.0704869 	-0.117867 	-1.92315 	0.313709 	0.712664 	0.0743569 	
2.62	0.0704848 	-0.11786 	-1.92312 	0.313702 	0.712634 	0.0743469 	
2.625	0.0704826 	-0.117853 	-1.9231 	0.313694 	0.712604 	0.0743365 	
2.63	0.0704803 	-0.117846 	-1.92307 	0.313686 	0.712572 	0.0743256 	
2.635	0.0704779 	-0.117838 	-1.92305 	0.313677 	0.712539 	0.0743143 	
2.64	0.0704755 	-0.11783 	-1.92302 	0.313669 	0.712504 	0.0743026 	
2.645	0.0704729 	-0.117822 	-1.92299 	0.313659 	0.712468 	0.0742904 	
2.65	0.0704702 	-0.117814 	-1.92296 	0.31365 	0.712431 	0.0742778 	
2.655	0.0704672 	-0.117804 	-1.92293 	0.313639 	0.712389 	0.0742635 	
2.66	0.0704646 	-0.117796 	-1.9229 	0.31363 	0.712353 	0.0742512 	
2.665	0.0704614 	-0.117786 	-1.92286 	0.313619 	0.712308 	0.074236 	
2.67	0.0704584 	-0.117776 	-1.92283 	0.313608 	0.712266 	0.0742216 	
2.675	0.0704552 	-0.117766 	-1.92279 	0.313597 	0.712222 	0.0742068 	
2.68	0.070452 	-0.117756 	-1.92276 	0.313585 	0.712177 	0.0741916 	
2.685	0.0704487 	-0.117745 	-1.92272 	0.313574 	0.712131 	0.0741759 	
2.69	0.0704453 	-0.117734 	-1.92268 	0.313562 	0.712084 	0.0741598 	
2.695	0.0704418 	-0.117723 	-1.92264 	0.313549 	0.712035 	0.0741432 	
2.7	0.0704382 	-0.117712 	-1.9226 	0.313537 	0.711985 	0.0741263 	
2.705	0.0704346 	-0.1177 	-1.92256 	0.313524 	0.711934 	0.0741089 	
2.71	0.0704308 	-0.117688 	-1.92252 	0.31351 	0.711881 	0.0740911 	
2.715	0.0704269 	-0.117676 	-1.92248 	0.313497 	0.711828 	0.0740729 	
2.72	0.070423 	-0.117664 	-1.92243 	0.313483 	0.711773 	0.0740542 	
2.725	0.070419 	-0.117651 	-1.92239 	0.313468 	0.711716 	0.0740351 	
2.73	0.0704149 	-0.117638 	-1.92234 	0.313454 	0.711659 	0.0740157 	
2.735	0.0704107 	-0.117624 	-1.92229 	0.313439 	0.7116 	0.0739957 	
2.74	0.0704064 	-0.117611 	-1.92225 	0.313424 	0.71154 	0.0739754 	
2.745	0.070402 	-0.117597 	-1.9222 	0.313408 	0.711479 	0.0739547 	
2.75	0.0703968 	-0.117582 	-1.92215 	0.313393 	0.711417 	0.0739345 	
2.755	0.0703922 	-0.117567 	-1.9221 	0.313376 	0.711353 	0.0739129 	
2.76	0.0703367 	-0.117243 	-1.92197 	0.313493 	0.709645 	0.0742014 	
2.765	0.0703319 	-0.117228 	-1.92192 	0.313476 	0.709579 	0.0741791 	
2.77	0.0703271 	-0.117212 	-1.92186 	0.313459 	0.709512 	0.0741563 	
2.775	0.0703222 	-0.117197 	-1.92181 	0.313442 	0.709443 	0.0741331 	
2.78	0.0703172 	-0.117181 	-1.92175 	0.313424 	0.709374 	0.0741095 	
2.785	0.0703122 	-0.117165 	-1.92169 	0.313406 	0.709303 	0.0740855 	
2.79	0.070307 	-0.117149 	-1.92164 	0.313388 	0.709231 	0.0740611 	
2.795	0.0703018 	-0.117132 	-1.92158 	0.313369 	0.709157 	0.0740364 	
2.8	0.0702964 	-0.117115 	-1.92152 	0.313351 	0.709083 	0.0740112 	
2.805	0.070291 	-0.117098 	-1.92146 	0.313331 	0.709008 	0.0739856 	
2.81	0.0702856 	-0.117081 	-1.9214 	0.313312 	0.708931 	0.0739596 	
2.815	0.07028 	-0.117063 	-1.92133 	0.313292 	0.708853 	0.0739332 	
2.82	0.0702743 	-0.117045 	-1.92127 	0.313272 	0.708774 	0.0739065 	
2.825	0.0702686 	-0.117027 	-1.9212 	0.313252 	0.708694 	0.0738793 	
2.83	0.0702628 	-0.117009 	-1.92114 	0.313232 	0.708612 	0.0738518 	
2.835	0.0701436 	-0.116687 	-1.92099 	0.313048 	0.706826 	0.0737613 	
2.84	0.0701376 	-0.116668 	-1.92093 	0.313027 	0.706742 	0.073733 	
2.845	0.0701315 	-0.116649 	-1.92086 	0.313006 	0.706657 	0.0737044 	
2.85	0.0701254 	-0.116629 	-1.92079 	0.312984 	0.706571 	0.0736754 	
2.855	0.0701192 	-0.11661 	-1.92072 	0.312962 	0.706484 	0.073646 	
2.86	0.0701129 	-0.11659 	-1.92065 	0.31294 	0.706396 	0.0736162 	
2.865	0.0701065 	-0.11657 	-1.92058 	0.312917 	0.706307 	0.073586 	
2.87	0.0701001 	-0.11655 	-1.9205 	0.312895 	0.706216 	0.0735555 	
2.875	0.0700936 	-0.116529 	-1.92043 	0.312872 	0.706125 	0.0735246 	
2.88	0.070087 	-0.116508 	-1.92036 	0.312849 	0.706032 	0.0734934 	
2.885	0.0700803 	-0.116487 	-1.92028 	0.312825 	0.705938 	0.0734618 	
2.89	0.0700735 	-0.116466 	-1.9202 	0.312801 	0.705843 	0.0734298 	
2.895	0.069951 	-0.116151 	-1.92005 	0.312592 	0.704088 	0.0733021 	
2.9	0.0699441 	-0.116129 	-1.91997 	0.312568 	0.703991 	0.0732694 	
2.905	0.0699372 	-0.116108 	-1.91989 	0.312544 	0.703893 	0.0732364 	
2.91	0.0699301 	-0.116085 	-1.91981 	0.312519 	0.703794 	0.0732031 	
2.915	0.069923 	-0.116063 	-1.91973 	0.312494 	0.703694 	0.0731693 	
2.92	0.0699158 	-0.11604 	-1.91965 	0.312469 	0.703593 	0.0731353 	
2.925	0.0699086 	-0.116017 	-1.91957 	0.312443 	0.70349 	0.0731009 	
2.93	0.0699012 	-0.115994 	-1.91948 	0.312417 	0.703387 	0.0730662 	
2.935	0.0698938 	-0.115971 	-1.9194 	0.312391 	0.703283 	0.0730311 	
2.94	0.0698863 	-0.115947 	-1.91931 	0.312365 	0.703177 	0.0729956 	
2.945	0.0698788 	-0.115924 	-1.91923 	0.312339 	0.703071 	0.0729599 	
2.95	0.0697685 	-0.115617 	-1.91903 	0.312112 	0.701241 	0.0727991 	
2.955	0.069761 	-0.115593 	-1.91894 	0.312085 	0.701133 	0.0727625 	
2.96	0.0697533 	-0.115568 	-1.91885 	0.312058 	0.701023 	0.0727258 	
2.965	0.0697455 	-0.115544 	-1.91877 	0.31203 	0.700913 	0.0726888 	
2.97	0.0697376 	-0.115519 	-1.91868 	0.312003 	0.700801 	0.0726514 	
2.975	0.0697297 	-0.115494 	-1.91858 	0.311975 	0.700689 	0.0726138 	
2.98	0.0697216 	-0.115469 	-1.91849 	0.311947 	0.700575 	0.0725758 	
2.985	0.0697136 	-0.115444 	-1.9184 	0.311918 	0.700461 	0.0725375 	
2.99	0.0697054 	-0.115418 	-1.91831 	0.31189 	0.700346 	0.0724988 	
2.995	0.0696972 	-0.115392 	-1.91821 	0.311861 	0.700229 	0.0724599 	
3	0.069568 	-0.115063 	-1.91803 	0.311639 	0.698382 	0.0723191 	
3.005	0.0695597 	-0.115037 	-1.91794 	0.31161 	0.698263 	0.0722797 	
3.01	0.0695513 	-0.11501 	-1.91784 	0.311581 	0.698144 	0.0722399 	
3.015	0.0695428 	-0.114984 	-1.91774 	0.311551 	0.698024 	0.0721998 	
3.02	0.0695343 	-0.114957 	-1.91765 	0.311521 	0.697903 	0.0721594 	
3.025	0.0695257 	-0.11493 	-1.91755 	0.311492 	0.697781 	0.0721187 	
3.03	0.0695171 	-0.114903 	-1.91745 	0.311461 	0.697659 	0.0720777 	
3.035	0.0695083 	-0.114876 	-1.91735 	0.311431 	0.697535 	0.0720365 	
3.04	0.0694996 	-0.114849 	-1.91725 	0.3114 	0.69741 	0.0719949 	
3.045	0.0693731 	-0.114526 	-1.91706 	0.311183 	0.695598 	0.0718551 	
3.05	0.0693642 	-0.114498 	-1.91696 	0.311152 	0.695472 	0.071813 	
3.055	0.0693553 	-0.11447 	-1.91686 	0.311121 	0.695344 	0.0717707 	
3.06	0.0693463 	-0.114442 	-1.91675 	0.31109 	0.695216 	0.0717281 	
3.065	0.0693372 	-0.114414 	-1.91665 	0.311058 	0.695088 	0.0716852 	
3.07	0.0693281 	-0.114386 	-1.91654 	0.311026 	0.694958 	0.071642 	
3.075	0.069319 	-0.114357 	-1.91644 	0.310995 	0.694827 	0.0715986 	
3.08	0.0693098 	-0.114328 	-1.91633 	0.310962 	0.694696 	0.0715549 	
3.085	0.0693005 	-0.114299 	-1.91622 	0.31093 	0.694564 	0.071511 	
3.09	0.0691672 	-0.11396 	-1.91603 	0.310702 	0.692651 	0.0713644 	
3.095	0.0691578 	-0.113931 	-1.91592 	0.31067 	0.692517 	0.0713201 	
3.1	0.0691484 	-0.113902 	-1.91581 	0.310637 	0.692382 	0.0712754 	
3.105	0.0691389 	-0.113872 	-1.9157 	0.310604 	0.692247 	0.0712305 	
3.11	0.0691241 	-0.113837 	-1.9156 	0.310573 	0.692111 	0.0711923 	
3.115	0.0691144 	-0.113807 	-1.91549 	0.31054 	0.691975 	0.071147 	
3.12	0.0691048 	-0.113777 	-1.91537 	0.310507 	0.691837 	0.0711014 	
3.125	0.0690951 	-0.113747 	-1.91526 	0.310473 	0.691698 	0.0710556 	
3.13	0.0689682 	-0.113424 	-1.91506 	0.310256 	0.689873 	0.0709136 	
3.135	0.0689584 	-0.113393 	-1.91495 	0.310222 	0.689734 	0.0708673 	
3.14	0.0689486 	-0.113363 	-1.91483 	0.310188 	0.689593 	0.0708208 	
3.145	0.0689388 	-0.113332 	-1.91472 	0.310154 	0.689452 	0.0707741 	
3.15	0.0689289 	-0.113302 	-1.9146 	0.31012 	0.689309 	0.0707272 	
3.155	0.068919 	-0.113271 	-1.91449 	0.310085 	0.689167 	0.07068 	
3.16	0.068909 	-0.11324 	-1.91437 	0.310051 	0.689023 	0.0706327 	
3.165	0.0688989 	-0.113209 	-1.91425 	0.310016 	0.688879 	0.0705851 	
3.17	0.068768 	-0.112876 	-1.91405 	0.309793 	0.686993 	0.0704393 	
3.175	0.0687579 	-0.112845 	-1.91393 	0.309758 	0.686848 	0.0703914 	
3.18	0.0687477 	-0.112813 	-1.91381 	0.309723 	0.686702 	0.0703432 	
3.185	0.0687376 	-0.112782 	-1.91369 	0.309688 	0.686555 	0.0702949 	
3.19	0.0687273 	-0.11275 	-1.91357 	0.309653 	0.686407 	0.0702464 	
3.195	0.0687171 	-0.112718 	-1.91345 	0.309617 	0.686259 	0.0701977 	
3.2	0.0687068 	-0.112687 	-1.91333 	0.309582 	0.686111 	0.0701488 	
3.205	0.0686964 	-0.112655 	-1.91321 	0.309546 	0.685962 	0.0700997 	
3.21	0.0685609 	-0.112311 	-1.91299 	0.309317 	0.684007 	0.0699498 	
3.215	0.0685505 	-0.112279 	-1.91287 	0.309281 	0.683856 	0.0699005 	
3.22	0.06854 	-0.112247 	-1.91274 	0.309245 	0.683705 	0.0698509 	
3.225	0.0685296 	-0.112214 	-1.91262 	0.309209 	0.683553 	0.0698012 	
3.23	0.0685191 	-0.112182 	-1.91249 	0.309173 	0.683401 	0.0697513 	
3.235	0.0685085 	-0.112149 	-1.91237 	0.309137 	0.683249 	0.0697012 	
3.24	0.0684979 	-0.112117 	-1.91224 	0.3091 	0.683095 	0.069651 	
3.245	0.0684873 	-0.112084 	-1.91212 	0.309064 	0.682942 	0.0696006 	
3.25	0.0683477 	-0.111731 	-1.91189 	0.308829 	0.680924 	0.0694474 	
3.255	0.068337 	-0.111698 	-1.91177 	0.308792 	0.680769 	0.0693968 	
3.26	0.0683263 	-0.111665 	-1.91164 	0.308756 	0.680613 	0.069346 	
3.265	0.0683156 	-0.111632 	-1.91151 	0.308719 	0.680458 	0.0692951 	
3.27	0.0683048 	-0.111599 	-1.91138 	0.308682 	0.680301 	0.069244 	
3.275	0.0682941 	-0.111566 	-1.91126 	0.308645 	0.680145 	0.0691928 	
3.28	0.0682832 	-0.111533 	-1.91113 	0.308608 	0.679987 	0.0691414 	
3.285	0.0681552 	-0.111209 	-1.91091 	0.308392 	0.678133 	0.0689975 	
3.29	0.0681443 	-0.111176 	-1.91078 	0.308355 	0.677975 	0.068946 	
3.295	0.0681334 	-0.111142 	-1.91065 	0.308318 	0.677816 	0.0688943 	
3.3	0.0681225 	-0.111109 	-1.91052 	0.308281 	0.677657 	0.0688425 	
3.305	0.0681116 	-0.111075 	-1.91039 	0.308243 	0.677498 	0.0687906 	
3.31	0.0681006 	-0.111042 	-1.91025 	0.308206 	0.677338 	0.0687386 	
3.315	0.0680787 	-0.110996 	-1.91014 	0.308173 	0.67718 	0.0687006 	
3.32	0.0679495 	-0.11067 	-1.90992 	0.307956 	0.675309 	0.0685562 	
3.325	0.0679385 	-0.110637 	-1.90978 	0.307918 	0.675148 	0.0685039 	
3.33	0.0679275 	-0.110603 	-1.90965 	0.307881 	0.674987 	0.0684515 	
3.335	0.0679164 	-0.110569 	-1.90952 	0.307843 	0.674825 	0.068399 	
3.34	0.0679054 	-0.110535 	-1.90939 	0.307806 	0.674663 	0.0683464 	
3.345	0.0678943 	-0.110501 	-1.90925 	0.307768 	0.674501 	0.0682938 	
3.35	0.0678832 	-0.110468 	-1.90912 	0.30773 	0.674338 	0.068241 	
3.355	0.0677524 	-0.110138 	-1.90889 	0.307512 	0.672438 	0.0680954 	
3.36	0.0677412 	-0.110104 	-1.90875 	0.307474 	0.672274 	0.0680425 	
3.365	0.0677301 	-0.11007 	-1.90862 	0.307436 	0.672111 	0.0679896 	
3.37	0.0677189 	-0.110036 	-1.90848 	0.307398 	0.671947 	0.0679365 	
3.375	0.0677078 	-0.110002 	-1.90835 	0.30736 	0.671783 	0.0678834 	
3.38	0.0676966 	-0.109968 	-1.90821 	0.307322 	0.671618 	0.0678302 	
3.385	0.0676854 	-0.109934 	-1.90808 	0.307284 	0.671454 	0.067777 	
3.39	0.067553 	-0.109602 	-1.90784 	0.307065 	0.669528 	0.0676307 	
3.395	0.0675418 	-0.109568 	-1.90771 	0.307027 	0.669363 	0.0675774 	
3.4	0.0675306 	-0.109534 	-1.90757 	0.306989 	0.669198 	0.0675241 	
3.405	0.0675194 	-0.109499 	-1.90743 	0.306951 	0.669032 	0.0674707 	
3.41	0.0675081 	-0.109465 	-1.9073 	0.306913 	0.668866 	0.0674172 	
3.415	0.0674969 	-0.109431 	-1.90716 	0.306875 	0.6687 	0.0673637 	
3.42	0.0674856 	-0.109397 	-1.90702 	0.306837 	0.668534 	0.0673102 	
3.425	0.0673521 	-0.109062 	-1.90678 	0.306616 	0.666589 	0.0671636 	
