0	0.310345 	-0.173741 	0.536981 	0.17818 	-1.45302 	-0.245475 	
0.005	0.310345 	-0.173741 	0.536981 	0.17818 	-1.45302 	-0.245475 	
0.01	0.310345 	-0.173741 	0.536981 	0.17818 	-1.45302 	-0.245475 	
0.015	0.310346 	-0.173741 	0.536981 	0.17818 	-1.45302 	-0.245475 	
0.02	0.310347 	-0.173741 	0.536981 	0.17818 	-1.45302 	-0.245475 	
0.025	0.310349 	-0.173741 	0.536981 	0.17818 	-1.45302 	-0.245475 	
0.03	0.310351 	-0.173741 	0.536982 	0.17818 	-1.45302 	-0.245475 	
0.035	0.310354 	-0.173741 	0.536982 	0.17818 	-1.45302 	-0.245475 	
0.04	0.310358 	-0.173741 	0.536983 	0.17818 	-1.45302 	-0.245475 	
0.045	0.310362 	-0.173741 	0.536984 	0.17818 	-1.45302 	-0.245475 	
0.05	0.310366 	-0.173741 	0.536985 	0.17818 	-1.45302 	-0.245475 	
0.055	0.310371 	-0.173741 	0.536985 	0.17818 	-1.45302 	-0.245475 	
0.06	0.310377 	-0.173741 	0.536987 	0.17818 	-1.45302 	-0.245475 	
0.065	0.310383 	-0.173742 	0.536988 	0.17818 	-1.45302 	-0.245475 	
0.07	0.31039 	-0.173742 	0.536989 	0.17818 	-1.45302 	-0.245475 	
0.075	0.310397 	-0.173742 	0.53699 	0.17818 	-1.45302 	-0.245475 	
0.08	0.310405 	-0.173742 	0.536992 	0.17818 	-1.45302 	-0.245475 	
0.085	0.310413 	-0.173742 	0.536993 	0.17818 	-1.45302 	-0.245475 	
0.09	0.310423 	-0.173742 	0.536995 	0.17818 	-1.45302 	-0.245475 	
0.095	0.310431 	-0.173742 	0.536997 	0.17818 	-1.45302 	-0.245475 	
0.1	0.310442 	-0.173743 	0.536999 	0.17818 	-1.45302 	-0.245475 	
0.105	0.310453 	-0.173743 	0.537001 	0.17818 	-1.45302 	-0.245475 	
0.11	0.310464 	-0.173743 	0.537003 	0.17818 	-1.45302 	-0.245475 	
0.115	0.310475 	-0.173743 	0.537005 	0.17818 	-1.45302 	-0.245475 	
0.12	0.310487 	-0.173744 	0.537007 	0.17818 	-1.45302 	-0.245475 	
0.125	0.3105 	-0.173744 	0.537009 	0.17818 	-1.45302 	-0.245475 	
0.13	0.310513 	-0.173744 	0.537012 	0.17818 	-1.45302 	-0.245475 	
0.135	0.310527 	-0.173744 	0.537014 	0.17818 	-1.45302 	-0.245475 	
0.14	0.310541 	-0.173745 	0.537017 	0.17818 	-1.45302 	-0.245475 	
0.145	0.310556 	-0.173745 	0.53702 	0.17818 	-1.45302 	-0.245475 	
0.15	0.310571 	-0.173745 	0.537023 	0.17818 	-1.45302 	-0.245475 	
0.155	0.310587 	-0.173745 	0.537025 	0.17818 	-1.45302 	-0.245475 	
0.16	0.310604 	-0.173746 	0.537029 	0.17818 	-1.45302 	-0.245475 	
0.165	0.310559 	-0.173731 	0.537013 	0.176573 	-1.4519 	-0.24326 	
0.17	0.310576 	-0.173731 	0.537016 	0.176573 	-1.4519 	-0.24326 	
0.175	0.310594 	-0.173732 	0.537019 	0.176573 	-1.4519 	-0.24326 	
0.18	0.310613 	-0.173732 	0.537023 	0.176573 	-1.4519 	-0.24326 	
0.185	0.310632 	-0.173732 	0.537026 	0.176573 	-1.4519 	-0.24326 	
0.19	0.310651 	-0.173733 	0.53703 	0.176573 	-1.4519 	-0.24326 	
0.195	0.310671 	-0.173733 	0.537034 	0.176573 	-1.4519 	-0.24326 	
0.2	0.310692 	-0.173733 	0.537038 	0.176573 	-1.4519 	-0.24326 	
0.205	0.310713 	-0.173734 	0.537041 	0.176573 	-1.4519 	-0.24326 	
0.21	0.310735 	-0.173734 	0.537045 	0.176573 	-1.4519 	-0.24326 	
0.215	0.310757 	-0.173735 	0.53705 	0.176573 	-1.4519 	-0.24326 	
0.22	0.31078 	-0.173735 	0.537054 	0.176573 	-1.4519 	-0.24326 	
0.225	0.310742 	-0.173721 	0.53704 	0.174988 	-1.45078 	-0.241077 	
0.23	0.310766 	-0.173721 	0.537044 	0.174988 	-1.45078 	-0.241077 	
0.235	0.31079 	-0.173722 	0.537049 	0.174988 	-1.45078 	-0.241077 	
0.24	0.310815 	-0.173722 	0.537053 	0.174988 	-1.45078 	-0.241077 	
0.245	0.31084 	-0.173722 	0.537058 	0.174988 	-1.45078 	-0.241077 	
0.25	0.310866 	-0.173723 	0.537063 	0.174988 	-1.45078 	-0.241077 	
0.255	0.310892 	-0.173723 	0.537067 	0.174988 	-1.45078 	-0.241077 	
0.26	0.310919 	-0.173724 	0.537072 	0.174988 	-1.45078 	-0.241077 	
0.265	0.310946 	-0.173724 	0.537077 	0.174988 	-1.45078 	-0.241077 	
0.27	0.310974 	-0.173725 	0.537083 	0.174988 	-1.45078 	-0.241077 	
0.275	0.310938 	-0.17371 	0.537068 	0.17331 	-1.44961 	-0.238764 	
0.28	0.310967 	-0.173711 	0.537074 	0.17331 	-1.44961 	-0.238764 	
0.285	0.310996 	-0.173711 	0.537079 	0.17331 	-1.44961 	-0.238764 	
0.29	0.311026 	-0.173711 	0.537085 	0.17331 	-1.44961 	-0.238764 	
0.295	0.311057 	-0.173712 	0.53709 	0.17331 	-1.44961 	-0.238764 	
0.3	0.311088 	-0.173712 	0.537096 	0.17331 	-1.44961 	-0.238764 	
0.305	0.311119 	-0.173713 	0.537102 	0.17331 	-1.44961 	-0.238764 	
0.31	0.311151 	-0.173713 	0.537108 	0.17331 	-1.44961 	-0.238764 	
0.315	0.311122 	-0.1737 	0.537095 	0.171711 	-1.44849 	-0.236562 	
0.32	0.311155 	-0.1737 	0.537101 	0.171711 	-1.44849 	-0.236562 	
0.325	0.311188 	-0.173701 	0.537107 	0.171711 	-1.44849 	-0.236562 	
0.33	0.311222 	-0.173701 	0.537114 	0.171711 	-1.44849 	-0.236562 	
0.335	0.311257 	-0.173702 	0.53712 	0.171711 	-1.44849 	-0.236562 	
0.34	0.311292 	-0.173702 	0.537127 	0.171711 	-1.44849 	-0.236562 	
0.345	0.311327 	-0.173703 	0.537133 	0.171711 	-1.44849 	-0.236562 	
0.35	0.311363 	-0.173703 	0.53714 	0.171711 	-1.44849 	-0.236562 	
0.355	0.311331 	-0.173688 	0.537126 	0.169934 	-1.44724 	-0.234114 	
0.36	0.311368 	-0.173689 	0.537133 	0.169934 	-1.44724 	-0.234114 	
0.365	0.311405 	-0.173689 	0.53714 	0.169934 	-1.44724 	-0.234114 	
0.37	0.311443 	-0.17369 	0.537147 	0.169934 	-1.44724 	-0.234114 	
0.375	0.311482 	-0.17369 	0.537154 	0.169934 	-1.44724 	-0.234114 	
0.38	0.311521 	-0.173691 	0.537161 	0.169934 	-1.44724 	-0.234114 	
0.385	0.31156 	-0.173691 	0.537168 	0.169934 	-1.44724 	-0.234114 	
0.39	0.311532 	-0.173677 	0.537155 	0.168191 	-1.44602 	-0.231713 	
0.395	0.311573 	-0.173678 	0.537163 	0.168191 	-1.44602 	-0.231713 	
0.4	0.311614 	-0.173678 	0.53717 	0.168191 	-1.44602 	-0.231713 	
0.405	0.311655 	-0.173679 	0.537178 	0.168191 	-1.44602 	-0.231713 	
0.41	0.311697 	-0.173679 	0.537185 	0.168191 	-1.44602 	-0.231713 	
0.415	0.311739 	-0.17368 	0.537193 	0.168191 	-1.44602 	-0.231713 	
0.42	0.311719 	-0.173667 	0.537182 	0.166566 	-1.44488 	-0.229474 	
0.425	0.311762 	-0.173667 	0.53719 	0.166566 	-1.44488 	-0.229474 	
0.43	0.311806 	-0.173668 	0.537198 	0.166566 	-1.44488 	-0.229474 	
0.435	0.31185 	-0.173668 	0.537206 	0.166566 	-1.44488 	-0.229474 	
0.44	0.311894 	-0.173669 	0.537215 	0.166566 	-1.44488 	-0.229474 	
0.445	0.311939 	-0.173669 	0.537223 	0.166566 	-1.44488 	-0.229474 	
0.45	0.311919 	-0.173656 	0.537212 	0.164855 	-1.44368 	-0.227116 	
0.455	0.311965 	-0.173656 	0.53722 	0.164855 	-1.44368 	-0.227116 	
0.46	0.312011 	-0.173657 	0.537229 	0.164855 	-1.44368 	-0.227116 	
0.465	0.312058 	-0.173657 	0.537237 	0.164855 	-1.44368 	-0.227116 	
0.47	0.312105 	-0.173658 	0.537246 	0.164855 	-1.44368 	-0.227116 	
0.475	0.312153 	-0.173658 	0.537255 	0.164855 	-1.44368 	-0.227116 	
0.48	0.312131 	-0.173644 	0.537243 	0.163039 	-1.44241 	-0.224614 	
0.485	0.31218 	-0.173645 	0.537252 	0.163039 	-1.44241 	-0.224614 	
0.49	0.312229 	-0.173645 	0.537261 	0.163039 	-1.44241 	-0.224614 	
0.495	0.312278 	-0.173645 	0.53727 	0.163039 	-1.44241 	-0.224614 	
0.5	0.312329 	-0.173646 	0.537279 	0.163039 	-1.44241 	-0.224614 	
0.505	0.312316 	-0.173634 	0.53727 	0.161414 	-1.44127 	-0.222375 	
0.51	0.312367 	-0.173634 	0.537279 	0.161414 	-1.44127 	-0.222375 	
0.515	0.312418 	-0.173634 	0.537288 	0.161414 	-1.44127 	-0.222375 	
0.52	0.31247 	-0.173635 	0.537298 	0.161414 	-1.44127 	-0.222375 	
0.525	0.312522 	-0.173635 	0.537307 	0.161414 	-1.44127 	-0.222375 	
0.53	0.31251 	-0.173623 	0.537298 	0.159744 	-1.4401 	-0.220076 	
0.535	0.312563 	-0.173623 	0.537308 	0.159744 	-1.4401 	-0.220076 	
0.54	0.312617 	-0.173624 	0.537318 	0.159744 	-1.4401 	-0.220076 	
0.545	0.312671 	-0.173624 	0.537327 	0.159744 	-1.4401 	-0.220076 	
0.55	0.312725 	-0.173624 	0.537337 	0.159744 	-1.4401 	-0.220076 	
0.555	0.312713 	-0.173612 	0.537328 	0.158009 	-1.43888 	-0.217684 	
0.56	0.312768 	-0.173612 	0.537338 	0.158009 	-1.43888 	-0.217684 	
0.565	0.312824 	-0.173612 	0.537348 	0.158009 	-1.43888 	-0.217684 	
0.57	0.31288 	-0.173613 	0.537358 	0.158009 	-1.43888 	-0.217684 	
0.575	0.312936 	-0.173613 	0.537368 	0.158009 	-1.43888 	-0.217684 	
0.58	0.312923 	-0.1736 	0.537359 	0.156205 	-1.43762 	-0.2152 	
0.585	0.31298 	-0.1736 	0.537369 	0.156205 	-1.43762 	-0.2152 	
0.59	0.313038 	-0.173601 	0.537379 	0.156205 	-1.43762 	-0.2152 	
0.595	0.313096 	-0.173601 	0.53739 	0.156205 	-1.43762 	-0.2152 	
0.6	0.313155 	-0.173601 	0.537401 	0.156205 	-1.43762 	-0.2152 	
0.605	0.313141 	-0.173588 	0.53739 	0.154336 	-1.4363 	-0.212624 	
0.61	0.3132 	-0.173588 	0.537401 	0.154336 	-1.4363 	-0.212624 	
0.615	0.31326 	-0.173589 	0.537412 	0.154336 	-1.4363 	-0.212624 	
0.62	0.31332 	-0.173589 	0.537423 	0.154336 	-1.4363 	-0.212624 	
0.625	0.313319 	-0.173578 	0.537416 	0.152756 	-1.4352 	-0.210447 	
0.63	0.31338 	-0.173578 	0.537427 	0.152756 	-1.4352 	-0.210447 	
0.635	0.313441 	-0.173578 	0.537438 	0.152756 	-1.4352 	-0.210447 	
0.64	0.313503 	-0.173578 	0.53745 	0.152756 	-1.4352 	-0.210447 	
0.645	0.313503 	-0.173568 	0.537443 	0.151169 	-1.43408 	-0.208261 	
0.65	0.313565 	-0.173568 	0.537454 	0.151169 	-1.43408 	-0.208261 	
0.655	0.313628 	-0.173568 	0.537466 	0.151169 	-1.43408 	-0.208261 	
0.66	0.313691 	-0.173568 	0.537477 	0.151169 	-1.43408 	-0.208261 	
0.665	0.313691 	-0.173557 	0.537471 	0.149547 	-1.43295 	-0.206026 	
0.67	0.313755 	-0.173557 	0.537482 	0.149547 	-1.43295 	-0.206026 	
0.675	0.31382 	-0.173557 	0.537494 	0.149547 	-1.43295 	-0.206026 	
0.68	0.313884 	-0.173557 	0.537506 	0.149547 	-1.43295 	-0.206026 	
0.685	0.313885 	-0.173547 	0.537499 	0.147887 	-1.43178 	-0.203739 	
0.69	0.31395 	-0.173547 	0.537511 	0.147887 	-1.43178 	-0.203739 	
0.695	0.314016 	-0.173547 	0.537523 	0.147887 	-1.43178 	-0.203739 	
0.7	0.314082 	-0.173547 	0.537535 	0.147887 	-1.43178 	-0.203739 	
0.705	0.314082 	-0.173536 	0.537528 	0.146189 	-1.43059 	-0.201401 	
0.71	0.314149 	-0.173536 	0.53754 	0.146189 	-1.43059 	-0.201401 	
0.715	0.314216 	-0.173536 	0.537552 	0.14619 	-1.43059 	-0.201401 	
0.72	0.314283 	-0.173535 	0.537564 	0.14619 	-1.43059 	-0.201401 	
0.725	0.314283 	-0.173525 	0.537557 	0.144457 	-1.42938 	-0.199014 	
0.73	0.314352 	-0.173525 	0.53757 	0.144457 	-1.42938 	-0.199014 	
0.735	0.31442 	-0.173524 	0.537582 	0.144457 	-1.42938 	-0.199014 	
0.74	0.314489 	-0.173524 	0.537594 	0.144457 	-1.42938 	-0.199014 	
0.745	0.314489 	-0.173513 	0.537587 	0.142689 	-1.42814 	-0.196578 	
0.75	0.314559 	-0.173513 	0.5376 	0.142689 	-1.42814 	-0.196578 	
0.755	0.314628 	-0.173513 	0.537612 	0.142689 	-1.42814 	-0.196578 	
0.76	0.314699 	-0.173512 	0.537625 	0.142689 	-1.42814 	-0.196578 	
0.765	0.314698 	-0.173502 	0.537618 	0.140887 	-1.42688 	-0.194097 	
0.77	0.314769 	-0.173501 	0.537631 	0.140887 	-1.42688 	-0.194097 	
0.775	0.31484 	-0.173501 	0.537643 	0.140887 	-1.42688 	-0.194097 	
0.78	0.314912 	-0.173501 	0.537656 	0.140887 	-1.42688 	-0.194097 	
0.785	0.314912 	-0.17349 	0.537649 	0.139053 	-1.42559 	-0.19157 	
0.79	0.314984 	-0.17349 	0.537662 	0.139053 	-1.42559 	-0.19157 	
0.795	0.315056 	-0.173489 	0.537675 	0.139053 	-1.42559 	-0.19157 	
0.8	0.315129 	-0.173489 	0.537688 	0.139053 	-1.42559 	-0.19157 	
0.805	0.315128 	-0.173478 	0.537681 	0.137188 	-1.42428 	-0.189 	
0.81	0.315202 	-0.173477 	0.537694 	0.137188 	-1.42428 	-0.189 	
0.815	0.315275 	-0.173477 	0.537707 	0.137188 	-1.42428 	-0.189 	
0.82	0.315349 	-0.173476 	0.53772 	0.137188 	-1.42428 	-0.189 	
0.825	0.315349 	-0.173466 	0.537713 	0.135292 	-1.42295 	-0.186388 	
0.83	0.315423 	-0.173465 	0.537726 	0.135292 	-1.42295 	-0.186388 	
0.835	0.315498 	-0.173464 	0.53774 	0.135292 	-1.42295 	-0.186388 	
0.84	0.315573 	-0.173464 	0.537753 	0.135292 	-1.42295 	-0.186388 	
0.845	0.315572 	-0.173454 	0.537746 	0.133367 	-1.4216 	-0.183736 	
0.85	0.315648 	-0.173453 	0.537759 	0.133367 	-1.4216 	-0.183736 	
0.855	0.315724 	-0.173452 	0.537773 	0.133367 	-1.4216 	-0.183736 	
0.86	0.3158 	-0.173451 	0.537786 	0.133367 	-1.4216 	-0.183736 	
0.865	0.315799 	-0.173441 	0.537779 	0.131415 	-1.42023 	-0.181046 	
0.87	0.315876 	-0.17344 	0.537793 	0.131415 	-1.42023 	-0.181046 	
0.875	0.315953 	-0.173439 	0.537806 	0.131415 	-1.42023 	-0.181046 	
0.88	0.31603 	-0.173438 	0.53782 	0.131415 	-1.42023 	-0.181046 	
0.885	0.316029 	-0.173428 	0.537813 	0.129435 	-1.41885 	-0.178319 	
0.89	0.316107 	-0.173427 	0.537826 	0.129435 	-1.41885 	-0.178319 	
0.895	0.316185 	-0.173426 	0.53784 	0.129435 	-1.41885 	-0.178319 	
0.9	0.316263 	-0.173425 	0.537854 	0.129435 	-1.41885 	-0.178319 	
0.905	0.316262 	-0.173415 	0.537847 	0.127431 	-1.41744 	-0.175558 	
0.91	0.31634 	-0.173414 	0.537861 	0.127431 	-1.41744 	-0.175558 	
0.915	0.316419 	-0.173413 	0.537874 	0.127431 	-1.41744 	-0.175558 	
0.92	0.316436 	-0.173405 	0.537872 	0.12586 	-1.41634 	-0.173394 	
0.925	0.316516 	-0.173404 	0.537886 	0.12586 	-1.41634 	-0.173394 	
0.93	0.316595 	-0.173403 	0.5379 	0.12586 	-1.41634 	-0.173394 	
0.935	0.316675 	-0.173402 	0.537914 	0.12586 	-1.41634 	-0.173394 	
0.94	0.316676 	-0.173392 	0.537907 	0.12386 	-1.41494 	-0.170638 	
0.945	0.316756 	-0.173391 	0.537921 	0.12386 	-1.41494 	-0.170638 	
0.95	0.316836 	-0.17339 	0.537935 	0.12386 	-1.41494 	-0.170638 	
0.955	0.316854 	-0.173382 	0.537933 	0.122263 	-1.41382 	-0.168439 	
0.96	0.316935 	-0.173381 	0.537947 	0.122263 	-1.41382 	-0.168439 	
0.965	0.317016 	-0.173379 	0.537961 	0.122263 	-1.41382 	-0.168439 	
0.97	0.317035 	-0.173372 	0.537959 	0.120697 	-1.41272 	-0.166281 	
0.975	0.317116 	-0.173371 	0.537974 	0.120697 	-1.41272 	-0.166281 	
0.98	0.317198 	-0.173369 	0.537988 	0.120697 	-1.41272 	-0.166281 	
0.985	0.317217 	-0.173362 	0.537986 	0.119124 	-1.41162 	-0.164114 	
0.99	0.317299 	-0.17336 	0.538 	0.119124 	-1.41162 	-0.164114 	
0.995	0.317381 	-0.173359 	0.538015 	0.119124 	-1.41162 	-0.164114 	
1	0.317401 	-0.173352 	0.538013 	0.117541 	-1.41051 	-0.161933 	
1.005	0.317483 	-0.17335 	0.538027 	0.117541 	-1.41051 	-0.161933 	
1.01	0.317566 	-0.173348 	0.538042 	0.117541 	-1.41051 	-0.161933 	
1.015	0.317586 	-0.173342 	0.53804 	0.115948 	-1.40939 	-0.159739 	
1.02	0.317669 	-0.17334 	0.538054 	0.115948 	-1.40939 	-0.159739 	
1.025	0.317752 	-0.173338 	0.538069 	0.115948 	-1.40939 	-0.159739 	
1.03	0.317772 	-0.173331 	0.538067 	0.114346 	-1.40827 	-0.157531 	
1.035	0.317855 	-0.17333 	0.538082 	0.114346 	-1.40827 	-0.157531 	
1.04	0.317939 	-0.173328 	0.538096 	0.114346 	-1.40827 	-0.157531 	
1.045	0.317959 	-0.173321 	0.538094 	0.112734 	-1.40714 	-0.155311 	
1.05	0.318043 	-0.173319 	0.538109 	0.112734 	-1.40714 	-0.155311 	
1.055	0.318127 	-0.173317 	0.538124 	0.112734 	-1.40714 	-0.155311 	
1.06	0.318147 	-0.173311 	0.538122 	0.111114 	-1.406 	-0.153079 	
1.065	0.318231 	-0.173309 	0.538137 	0.111114 	-1.406 	-0.153079 	
1.07	0.318315 	-0.173306 	0.538151 	0.111114 	-1.406 	-0.153079 	
1.075	0.318335 	-0.1733 	0.538149 	0.109486 	-1.40486 	-0.150836 	
1.08	0.31842 	-0.173298 	0.538164 	0.109486 	-1.40486 	-0.150836 	
1.085	0.318505 	-0.173296 	0.538179 	0.109486 	-1.40486 	-0.150836 	
1.09	0.318525 	-0.17329 	0.538177 	0.107852 	-1.40371 	-0.148584 	
1.095	0.31861 	-0.173287 	0.538192 	0.107852 	-1.40371 	-0.148584 	
1.1	0.318695 	-0.173285 	0.538207 	0.107852 	-1.40371 	-0.148584 	
1.105	0.318715 	-0.173279 	0.538205 	0.10621 	-1.40256 	-0.146323 	
1.11	0.318801 	-0.173277 	0.53822 	0.10621 	-1.40256 	-0.146323 	
1.115	0.318886 	-0.173274 	0.538235 	0.10621 	-1.40256 	-0.146323 	
1.12	0.318907 	-0.173269 	0.538233 	0.104562 	-1.40141 	-0.144053 	
1.125	0.318992 	-0.173266 	0.538248 	0.104562 	-1.40141 	-0.144053 	
1.13	0.319078 	-0.173263 	0.538263 	0.104562 	-1.40141 	-0.144053 	
1.135	0.319098 	-0.173258 	0.538261 	0.102909 	-1.40025 	-0.141775 	
1.14	0.319184 	-0.173255 	0.538276 	0.102909 	-1.40025 	-0.141775 	
1.145	0.31927 	-0.173253 	0.538291 	0.102909 	-1.40025 	-0.141775 	
1.15	0.319291 	-0.173247 	0.538289 	0.101251 	-1.39909 	-0.139491 	
1.155	0.319377 	-0.173245 	0.538304 	0.101251 	-1.39909 	-0.139491 	
1.16	0.319463 	-0.173242 	0.538319 	0.101251 	-1.39909 	-0.139491 	
1.165	0.319483 	-0.173237 	0.538317 	0.0995891 	-1.39792 	-0.137201 	
1.17	0.31957 	-0.173234 	0.538332 	0.0995891 	-1.39792 	-0.137201 	
1.175	0.319656 	-0.173231 	0.538347 	0.0995891 	-1.39792 	-0.137201 	
1.18	0.319677 	-0.173226 	0.538345 	0.0979231 	-1.39675 	-0.134906 	
1.185	0.319763 	-0.173223 	0.53836 	0.0979231 	-1.39675 	-0.134906 	
1.19	0.31985 	-0.17322 	0.538375 	0.0979231 	-1.39675 	-0.134906 	
1.195	0.31987 	-0.173215 	0.538374 	0.096254 	-1.39558 	-0.132606 	
1.2	0.319957 	-0.173212 	0.538389 	0.096254 	-1.39558 	-0.132606 	
1.205	0.320044 	-0.173209 	0.538404 	0.096254 	-1.39558 	-0.132606 	
1.21	0.320064 	-0.173205 	0.538402 	0.0945823 	-1.39441 	-0.130303 	
1.215	0.320151 	-0.173201 	0.538417 	0.0945823 	-1.39441 	-0.130303 	
1.22	0.320238 	-0.173198 	0.538432 	0.0945823 	-1.39441 	-0.130303 	
1.225	0.320258 	-0.173194 	0.53843 	0.0929087 	-1.39324 	-0.127998 	
1.23	0.320345 	-0.17319 	0.538445 	0.0929087 	-1.39324 	-0.127998 	
1.235	0.320432 	-0.173187 	0.53846 	0.0929087 	-1.39324 	-0.127998 	
1.24	0.320452 	-0.173183 	0.538459 	0.0912338 	-1.39206 	-0.12569 	
1.245	0.320539 	-0.17318 	0.538474 	0.0912338 	-1.39206 	-0.12569 	
1.25	0.320626 	-0.173176 	0.538489 	0.0912338 	-1.39206 	-0.12569 	
1.255	0.320646 	-0.173172 	0.538487 	0.089558 	-1.39089 	-0.123382 	
1.26	0.320733 	-0.173169 	0.538502 	0.089558 	-1.39089 	-0.123382 	
1.265	0.32082 	-0.173165 	0.538517 	0.089558 	-1.39089 	-0.123382 	
1.27	0.320841 	-0.173161 	0.538516 	0.0878822 	-1.38971 	-0.121073 	
1.275	0.320928 	-0.173158 	0.53853 	0.0878822 	-1.38971 	-0.121073 	
1.28	0.321015 	-0.173154 	0.538545 	0.0878822 	-1.38971 	-0.121073 	
1.285	0.321035 	-0.173151 	0.538544 	0.0862067 	-1.38854 	-0.118765 	
1.29	0.321122 	-0.173147 	0.538559 	0.0862067 	-1.38854 	-0.118765 	
1.295	0.321209 	-0.173143 	0.538574 	0.0862067 	-1.38854 	-0.118765 	
1.3	0.321229 	-0.17314 	0.538572 	0.0845323 	-1.38736 	-0.116458 	
1.305	0.321316 	-0.173136 	0.538587 	0.0845323 	-1.38736 	-0.116458 	
1.31	0.321403 	-0.173132 	0.538602 	0.0845323 	-1.38736 	-0.116458 	
1.315	0.321423 	-0.173129 	0.538601 	0.0828595 	-1.38619 	-0.114153 	
1.32	0.32151 	-0.173125 	0.538615 	0.0828595 	-1.38619 	-0.114153 	
1.325	0.321596 	-0.173121 	0.53863 	0.0828595 	-1.38619 	-0.114153 	
1.33	0.321617 	-0.173119 	0.538629 	0.0811889 	-1.38502 	-0.111852 	
1.335	0.321703 	-0.173115 	0.538644 	0.0811889 	-1.38502 	-0.111852 	
1.34	0.32179 	-0.173111 	0.538658 	0.0811889 	-1.38502 	-0.111852 	
1.345	0.32181 	-0.173108 	0.538657 	0.079521 	-1.38385 	-0.109554 	
1.35	0.321896 	-0.173104 	0.538672 	0.079521 	-1.38385 	-0.109554 	
1.355	0.321983 	-0.1731 	0.538686 	0.079521 	-1.38385 	-0.109554 	
1.36	0.322003 	-0.173097 	0.538685 	0.0778566 	-1.38268 	-0.107261 	
1.365	0.322089 	-0.173093 	0.5387 	0.0778566 	-1.38268 	-0.107261 	
1.37	0.322175 	-0.173089 	0.538715 	0.0778566 	-1.38268 	-0.107261 	
1.375	0.322195 	-0.173086 	0.538714 	0.0761961 	-1.38152 	-0.104973 	
1.38	0.322281 	-0.173082 	0.538728 	0.0761961 	-1.38152 	-0.104973 	
1.385	0.322367 	-0.173078 	0.538742 	0.0761961 	-1.38152 	-0.104973 	
1.39	0.322387 	-0.173076 	0.538742 	0.0745402 	-1.38036 	-0.102692 	
1.395	0.322473 	-0.173072 	0.538756 	0.0745403 	-1.38036 	-0.102692 	
1.4	0.322559 	-0.173067 	0.53877 	0.0745403 	-1.38036 	-0.102692 	
1.405	0.322578 	-0.173065 	0.53877 	0.0728895 	-1.3792 	-0.100418 	
1.41	0.322664 	-0.173061 	0.538784 	0.0728895 	-1.3792 	-0.100418 	
1.415	0.322749 	-0.173056 	0.538798 	0.0728895 	-1.3792 	-0.100418 	
1.42	0.322769 	-0.173055 	0.538797 	0.0712445 	-1.37805 	-0.0981515 	
1.425	0.322854 	-0.17305 	0.538812 	0.0712445 	-1.37805 	-0.0981515 	
1.43	0.322939 	-0.173046 	0.538826 	0.0712445 	-1.37805 	-0.0981515 	
1.435	0.322959 	-0.173044 	0.538825 	0.0696058 	-1.3769 	-0.0958939 	
1.44	0.323044 	-0.17304 	0.538839 	0.0696058 	-1.3769 	-0.0958939 	
1.445	0.323128 	-0.173035 	0.538853 	0.0696058 	-1.3769 	-0.0958939 	
1.45	0.323148 	-0.173034 	0.538853 	0.067974 	-1.37576 	-0.0936458 	
1.455	0.323232 	-0.173029 	0.538867 	0.067974 	-1.37576 	-0.0936458 	
1.46	0.323317 	-0.173024 	0.538881 	0.067974 	-1.37576 	-0.0936458 	
1.465	0.323336 	-0.173023 	0.53888 	0.0663496 	-1.37462 	-0.091408 	
1.47	0.32342 	-0.173019 	0.538894 	0.0663496 	-1.37462 	-0.091408 	
1.475	0.323504 	-0.173014 	0.538908 	0.0663496 	-1.37462 	-0.091408 	
1.48	0.323523 	-0.173013 	0.538908 	0.0647333 	-1.37348 	-0.0891813 	
1.485	0.323607 	-0.173008 	0.538922 	0.0647333 	-1.37348 	-0.0891813 	
1.49	0.32369 	-0.173003 	0.538935 	0.0647333 	-1.37348 	-0.0891813 	
1.495	0.323709 	-0.173003 	0.538935 	0.0631257 	-1.37236 	-0.0869665 	
1.5	0.323793 	-0.172998 	0.538949 	0.0631257 	-1.37236 	-0.0869665 	
1.505	0.323876 	-0.172993 	0.538962 	0.0631257 	-1.37236 	-0.0869665 	
1.51	0.323895 	-0.172992 	0.538962 	0.0615272 	-1.37124 	-0.0847643 	
1.515	0.323977 	-0.172987 	0.538976 	0.0615272 	-1.37124 	-0.0847643 	
1.52	0.32406 	-0.172983 	0.538989 	0.0615272 	-1.37124 	-0.0847643 	
1.525	0.324079 	-0.172982 	0.538989 	0.0599385 	-1.37012 	-0.0825755 	
1.53	0.324161 	-0.172977 	0.539002 	0.0599385 	-1.37012 	-0.0825755 	
1.535	0.324243 	-0.172972 	0.539016 	0.0599385 	-1.37012 	-0.0825755 	
1.54	0.324261 	-0.172972 	0.539015 	0.05836 	-1.36902 	-0.080401 	
1.545	0.324343 	-0.172967 	0.539029 	0.05836 	-1.36902 	-0.080401 	
1.55	0.324424 	-0.172962 	0.539042 	0.05836 	-1.36902 	-0.080401 	
1.555	0.324443 	-0.172962 	0.539042 	0.0567925 	-1.36792 	-0.0782414 	
1.56	0.324524 	-0.172957 	0.539055 	0.0567925 	-1.36792 	-0.0782414 	
1.565	0.324605 	-0.172952 	0.539069 	0.0567925 	-1.36792 	-0.0782414 	
1.57	0.324623 	-0.172952 	0.539068 	0.0552364 	-1.36683 	-0.0760976 	
1.575	0.324703 	-0.172947 	0.539082 	0.0552364 	-1.36683 	-0.0760976 	
1.58	0.324784 	-0.172942 	0.539095 	0.0552364 	-1.36683 	-0.0760976 	
1.585	0.324802 	-0.172942 	0.539094 	0.0536923 	-1.36574 	-0.0739703 	
1.59	0.324882 	-0.172937 	0.539108 	0.0536923 	-1.36574 	-0.0739703 	
1.595	0.324961 	-0.172932 	0.539121 	0.0536923 	-1.36574 	-0.0739703 	
1.6	0.324979 	-0.172932 	0.53912 	0.0521607 	-1.36467 	-0.0718603 	
1.605	0.325058 	-0.172927 	0.539133 	0.0521607 	-1.36467 	-0.0718603 	
1.61	0.325137 	-0.172922 	0.539146 	0.0521607 	-1.36467 	-0.0718603 	
1.615	0.325216 	-0.172917 	0.539159 	0.0521607 	-1.36467 	-0.0718603 	
1.62	0.325215 	-0.172919 	0.539155 	0.0501909 	-1.36329 	-0.0691465 	
1.625	0.325293 	-0.172914 	0.539168 	0.0501909 	-1.36329 	-0.0691465 	
1.63	0.325371 	-0.172909 	0.539181 	0.0501909 	-1.36329 	-0.0691465 	
1.635	0.325387 	-0.17291 	0.53918 	0.048644 	-1.3622 	-0.0670154 	
1.64	0.325465 	-0.172904 	0.539193 	0.048644 	-1.3622 	-0.0670154 	
1.645	0.325542 	-0.172899 	0.539205 	0.048644 	-1.3622 	-0.0670154 	
1.65	0.325618 	-0.172894 	0.539218 	0.048644 	-1.3622 	-0.0670154 	
1.655	0.325618 	-0.172897 	0.539214 	0.0467121 	-1.36085 	-0.0643537 	
1.66	0.325694 	-0.172891 	0.539226 	0.0467121 	-1.36085 	-0.0643537 	
1.665	0.32577 	-0.172886 	0.539239 	0.0467121 	-1.36085 	-0.0643537 	
1.67	0.325846 	-0.172881 	0.539251 	0.0467121 	-1.36085 	-0.0643537 	
1.675	0.325844 	-0.172884 	0.539247 	0.0447648 	-1.35948 	-0.061671 	
1.68	0.325919 	-0.172879 	0.539259 	0.0447648 	-1.35948 	-0.061671 	
1.685	0.325994 	-0.172874 	0.539271 	0.0447648 	-1.35948 	-0.061671 	
1.69	0.326069 	-0.172868 	0.539284 	0.0447648 	-1.35948 	-0.061671 	
1.695	0.326067 	-0.172872 	0.539279 	0.0428411 	-1.35813 	-0.0590208 	
1.7	0.326141 	-0.172867 	0.539291 	0.0428411 	-1.35813 	-0.0590208 	
1.705	0.326214 	-0.172861 	0.539303 	0.0428411 	-1.35813 	-0.0590208 	
1.71	0.326288 	-0.172856 	0.539315 	0.0428411 	-1.35813 	-0.0590208 	
1.715	0.326286 	-0.17286 	0.539311 	0.040946 	-1.35681 	-0.05641 	
1.72	0.326359 	-0.172854 	0.539323 	0.040946 	-1.35681 	-0.05641 	
1.725	0.326431 	-0.172849 	0.539335 	0.040946 	-1.35681 	-0.05641 	
1.73	0.326504 	-0.172844 	0.539347 	0.040946 	-1.35681 	-0.05641 	
1.735	0.326501 	-0.172848 	0.539343 	0.0390812 	-1.3555 	-0.0538409 	
1.74	0.326573 	-0.172843 	0.539355 	0.0390812 	-1.3555 	-0.0538409 	
1.745	0.326645 	-0.172837 	0.539366 	0.0390812 	-1.3555 	-0.0538409 	
1.75	0.326716 	-0.172832 	0.539378 	0.0390812 	-1.3555 	-0.0538409 	
1.755	0.326713 	-0.172836 	0.539374 	0.0372479 	-1.35421 	-0.0513152 	
1.76	0.326784 	-0.172831 	0.539385 	0.0372479 	-1.35421 	-0.0513152 	
1.765	0.326854 	-0.172825 	0.539397 	0.0372479 	-1.35421 	-0.0513152 	
1.77	0.326924 	-0.17282 	0.539408 	0.0372479 	-1.35421 	-0.0513152 	
1.775	0.326922 	-0.172825 	0.539404 	0.0354471 	-1.35295 	-0.0488343 	
1.78	0.326991 	-0.172819 	0.539415 	0.0354471 	-1.35295 	-0.0488343 	
1.785	0.32706 	-0.172814 	0.539427 	0.0354471 	-1.35295 	-0.0488343 	
1.79	0.327128 	-0.172809 	0.539438 	0.0354471 	-1.35295 	-0.0488343 	
1.795	0.327126 	-0.172813 	0.539434 	0.0336801 	-1.35171 	-0.0464 	
1.8	0.327194 	-0.172808 	0.539445 	0.0336801 	-1.35171 	-0.0464 	
1.805	0.327261 	-0.172803 	0.539456 	0.0336801 	-1.35171 	-0.0464 	
1.81	0.327328 	-0.172797 	0.539467 	0.0336801 	-1.35171 	-0.0464 	
1.815	0.327326 	-0.172802 	0.539463 	0.031948 	-1.3505 	-0.0440137 	
1.82	0.327392 	-0.172797 	0.539474 	0.031948 	-1.3505 	-0.0440137 	
1.825	0.327458 	-0.172792 	0.539485 	0.031948 	-1.3505 	-0.0440137 	
1.83	0.327524 	-0.172786 	0.539495 	0.031948 	-1.3505 	-0.0440137 	
1.835	0.327522 	-0.172791 	0.539492 	0.0302518 	-1.34931 	-0.0416769 	
1.84	0.327587 	-0.172786 	0.539502 	0.0302518 	-1.34931 	-0.0416769 	
1.845	0.327652 	-0.172781 	0.539513 	0.0302518 	-1.34931 	-0.0416769 	
1.85	0.327716 	-0.172776 	0.539523 	0.0302518 	-1.34931 	-0.0416769 	
1.855	0.327714 	-0.172781 	0.53952 	0.0285926 	-1.34814 	-0.0393911 	
1.86	0.327777 	-0.172776 	0.53953 	0.0285926 	-1.34814 	-0.0393911 	
1.865	0.32784 	-0.17277 	0.53954 	0.0285926 	-1.34814 	-0.0393911 	
1.87	0.327903 	-0.172765 	0.53955 	0.0285926 	-1.34814 	-0.0393911 	
1.875	0.327901 	-0.17277 	0.539547 	0.0269715 	-1.34701 	-0.0371577 	
1.88	0.327963 	-0.172765 	0.539557 	0.0269715 	-1.34701 	-0.0371577 	
1.885	0.328025 	-0.17276 	0.539567 	0.0269715 	-1.34701 	-0.0371577 	
1.89	0.328086 	-0.172755 	0.539577 	0.0269715 	-1.34701 	-0.0371577 	
1.895	0.328084 	-0.17276 	0.539574 	0.0253894 	-1.3459 	-0.0349782 	
1.9	0.328144 	-0.172755 	0.539584 	0.0253894 	-1.3459 	-0.0349782 	
1.905	0.328204 	-0.17275 	0.539593 	0.0253894 	-1.3459 	-0.0349782 	
1.91	0.328264 	-0.172745 	0.539603 	0.0253894 	-1.3459 	-0.0349782 	
1.915	0.328262 	-0.17275 	0.5396 	0.0238475 	-1.34482 	-0.0328539 	
1.92	0.328321 	-0.172745 	0.539609 	0.0238475 	-1.34482 	-0.0328539 	
1.925	0.328379 	-0.17274 	0.539619 	0.0238475 	-1.34482 	-0.0328539 	
1.93	0.328437 	-0.172736 	0.539628 	0.0238475 	-1.34482 	-0.0328539 	
1.935	0.328495 	-0.172731 	0.539637 	0.0238475 	-1.34482 	-0.0328539 	
1.94	0.328479 	-0.172738 	0.539632 	0.0220167 	-1.34353 	-0.0303316 	
1.945	0.328536 	-0.172733 	0.539641 	0.0220167 	-1.34353 	-0.0303316 	
1.95	0.328592 	-0.172728 	0.53965 	0.0220167 	-1.34353 	-0.0303316 	
1.955	0.328648 	-0.172724 	0.539659 	0.0220167 	-1.34353 	-0.0303316 	
1.96	0.328704 	-0.172719 	0.539668 	0.0220167 	-1.34353 	-0.0303316 	
1.965	0.328687 	-0.172727 	0.539662 	0.0202156 	-1.34227 	-0.0278503 	
1.97	0.328742 	-0.172722 	0.539671 	0.0202156 	-1.34227 	-0.0278503 	
1.975	0.328796 	-0.172717 	0.53968 	0.0202156 	-1.34227 	-0.0278503 	
1.98	0.32885 	-0.172712 	0.539688 	0.0202156 	-1.34227 	-0.0278503 	
1.985	0.328903 	-0.172708 	0.539697 	0.0202156 	-1.34227 	-0.0278503 	
1.99	0.328888 	-0.172716 	0.539692 	0.0184786 	-1.34105 	-0.0254573 	
1.995	0.32894 	-0.172711 	0.5397 	0.0184786 	-1.34105 	-0.0254573 	
2	0.328992 	-0.172706 	0.539708 	0.0184786 	-1.34105 	-0.0254573 	
2.005	0.329044 	-0.172702 	0.539716 	0.0184786 	-1.34105 	-0.0254573 	
2.01	0.329095 	-0.172697 	0.539724 	0.0184786 	-1.34105 	-0.0254573 	
2.015	0.32908 	-0.172705 	0.53972 	0.0168106 	-1.33988 	-0.0231593 	
2.02	0.32913 	-0.172701 	0.539728 	0.0168106 	-1.33988 	-0.0231593 	
2.025	0.32918 	-0.172696 	0.539736 	0.0168106 	-1.33988 	-0.0231593 	
2.03	0.329229 	-0.172692 	0.539743 	0.0168106 	-1.33988 	-0.0231593 	
2.035	0.329278 	-0.172687 	0.539751 	0.0168106 	-1.33988 	-0.0231593 	
2.04	0.329264 	-0.172695 	0.539747 	0.0152136 	-1.33876 	-0.0209592 	
2.045	0.329312 	-0.172691 	0.539754 	0.0152136 	-1.33876 	-0.0209592 	
2.05	0.329359 	-0.172686 	0.539762 	0.0152136 	-1.33876 	-0.0209592 	
2.055	0.329407 	-0.172682 	0.539769 	0.0152136 	-1.33876 	-0.0209592 	
2.06	0.329453 	-0.172678 	0.539776 	0.0152136 	-1.33876 	-0.0209592 	
2.065	0.329439 	-0.172685 	0.539772 	0.0136892 	-1.3377 	-0.0188591 	
2.07	0.329485 	-0.172681 	0.539779 	0.0136892 	-1.3377 	-0.0188591 	
2.075	0.32953 	-0.172677 	0.539787 	0.0136892 	-1.3377 	-0.0188591 	
2.08	0.329575 	-0.172673 	0.539794 	0.0136892 	-1.3377 	-0.0188591 	
2.085	0.329619 	-0.172669 	0.539801 	0.0136892 	-1.3377 	-0.0188591 	
2.09	0.329663 	-0.172665 	0.539808 	0.0136892 	-1.3377 	-0.0188591 	
2.095	0.32964 	-0.172674 	0.539801 	0.0119882 	-1.3365 	-0.0165156 	
2.1	0.329682 	-0.17267 	0.539808 	0.0119882 	-1.3365 	-0.0165156 	
2.105	0.329725 	-0.172666 	0.539815 	0.0119882 	-1.3365 	-0.0165156 	
2.11	0.329767 	-0.172662 	0.539822 	0.0119882 	-1.3365 	-0.0165156 	
2.115	0.329808 	-0.172658 	0.539828 	0.0119882 	-1.3365 	-0.0165156 	
2.12	0.329849 	-0.172654 	0.539835 	0.0119882 	-1.3365 	-0.0165156 	
2.125	0.329826 	-0.172664 	0.539829 	0.0103673 	-1.33537 	-0.0142826 	
2.13	0.329866 	-0.17266 	0.539835 	0.0103673 	-1.33537 	-0.0142826 	
2.135	0.329906 	-0.172656 	0.539841 	0.0103673 	-1.33537 	-0.0142826 	
2.14	0.329945 	-0.172653 	0.539847 	0.0103673 	-1.33537 	-0.0142826 	
2.145	0.329983 	-0.172649 	0.539853 	0.0103673 	-1.33537 	-0.0142826 	
2.15	0.330022 	-0.172645 	0.539859 	0.0103673 	-1.33537 	-0.0142826 	
2.155	0.329999 	-0.172654 	0.539854 	0.00885485 	-1.33431 	-0.0121989 	
2.16	0.330037 	-0.172651 	0.53986 	0.00885485 	-1.33431 	-0.0121989 	
2.165	0.330073 	-0.172647 	0.539866 	0.00885485 	-1.33431 	-0.0121989 	
2.17	0.330109 	-0.172644 	0.539871 	0.00885485 	-1.33431 	-0.0121989 	
2.175	0.330145 	-0.17264 	0.539877 	0.00885485 	-1.33431 	-0.0121989 	
2.18	0.33018 	-0.172637 	0.539882 	0.00885485 	-1.33431 	-0.0121989 	
2.185	0.330215 	-0.172634 	0.539888 	0.00885485 	-1.33431 	-0.0121989 	
2.19	0.330186 	-0.172644 	0.539881 	0.00725833 	-1.33319 	-0.00999944 	
2.195	0.33022 	-0.172641 	0.539887 	0.00725833 	-1.33319 	-0.00999944 	
2.2	0.330253 	-0.172637 	0.539892 	0.00725833 	-1.33319 	-0.00999944 	
2.205	0.330286 	-0.172634 	0.539897 	0.00725833 	-1.33319 	-0.00999944 	
2.21	0.330318 	-0.172631 	0.539902 	0.00725833 	-1.33319 	-0.00999944 	
2.215	0.330349 	-0.172628 	0.539907 	0.00725833 	-1.33319 	-0.00999944 	
2.22	0.33038 	-0.172625 	0.539912 	0.00725833 	-1.33319 	-0.00999944 	
2.225	0.330411 	-0.172622 	0.539917 	0.00725833 	-1.33319 	-0.00999944 	
2.23	0.330377 	-0.172633 	0.539909 	0.00562105 	-1.33204 	-0.00774379 	
2.235	0.330406 	-0.17263 	0.539914 	0.00562105 	-1.33204 	-0.00774379 	
2.24	0.330435 	-0.172628 	0.539918 	0.00562105 	-1.33204 	-0.00774379 	
2.245	0.330464 	-0.172625 	0.539923 	0.00562105 	-1.33204 	-0.00774379 	
2.25	0.330492 	-0.172622 	0.539927 	0.00562105 	-1.33204 	-0.00774379 	
2.255	0.330519 	-0.172619 	0.539932 	0.00562105 	-1.33204 	-0.00774379 	
2.26	0.330546 	-0.172617 	0.539936 	0.00562105 	-1.33204 	-0.00774379 	
2.265	0.330573 	-0.172614 	0.53994 	0.00562105 	-1.33204 	-0.00774379 	
2.27	0.330599 	-0.172611 	0.539944 	0.00562105 	-1.33204 	-0.00774379 	
2.275	0.330561 	-0.172623 	0.539936 	0.00402136 	-1.33092 	-0.00553994 	
2.28	0.330586 	-0.172621 	0.53994 	0.00402136 	-1.33092 	-0.00553994 	
2.285	0.330611 	-0.172618 	0.539944 	0.00402136 	-1.33092 	-0.00553994 	
2.29	0.330635 	-0.172616 	0.539948 	0.00402136 	-1.33092 	-0.00553994 	
2.295	0.330658 	-0.172613 	0.539951 	0.00402136 	-1.33092 	-0.00553994 	
2.3	0.330681 	-0.172611 	0.539955 	0.00402136 	-1.33092 	-0.00553994 	
2.305	0.330703 	-0.172609 	0.539958 	0.00402136 	-1.33092 	-0.00553994 	
2.31	0.330725 	-0.172607 	0.539962 	0.00402136 	-1.33092 	-0.00553994 	
2.315	0.330746 	-0.172605 	0.539965 	0.00402136 	-1.33092 	-0.00553994 	
2.32	0.330767 	-0.172603 	0.539968 	0.00402136 	-1.33092 	-0.00553994 	
2.325	0.330787 	-0.172601 	0.539971 	0.00402136 	-1.33092 	-0.00553994 	
2.33	0.330745 	-0.172613 	0.539963 	0.00243857 	-1.32981 	-0.00335937 	
2.335	0.330764 	-0.172611 	0.539966 	0.00243857 	-1.32981 	-0.00335937 	
2.34	0.330782 	-0.172609 	0.539969 	0.00243857 	-1.32981 	-0.00335937 	
2.345	0.330801 	-0.172607 	0.539972 	0.00243857 	-1.32981 	-0.00335937 	
2.35	0.330818 	-0.172606 	0.539974 	0.00243857 	-1.32981 	-0.00335937 	
2.355	0.330835 	-0.172604 	0.539977 	0.00243857 	-1.32981 	-0.00335937 	
2.36	0.330852 	-0.172602 	0.53998 	0.00243857 	-1.32981 	-0.00335937 	
2.365	0.330868 	-0.172601 	0.539982 	0.00243857 	-1.32981 	-0.00335937 	
2.37	0.330883 	-0.172599 	0.539985 	0.00243857 	-1.32981 	-0.00335937 	
2.375	0.330898 	-0.172598 	0.539987 	0.00243857 	-1.32981 	-0.00335937 	
2.38	0.330912 	-0.172596 	0.539989 	0.00243857 	-1.32981 	-0.00335937 	
2.385	0.330926 	-0.172595 	0.539991 	0.00243857 	-1.32981 	-0.00335937 	
2.39	0.330939 	-0.172593 	0.539993 	0.00243857 	-1.32981 	-0.00335937 	
2.395	0.330952 	-0.172592 	0.539995 	0.00243857 	-1.32981 	-0.00335937 	
2.4	0.330964 	-0.172591 	0.539997 	0.00243857 	-1.32981 	-0.00335937 	
2.405	0.330976 	-0.17259 	0.539999 	0.00243857 	-1.32981 	-0.00335937 	
2.41	0.330926 	-0.172603 	0.539989 	0.000875621 	-1.32871 	-0.00120614 	
2.415	0.330936 	-0.172602 	0.539991 	0.000875621 	-1.32871 	-0.00120614 	
2.42	0.330946 	-0.172601 	0.539993 	0.000875621 	-1.32871 	-0.00120614 	
2.425	0.330955 	-0.1726 	0.539994 	0.000875621 	-1.32871 	-0.00120614 	
2.43	0.330965 	-0.172599 	0.539995 	0.000875621 	-1.32871 	-0.00120614 	
2.435	0.330972 	-0.172598 	0.539997 	0.000875621 	-1.32871 	-0.00120614 	
2.44	0.33098 	-0.172597 	0.539998 	0.000875621 	-1.32871 	-0.00120614 	
2.445	0.330988 	-0.172597 	0.539999 	0.000875621 	-1.32871 	-0.00120614 	
2.45	0.330994 	-0.172596 	0.54 	0.000875621 	-1.32871 	-0.00120614 	
2.455	0.331001 	-0.172595 	0.540001 	0.000875621 	-1.32871 	-0.00120614 	
2.46	0.331007 	-0.172595 	0.540002 	0.000875621 	-1.32871 	-0.00120614 	
2.465	0.331012 	-0.172594 	0.540003 	0.000875621 	-1.32871 	-0.00120614 	
2.47	0.331016 	-0.172594 	0.540004 	0.000875621 	-1.32871 	-0.00120614 	
2.475	0.331021 	-0.172593 	0.540004 	0.000875621 	-1.32871 	-0.00120614 	
2.48	0.331024 	-0.172593 	0.540005 	0.000875621 	-1.32871 	-0.00120614 	
2.485	0.331027 	-0.172593 	0.540005 	0.000875621 	-1.32871 	-0.00120614 	
2.49	0.33103 	-0.172592 	0.540006 	0.000875621 	-1.32871 	-0.00120614 	
2.495	0.331032 	-0.172592 	0.540006 	0.000875621 	-1.32871 	-0.00120614 	
2.5	0.331033 	-0.172592 	0.540006 	0.000875621 	-1.32871 	-0.00120614 	
2.505	0.331033 	-0.172592 	0.540006 	0.000875621 	-1.32871 	-0.00120614 	
2.51	0.331034 	-0.172592 	0.540006 	0.000875621 	-1.32871 	-0.00120614 	
2.515	0.331036 	-0.17259 	0.540006 	0.000875621 	-1.32871 	-0.00120614 	
2.52	0.331036 	-0.17259 	0.540006 	0.000875621 	-1.32871 	-0.00120614 	
2.525	0.331036 	-0.17259 	0.540005 	0.000875621 	-1.32871 	-0.00120614 	
2.53	0.331036 	-0.17259 	0.540004 	0.000875621 	-1.32871 	-0.00120614 	
2.535	0.331036 	-0.172589 	0.540003 	0.000875621 	-1.32871 	-0.00120614 	
2.54	0.331037 	-0.172589 	0.540001 	0.000875621 	-1.32871 	-0.00120614 	
2.545	0.331034 	-0.172591 	0.539999 	0.000875621 	-1.32871 	-0.00120614 	
2.55	0.331034 	-0.172591 	0.539997 	0.000875621 	-1.32871 	-0.00120614 	
2.555	0.331034 	-0.17259 	0.539995 	0.000875621 	-1.32871 	-0.00120614 	
2.56	0.331035 	-0.172589 	0.539992 	0.000875621 	-1.32871 	-0.00120614 	
2.565	0.331035 	-0.172588 	0.539989 	0.000875622 	-1.32871 	-0.00120614 	
2.57	0.331035 	-0.172587 	0.539985 	0.000875622 	-1.32871 	-0.00120614 	
2.575	0.331036 	-0.172586 	0.539982 	0.000875622 	-1.32871 	-0.00120614 	
2.58	0.331036 	-0.172584 	0.539978 	0.000875622 	-1.32871 	-0.00120614 	
2.585	0.331037 	-0.172583 	0.539974 	0.000875623 	-1.32871 	-0.00120615 	
2.59	0.331038 	-0.172582 	0.539969 	0.000875623 	-1.32871 	-0.00120615 	
2.595	0.331038 	-0.17258 	0.539964 	0.000875624 	-1.32871 	-0.00120615 	
2.6	0.331039 	-0.172579 	0.539959 	0.000875624 	-1.32871 	-0.00120615 	
2.605	0.33104 	-0.172577 	0.539954 	0.000875625 	-1.32871 	-0.00120615 	
2.61	0.33104 	-0.172575 	0.539948 	0.000875626 	-1.32871 	-0.00120615 	
2.615	0.331041 	-0.172573 	0.539942 	0.000875626 	-1.32871 	-0.00120615 	
2.62	0.331042 	-0.172571 	0.539936 	0.000875627 	-1.32871 	-0.00120615 	
2.625	0.331043 	-0.172569 	0.539929 	0.000875628 	-1.32871 	-0.00120615 	
2.63	0.331044 	-0.172567 	0.539922 	0.000875629 	-1.32871 	-0.00120615 	
2.635	0.331045 	-0.172565 	0.539915 	0.00087563 	-1.32871 	-0.00120615 	
2.64	0.331046 	-0.172562 	0.539908 	0.000875632 	-1.32871 	-0.00120615 	
2.645	0.331047 	-0.17256 	0.5399 	0.000875633 	-1.32871 	-0.00120616 	
2.65	0.331048 	-0.172557 	0.539892 	0.000875634 	-1.32871 	-0.00120616 	
2.655	0.331049 	-0.172555 	0.539884 	0.000875636 	-1.32871 	-0.00120616 	
2.66	0.33105 	-0.172552 	0.539874 	0.000875637 	-1.32871 	-0.00120616 	
2.665	0.331051 	-0.172549 	0.539866 	0.000875639 	-1.32871 	-0.00120616 	
2.67	0.331053 	-0.172546 	0.539856 	0.000875641 	-1.32871 	-0.00120616 	
2.675	0.331054 	-0.172543 	0.539846 	0.000875642 	-1.32871 	-0.00120617 	
2.68	0.331055 	-0.17254 	0.539837 	0.000875644 	-1.32871 	-0.00120617 	
2.685	0.331057 	-0.172537 	0.539827 	0.000875646 	-1.32871 	-0.00120617 	
2.69	0.331058 	-0.172533 	0.539816 	0.000875648 	-1.32871 	-0.00120617 	
2.695	0.331059 	-0.17253 	0.539806 	0.00087565 	-1.32871 	-0.00120618 	
2.7	0.331061 	-0.172527 	0.539795 	0.000875652 	-1.32871 	-0.00120618 	
2.705	0.331062 	-0.172523 	0.539784 	0.000875654 	-1.32871 	-0.00120618 	
2.71	0.331064 	-0.172519 	0.539772 	0.000875657 	-1.32871 	-0.00120618 	
2.715	0.331065 	-0.172516 	0.53976 	0.000875659 	-1.32871 	-0.00120619 	
2.72	0.331067 	-0.172512 	0.539748 	0.000875662 	-1.32871 	-0.00120619 	
2.725	0.331069 	-0.172508 	0.539736 	0.000875664 	-1.32871 	-0.00120619 	
2.73	0.33107 	-0.172504 	0.539723 	0.000875667 	-1.32871 	-0.00120619 	
2.735	0.331072 	-0.1725 	0.53971 	0.00087567 	-1.32871 	-0.0012062 	
2.74	0.331074 	-0.172496 	0.539697 	0.000875673 	-1.32871 	-0.0012062 	
2.745	0.331075 	-0.172491 	0.539684 	0.000875677 	-1.32871 	-0.00120621 	
2.75	0.331077 	-0.172487 	0.53967 	0.00087568 	-1.32871 	-0.00120621 	
2.755	0.331079 	-0.172483 	0.539656 	0.000875684 	-1.32871 	-0.00120621 	
2.76	0.331081 	-0.172479 	0.539642 	0.000875687 	-1.32871 	-0.00120622 	
2.765	0.33115 	-0.172481 	0.539639 	8.74286e-05 	-1.32996 	-0.000120289 	
2.77	0.331152 	-0.172477 	0.539624 	8.74326e-05 	-1.32996 	-0.000120293 	
2.775	0.331154 	-0.172472 	0.539609 	8.74367e-05 	-1.32996 	-0.000120298 	
2.78	0.331156 	-0.172467 	0.539594 	8.7441e-05 	-1.32996 	-0.000120303 	
2.785	0.331158 	-0.172462 	0.539578 	8.74454e-05 	-1.32996 	-0.000120307 	
2.79	0.331161 	-0.172457 	0.539562 	8.745e-05 	-1.32996 	-0.000120313 	
2.795	0.331163 	-0.172452 	0.539546 	8.74547e-05 	-1.32996 	-0.000120318 	
2.8	0.331165 	-0.172447 	0.53953 	8.74595e-05 	-1.32996 	-0.000120323 	
2.805	0.331167 	-0.172441 	0.539513 	8.74646e-05 	-1.32996 	-0.000120329 	
2.81	0.331169 	-0.172436 	0.539496 	8.74698e-05 	-1.32996 	-0.000120335 	
2.815	0.331172 	-0.172431 	0.539479 	8.74751e-05 	-1.32996 	-0.000120341 	
2.82	0.331174 	-0.172425 	0.539462 	8.74806e-05 	-1.32996 	-0.000120347 	
2.825	0.331176 	-0.172419 	0.539444 	8.74863e-05 	-1.32996 	-0.000120353 	
2.83	0.331179 	-0.172414 	0.539426 	8.74922e-05 	-1.32996 	-0.000120359 	
2.835	0.331181 	-0.172408 	0.539408 	8.74982e-05 	-1.32996 	-0.000120366 	
2.84	0.331255 	-0.172403 	0.539402 	9.59126e-06 	-1.33127 	-1.29923e-05 	
2.845	0.331258 	-0.172397 	0.539383 	9.59765e-06 	-1.33127 	-1.29993e-05 	
2.85	0.33126 	-0.172391 	0.539364 	9.6042e-06 	-1.33127 	-1.30066e-05 	
2.855	0.331263 	-0.172385 	0.539345 	9.61093e-06 	-1.33127 	-1.30141e-05 	
2.86	0.331266 	-0.172379 	0.539325 	9.61784e-06 	-1.33127 	-1.30218e-05 	
2.865	0.331268 	-0.172372 	0.539305 	9.62492e-06 	-1.33127 	-1.30296e-05 	
2.87	0.331271 	-0.172366 	0.539285 	9.63219e-06 	-1.33127 	-1.30377e-05 	
2.875	0.331274 	-0.17236 	0.539265 	9.63963e-06 	-1.33127 	-1.3046e-05 	
2.88	0.331276 	-0.172353 	0.539245 	9.64726e-06 	-1.33127 	-1.30544e-05 	
2.885	0.331279 	-0.172347 	0.539224 	9.65506e-06 	-1.33127 	-1.30631e-05 	
2.89	0.331282 	-0.17234 	0.539203 	9.66306e-06 	-1.33127 	-1.3072e-05 	
2.895	0.331285 	-0.172333 	0.539182 	9.67123e-06 	-1.33127 	-1.30811e-05 	
2.9	0.331358 	-0.172327 	0.539173 	1.89108e-06 	-1.33255 	-2.3715e-06 	
2.905	0.33136 	-0.17232 	0.539151 	1.89966e-06 	-1.33255 	-2.38103e-06 	
2.91	0.331363 	-0.172313 	0.539129 	1.90843e-06 	-1.33255 	-2.39076e-06 	
2.915	0.331366 	-0.172306 	0.539107 	1.91739e-06 	-1.33255 	-2.40071e-06 	
2.92	0.331369 	-0.172299 	0.539084 	1.92654e-06 	-1.33255 	-2.41086e-06 	
2.925	0.331372 	-0.172291 	0.539061 	1.93588e-06 	-1.33255 	-2.42123e-06 	
2.93	0.331375 	-0.172284 	0.539038 	1.94541e-06 	-1.33255 	-2.43181e-06 	
2.935	0.331378 	-0.172277 	0.539015 	1.95513e-06 	-1.33255 	-2.4426e-06 	
2.94	0.331381 	-0.172269 	0.538992 	1.96505e-06 	-1.33255 	-2.45361e-06 	
2.945	0.331385 	-0.172262 	0.538968 	1.97516e-06 	-1.33255 	-2.46483e-06 	
2.95	0.331388 	-0.172254 	0.538944 	1.98546e-06 	-1.33255 	-2.47627e-06 	
2.955	0.33147 	-0.17224 	0.538933 	1.34759e-06 	-1.33387 	-1.55647e-06 	
2.96	0.331474 	-0.172232 	0.538909 	1.35834e-06 	-1.33387 	-1.5684e-06 	
2.965	0.331477 	-0.172224 	0.538884 	1.36927e-06 	-1.33387 	-1.58053e-06 	
2.97	0.33148 	-0.172217 	0.53886 	1.3804e-06 	-1.33387 	-1.59287e-06 	
2.975	0.331483 	-0.172209 	0.538835 	1.39172e-06 	-1.33387 	-1.60543e-06 	
2.98	0.331487 	-0.172201 	0.538809 	1.40324e-06 	-1.33387 	-1.6182e-06 	
2.985	0.33149 	-0.172193 	0.538784 	1.41495e-06 	-1.33387 	-1.6312e-06 	
2.99	0.331494 	-0.172185 	0.538758 	1.42687e-06 	-1.33387 	-1.64442e-06 	
2.995	0.331497 	-0.172176 	0.538732 	1.43898e-06 	-1.33387 	-1.65785e-06 	
3	0.3315 	-0.172168 	0.538706 	1.45129e-06 	-1.33387 	-1.67151e-06 	
3.005	0.331577 	-0.17216 	0.538693 	1.20596e-06 	-1.3352 	-1.38471e-06 	
3.01	0.331581 	-0.172152 	0.538667 	1.21872e-06 	-1.3352 	-1.39885e-06 	
3.015	0.331584 	-0.172143 	0.53864 	1.23166e-06 	-1.3352 	-1.4132e-06 	
3.02	0.331588 	-0.172135 	0.538613 	1.24481e-06 	-1.3352 	-1.42778e-06 	
3.025	0.331591 	-0.172126 	0.538586 	1.25815e-06 	-1.3352 	-1.44257e-06 	
3.03	0.331595 	-0.172117 	0.538559 	1.27169e-06 	-1.3352 	-1.45758e-06 	
3.035	0.331598 	-0.172109 	0.538531 	1.28543e-06 	-1.3352 	-1.47281e-06 	
3.04	0.331602 	-0.1721 	0.538503 	1.29936e-06 	-1.3352 	-1.48826e-06 	
3.045	0.331606 	-0.172091 	0.538475 	1.31349e-06 	-1.3352 	-1.50392e-06 	
3.05	0.331681 	-0.172082 	0.53846 	1.16907e-06 	-1.3365 	-1.33847e-06 	
3.055	0.331685 	-0.172073 	0.538432 	1.18365e-06 	-1.3365 	-1.35462e-06 	
3.06	0.331688 	-0.172064 	0.538403 	1.19842e-06 	-1.3365 	-1.37098e-06 	
3.065	0.331692 	-0.172055 	0.538375 	1.21338e-06 	-1.3365 	-1.38756e-06 	
3.07	0.331696 	-0.172046 	0.538346 	1.22854e-06 	-1.3365 	-1.40435e-06 	
3.075	0.3317 	-0.172037 	0.538317 	1.24389e-06 	-1.3365 	-1.42136e-06 	
3.08	0.331704 	-0.172028 	0.538287 	1.25943e-06 	-1.3365 	-1.43858e-06 	
3.085	0.331708 	-0.172018 	0.538258 	1.27517e-06 	-1.3365 	-1.45601e-06 	
3.09	0.331712 	-0.172009 	0.538228 	1.29109e-06 	-1.3365 	-1.47365e-06 	
3.095	0.331791 	-0.172 	0.538212 	1.28488e-06 	-1.33787 	-1.46945e-06 	
3.1	0.331795 	-0.17199 	0.538182 	1.30125e-06 	-1.33787 	-1.48757e-06 	
3.105	0.331799 	-0.171981 	0.538152 	1.31781e-06 	-1.33787 	-1.50589e-06 	
3.11	0.331803 	-0.171971 	0.538122 	1.33455e-06 	-1.33787 	-1.52443e-06 	
3.115	0.331805 	-0.171963 	0.538091 	1.35076e-06 	-1.33787 	-1.54226e-06 	
3.12	0.331809 	-0.171954 	0.53806 	1.36787e-06 	-1.33787 	-1.5612e-06 	
3.125	0.331813 	-0.171944 	0.53803 	1.38517e-06 	-1.33787 	-1.58035e-06 	
3.13	0.331817 	-0.171934 	0.537998 	1.40265e-06 	-1.33787 	-1.5997e-06 	
3.135	0.331892 	-0.171924 	0.53798 	1.2125e-06 	-1.33917 	-1.38313e-06 	
3.14	0.331896 	-0.171914 	0.537949 	1.23041e-06 	-1.33917 	-1.40294e-06 	
3.145	0.3319 	-0.171905 	0.537917 	1.2485e-06 	-1.33917 	-1.42295e-06 	
3.15	0.331905 	-0.171895 	0.537886 	1.26676e-06 	-1.33917 	-1.44316e-06 	
3.155	0.331909 	-0.171884 	0.537854 	1.2852e-06 	-1.33917 	-1.46356e-06 	
3.16	0.331913 	-0.171874 	0.537822 	1.30382e-06 	-1.33917 	-1.48416e-06 	
3.165	0.331917 	-0.171864 	0.53779 	1.32261e-06 	-1.33917 	-1.50495e-06 	
3.17	0.331922 	-0.171854 	0.537757 	1.34157e-06 	-1.33917 	-1.52593e-06 	
3.175	0.331999 	-0.171844 	0.537739 	1.27959e-06 	-1.34051 	-1.45806e-06 	
3.18	0.332004 	-0.171833 	0.537706 	1.29897e-06 	-1.34051 	-1.47948e-06 	
3.185	0.332008 	-0.171823 	0.537673 	1.3185e-06 	-1.34051 	-1.50108e-06 	
3.19	0.332012 	-0.171813 	0.53764 	1.33821e-06 	-1.34051 	-1.52287e-06 	
3.195	0.332017 	-0.171802 	0.537607 	1.35808e-06 	-1.34051 	-1.54483e-06 	
3.2	0.332021 	-0.171792 	0.537574 	1.37811e-06 	-1.34051 	-1.56698e-06 	
3.205	0.332025 	-0.171781 	0.537541 	1.3983e-06 	-1.34051 	-1.5893e-06 	
3.21	0.33203 	-0.171771 	0.537507 	1.41864e-06 	-1.34051 	-1.6118e-06 	
3.215	0.33211 	-0.17176 	0.537488 	1.3707e-06 	-1.3419 	-1.5606e-06 	
3.22	0.332115 	-0.17175 	0.537454 	1.39144e-06 	-1.3419 	-1.58352e-06 	
3.225	0.332119 	-0.171739 	0.53742 	1.41233e-06 	-1.3419 	-1.6066e-06 	
3.23	0.332124 	-0.171728 	0.537386 	1.43337e-06 	-1.3419 	-1.62984e-06 	
3.235	0.332128 	-0.171717 	0.537352 	1.45456e-06 	-1.3419 	-1.65325e-06 	
3.24	0.332133 	-0.171707 	0.537318 	1.47589e-06 	-1.3419 	-1.67683e-06 	
3.245	0.332138 	-0.171696 	0.537283 	1.49737e-06 	-1.3419 	-1.70056e-06 	
3.25	0.332142 	-0.171685 	0.537249 	1.51899e-06 	-1.3419 	-1.72445e-06 	
3.255	0.332225 	-0.171674 	0.537229 	1.45867e-06 	-1.34333 	-1.65943e-06 	
3.26	0.33223 	-0.171663 	0.537194 	1.48066e-06 	-1.34333 	-1.68371e-06 	
3.265	0.332234 	-0.171652 	0.537159 	1.50278e-06 	-1.34333 	-1.70813e-06 	
3.27	0.332239 	-0.171641 	0.537124 	1.52504e-06 	-1.34333 	-1.7327e-06 	
3.275	0.332244 	-0.17163 	0.537089 	1.54742e-06 	-1.34333 	-1.75741e-06 	
3.28	0.332248 	-0.171619 	0.537054 	1.56993e-06 	-1.34333 	-1.78226e-06 	
3.285	0.332253 	-0.171608 	0.537019 	1.59256e-06 	-1.34333 	-1.80725e-06 	
3.29	0.332329 	-0.171597 	0.536997 	1.29052e-06 	-1.34463 	-1.46393e-06 	
3.295	0.332334 	-0.171585 	0.536962 	1.31348e-06 	-1.34463 	-1.48927e-06 	
3.3	0.332338 	-0.171574 	0.536926 	1.33656e-06 	-1.34463 	-1.51473e-06 	
3.305	0.332343 	-0.171563 	0.53689 	1.35976e-06 	-1.34463 	-1.54033e-06 	
3.31	0.332348 	-0.171552 	0.536854 	1.38307e-06 	-1.34463 	-1.56604e-06 	
3.315	0.332353 	-0.17154 	0.536819 	1.40649e-06 	-1.34463 	-1.59188e-06 	
3.32	0.332353 	-0.171533 	0.536783 	1.42831e-06 	-1.34463 	-1.61567e-06 	
3.325	0.33243 	-0.171522 	0.53676 	1.29523e-06 	-1.34595 	-1.46758e-06 	
3.33	0.332435 	-0.171511 	0.536724 	1.31906e-06 	-1.34595 	-1.49385e-06 	
3.335	0.332439 	-0.171499 	0.536688 	1.34298e-06 	-1.34595 	-1.52022e-06 	
3.34	0.332444 	-0.171488 	0.536652 	1.367e-06 	-1.34595 	-1.54671e-06 	
3.345	0.332449 	-0.171476 	0.536615 	1.39111e-06 	-1.34595 	-1.57329e-06 	
3.35	0.332454 	-0.171465 	0.536579 	1.41531e-06 	-1.34595 	-1.59998e-06 	
3.355	0.332459 	-0.171453 	0.536542 	1.4396e-06 	-1.34595 	-1.62676e-06 	
3.36	0.332537 	-0.171442 	0.53652 	1.33227e-06 	-1.34728 	-1.50826e-06 	
3.365	0.332542 	-0.17143 	0.536483 	1.35682e-06 	-1.34728 	-1.53531e-06 	
3.37	0.332546 	-0.171419 	0.536447 	1.38146e-06 	-1.34728 	-1.56245e-06 	
3.375	0.332551 	-0.171407 	0.53641 	1.40616e-06 	-1.34728 	-1.58968e-06 	
3.38	0.332556 	-0.171396 	0.536373 	1.43094e-06 	-1.34728 	-1.61699e-06 	
3.385	0.332561 	-0.171384 	0.536336 	1.4558e-06 	-1.34728 	-1.64437e-06 	
3.39	0.332566 	-0.171372 	0.536299 	1.48072e-06 	-1.34728 	-1.67183e-06 	
3.395	0.332645 	-0.171361 	0.536276 	1.3667e-06 	-1.34863 	-1.54603e-06 	
3.4	0.33265 	-0.171349 	0.536239 	1.39185e-06 	-1.34863 	-1.57372e-06 	
3.405	0.332655 	-0.171337 	0.536202 	1.41706e-06 	-1.34863 	-1.60147e-06 	
3.41	0.33266 	-0.171326 	0.536165 	1.44231e-06 	-1.34863 	-1.62928e-06 	
3.415	0.332665 	-0.171314 	0.536128 	1.46762e-06 	-1.34863 	-1.65715e-06 	
3.42	0.332669 	-0.171302 	0.53609 	1.49298e-06 	-1.34863 	-1.68508e-06 	
3.425	0.332674 	-0.17129 	0.536053 	1.51839e-06 	-1.34863 	-1.71305e-06 	
