0	2.05431 	-0.0925567 	-1.56089 	0.000265252 	-0.0988554 	0.00447864 	
0.005	2.05431 	-0.0925565 	-1.56089 	0.000265261 	-0.0988554 	0.00447865 	
0.01	2.05431 	-0.0925564 	-1.56089 	0.000265269 	-0.0988554 	0.00447865 	
0.015	2.05431 	-0.0925562 	-1.56089 	0.000265277 	-0.0988554 	0.00447866 	
0.02	2.05431 	-0.0925561 	-1.56089 	0.000265283 	-0.0988555 	0.00447866 	
0.025	2.05431 	-0.0925559 	-1.56089 	0.000265289 	-0.0988555 	0.00447866 	
0.03	2.05431 	-0.0925557 	-1.56089 	0.000265293 	-0.0988555 	0.00447866 	
0.035	2.05431 	-0.0925555 	-1.56089 	0.000265295 	-0.0988556 	0.00447866 	
0.04	2.05431 	-0.0925553 	-1.56089 	0.000265295 	-0.0988557 	0.00447865 	
0.045	2.05431 	-0.092555 	-1.56088 	0.000265293 	-0.0988559 	0.00447864 	
0.05	2.05431 	-0.0925547 	-1.56088 	0.000265289 	-0.0988561 	0.00447863 	
0.055	2.05432 	-0.0925543 	-1.56088 	0.000265282 	-0.0988563 	0.00447861 	
0.06	2.05432 	-0.0925539 	-1.56087 	0.000265272 	-0.0988566 	0.00447859 	
0.065	2.05432 	-0.0925534 	-1.56086 	0.000265259 	-0.098857 	0.00447857 	
0.07	2.05433 	-0.0925529 	-1.56085 	0.000265244 	-0.0988574 	0.00447854 	
0.075	2.05433 	-0.0925523 	-1.56084 	0.000265225 	-0.0988579 	0.0044785 	
0.08	2.05434 	-0.0925517 	-1.56083 	0.000265202 	-0.0988584 	0.00447846 	
0.085	2.05434 	-0.092551 	-1.56082 	0.000265177 	-0.0988591 	0.00447842 	
0.09	2.05435 	-0.0925502 	-1.56081 	0.000265147 	-0.0988597 	0.00447837 	
0.095	2.05436 	-0.0925493 	-1.56079 	0.000265114 	-0.0988605 	0.00447831 	
0.1	2.05437 	-0.0925484 	-1.56078 	0.000265077 	-0.0988614 	0.00447825 	
0.105	2.05438 	-0.0925474 	-1.56076 	0.000265036 	-0.0988623 	0.00447818 	
0.11	2.05439 	-0.0925463 	-1.56074 	0.000264991 	-0.0988633 	0.00447811 	
0.115	2.0544 	-0.0925451 	-1.56072 	0.000264942 	-0.0988644 	0.00447803 	
0.12	2.05442 	-0.0925439 	-1.5607 	0.000264889 	-0.0988656 	0.00447794 	
0.125	2.05443 	-0.0925426 	-1.56067 	0.000264832 	-0.0988668 	0.00447785 	
0.13	2.05444 	-0.0925412 	-1.56064 	0.000264771 	-0.0988682 	0.00447775 	
0.135	2.05446 	-0.0925397 	-1.56062 	0.000264706 	-0.0988696 	0.00447764 	
0.14	2.05448 	-0.0925381 	-1.56059 	0.000264637 	-0.0988711 	0.00447753 	
0.145	2.0545 	-0.0925364 	-1.56056 	0.000264563 	-0.0988727 	0.00447741 	
0.15	2.05451 	-0.0925347 	-1.56052 	0.000264485 	-0.0988744 	0.00447728 	
0.155	2.05453 	-0.0925328 	-1.56049 	0.000264403 	-0.0988762 	0.00447715 	
0.16	2.05478 	-0.0928158 	-1.56076 	0.000286589 	-0.0989066 	0.00444591 	
0.165	2.05316 	-0.0914203 	-1.56312 	0.00035195 	-0.0989119 	0.00443641 	
0.17	2.05349 	-0.0914874 	-1.56324 	0.000348332 	-0.0989264 	0.0044353 	
0.175	2.05375 	-0.0915629 	-1.56327 	0.000344115 	-0.0989391 	0.00443379 	
0.18	2.05391 	-0.0916248 	-1.56324 	0.000340527 	-0.0989484 	0.00443233 	
0.185	2.05406 	-0.091682 	-1.56321 	0.00033719 	-0.0989573 	0.00443096 	
0.19	2.05421 	-0.0917346 	-1.56317 	0.000334084 	-0.0989658 	0.00442967 	
0.195	2.05434 	-0.0917832 	-1.56313 	0.000331194 	-0.0989739 	0.00442845 	
0.2	2.05447 	-0.0918279 	-1.56309 	0.000328502 	-0.0989818 	0.0044273 	
0.205	2.0546 	-0.091869 	-1.56304 	0.000325993 	-0.0989893 	0.00442622 	
0.21	2.05471 	-0.0919068 	-1.56299 	0.000323655 	-0.0989966 	0.00442519 	
0.215	2.05483 	-0.0919415 	-1.56294 	0.000321474 	-0.0990037 	0.00442422 	
0.22	2.05493 	-0.0919734 	-1.56289 	0.000319438 	-0.0990105 	0.00442329 	
0.225	2.05342 	-0.0906361 	-1.5652 	0.000382073 	-0.0990205 	0.00441358 	
0.23	2.05382 	-0.0907312 	-1.5653 	0.000376808 	-0.0990392 	0.0044118 	
0.235	2.05415 	-0.0908325 	-1.56531 	0.000371068 	-0.0990561 	0.00440963 	
0.24	2.05437 	-0.0909182 	-1.56526 	0.000366065 	-0.0990692 	0.00440757 	
0.245	2.05459 	-0.0909973 	-1.56521 	0.000361412 	-0.0990818 	0.00440563 	
0.25	2.05479 	-0.0910703 	-1.56515 	0.000357084 	-0.0990938 	0.0044038 	
0.255	2.05498 	-0.0911375 	-1.5651 	0.000353056 	-0.0991053 	0.00440208 	
0.26	2.05516 	-0.0911994 	-1.56503 	0.000349306 	-0.0991163 	0.00440046 	
0.265	2.05534 	-0.0912564 	-1.56497 	0.000345814 	-0.0991269 	0.00439893 	
0.27	2.0555 	-0.0913089 	-1.5649 	0.000342561 	-0.0991371 	0.00439749 	
0.275	2.05394 	-0.0899156 	-1.56734 	0.000407967 	-0.0991504 	0.00438718 	
0.28	2.05442 	-0.0900332 	-1.56744 	0.000401398 	-0.0991733 	0.00438487 	
0.285	2.05481 	-0.0901557 	-1.56744 	0.000394408 	-0.0991937 	0.00438218 	
0.29	2.05509 	-0.0902601 	-1.56738 	0.000388276 	-0.0992099 	0.00437961 	
0.295	2.05535 	-0.0903565 	-1.56731 	0.000382575 	-0.0992254 	0.0043772 	
0.3	2.0556 	-0.0904454 	-1.56724 	0.000377272 	-0.0992402 	0.00437493 	
0.305	2.05584 	-0.0905274 	-1.56716 	0.000372339 	-0.0992544 	0.00437279 	
0.31	2.05606 	-0.0906028 	-1.56709 	0.000367747 	-0.0992679 	0.00437078 	
0.315	2.05463 	-0.0893055 	-1.56939 	0.000428716 	-0.0992842 	0.00436077 	
0.32	2.05514 	-0.0894391 	-1.56946 	0.00042117 	-0.0993092 	0.00435801 	
0.325	2.05557 	-0.0895759 	-1.56945 	0.000413299 	-0.0993319 	0.0043549 	
0.33	2.05589 	-0.0896942 	-1.56938 	0.000406329 	-0.0993505 	0.00435195 	
0.335	2.05618 	-0.0898032 	-1.5693 	0.000399849 	-0.0993682 	0.00434917 	
0.34	2.05647 	-0.0899038 	-1.56921 	0.000393823 	-0.0993851 	0.00434656 	
0.345	2.05674 	-0.0899966 	-1.56912 	0.000388217 	-0.0994013 	0.00434411 	
0.35	2.05699 	-0.090082 	-1.56903 	0.000383 	-0.0994168 	0.00434179 	
0.355	2.05541 	-0.0886479 	-1.5716 	0.000450752 	-0.0994354 	0.00433104 	
0.36	2.056 	-0.088799 	-1.57169 	0.000442201 	-0.0994642 	0.00432791 	
0.365	2.05649 	-0.0889529 	-1.57168 	0.000433324 	-0.0994899 	0.00432437 	
0.37	2.05684 	-0.0890855 	-1.57159 	0.000425479 	-0.0995108 	0.004321 	
0.375	2.05718 	-0.0892078 	-1.5715 	0.000418187 	-0.0995308 	0.00431783 	
0.38	2.05749 	-0.0893206 	-1.5714 	0.000411407 	-0.0995498 	0.00431486 	
0.385	2.05782 	-0.0894567 	-1.57133 	0.000407613 	-0.0995711 	0.00430852 	
0.39	2.05631 	-0.0880757 	-1.57383 	0.000473043 	-0.0995922 	0.00429795 	
0.395	2.05694 	-0.0882412 	-1.57391 	0.000463616 	-0.099623 	0.0042944 	
0.4	2.05745 	-0.0884082 	-1.57389 	0.000453933 	-0.0996508 	0.00429047 	
0.405	2.05784 	-0.0885531 	-1.57379 	0.000445334 	-0.0996737 	0.00428673 	
0.41	2.05821 	-0.0886868 	-1.57368 	0.000437341 	-0.0996956 	0.00428322 	
0.415	2.05856 	-0.08881 	-1.57357 	0.00042991 	-0.0997164 	0.00427993 	
0.42	2.0572 	-0.0875527 	-1.57589 	0.000489558 	-0.0997396 	0.00426985 	
0.425	2.05784 	-0.087729 	-1.57594 	0.000479438 	-0.0997715 	0.00426592 	
0.43	2.05837 	-0.0879055 	-1.5759 	0.000469153 	-0.0998006 	0.00426167 	
0.435	2.05879 	-0.0880599 	-1.57579 	0.000459961 	-0.0998252 	0.00425763 	
0.44	2.05918 	-0.0882024 	-1.57568 	0.000451417 	-0.0998486 	0.00425384 	
0.445	2.05955 	-0.0883337 	-1.57556 	0.000443475 	-0.0998709 	0.00425028 	
0.45	2.05814 	-0.0870171 	-1.57801 	0.000506279 	-0.0998957 	0.00424002 	
0.455	2.05882 	-0.0872048 	-1.57806 	0.000495481 	-0.09993 	0.00423581 	
0.46	2.05939 	-0.0873923 	-1.57802 	0.000484527 	-0.099961 	0.00423123 	
0.465	2.05983 	-0.0875562 	-1.5779 	0.000474745 	-0.0999871 	0.00422689 	
0.47	2.06025 	-0.0877074 	-1.57778 	0.000465654 	-0.100012 	0.00422281 	
0.475	2.06064 	-0.0878467 	-1.57765 	0.000457204 	-0.100036 	0.00421898 	
0.48	2.05914 	-0.0864565 	-1.58025 	0.000523933 	-0.100062 	0.00420854 	
0.485	2.05987 	-0.0866565 	-1.58032 	0.000512408 	-0.100099 	0.00420402 	
0.49	2.06048 	-0.086856 	-1.58027 	0.000500733 	-0.100132 	0.00419911 	
0.495	2.06095 	-0.08703 	-1.58015 	0.000490319 	-0.10016 	0.00419443 	
0.5	2.06139 	-0.0871905 	-1.58001 	0.000480643 	-0.100186 	0.00419004 	
0.505	2.06012 	-0.0859861 	-1.58231 	0.000538459 	-0.100214 	0.00418024 	
0.51	2.06084 	-0.0861947 	-1.58234 	0.000526346 	-0.100251 	0.00417533 	
0.515	2.06146 	-0.0864013 	-1.58228 	0.000514198 	-0.100285 	0.00417012 	
0.52	2.06195 	-0.0865832 	-1.58214 	0.000503285 	-0.100314 	0.00416517 	
0.525	2.06241 	-0.086751 	-1.58201 	0.000493146 	-0.100342 	0.00416052 	
0.53	2.06111 	-0.0855223 	-1.58437 	0.000552451 	-0.100371 	0.00415076 	
0.535	2.06186 	-0.0857396 	-1.5844 	0.000539808 	-0.10041 	0.0041456 	
0.54	2.06251 	-0.0859544 	-1.58433 	0.000527144 	-0.100445 	0.00414012 	
0.545	2.06302 	-0.0861436 	-1.58419 	0.00051577 	-0.100476 	0.00413491 	
0.55	2.0635 	-0.086318 	-1.58405 	0.000505203 	-0.100504 	0.00413002 	
0.555	2.06214 	-0.0850466 	-1.58651 	0.000566953 	-0.100535 	0.00412028 	
0.56	2.06293 	-0.0852731 	-1.58654 	0.000553752 	-0.100576 	0.00411487 	
0.565	2.0636 	-0.0854968 	-1.58648 	0.000540536 	-0.100612 	0.00410909 	
0.57	2.06414 	-0.0856936 	-1.58633 	0.000528674 	-0.100644 	0.00410361 	
0.575	2.06464 	-0.0858752 	-1.58617 	0.000517656 	-0.100674 	0.00409846 	
0.58	2.06257 	-0.0837178 	-1.58779 	0.000516143 	-0.100621 	0.00418273 	
0.585	2.0634 	-0.0839539 	-1.58783 	0.000502358 	-0.100664 	0.00417704 	
0.59	2.0641 	-0.0841869 	-1.58777 	0.000488566 	-0.100702 	0.00417097 	
0.595	2.06465 	-0.0843917 	-1.58761 	0.000476196 	-0.100734 	0.00416518 	
0.6	2.06517 	-0.0845806 	-1.58745 	0.000464707 	-0.100765 	0.00415977 	
0.605	2.06371 	-0.0832279 	-1.5901 	0.000531379 	-0.100799 	0.0041503 	
0.61	2.06457 	-0.0834738 	-1.59015 	0.000516993 	-0.100843 	0.00414433 	
0.615	2.0653 	-0.0837163 	-1.59008 	0.000502611 	-0.100883 	0.00413794 	
0.62	2.06587 	-0.0839294 	-1.58992 	0.000489718 	-0.100916 	0.00413185 	
0.625	2.06475 	-0.0828413 	-1.59213 	0.000543215 	-0.100952 	0.00412288 	
0.63	2.06557 	-0.0830934 	-1.59212 	0.000528357 	-0.100995 	0.00411647 	
0.635	2.06628 	-0.0833401 	-1.59202 	0.000513653 	-0.101035 	0.00410981 	
0.64	2.06687 	-0.0835592 	-1.59186 	0.00050037 	-0.101069 	0.00410349 	
0.645	2.06576 	-0.0824767 	-1.59408 	0.000553872 	-0.101105 	0.00409469 	
0.65	2.0666 	-0.0827344 	-1.59407 	0.000538643 	-0.10115 	0.00408807 	
0.655	2.06733 	-0.0829865 	-1.59397 	0.000523589 	-0.10119 	0.00408119 	
0.66	2.06793 	-0.0832104 	-1.5938 	0.000509985 	-0.101226 	0.00407467 	
0.665	2.06679 	-0.0821091 	-1.59607 	0.000564757 	-0.101262 	0.00406603 	
0.67	2.06765 	-0.0823729 	-1.59606 	0.000549143 	-0.101308 	0.00405921 	
0.675	2.0684 	-0.0826308 	-1.59596 	0.000533709 	-0.10135 	0.0040521 	
0.68	2.06902 	-0.0828598 	-1.59579 	0.000519768 	-0.101386 	0.00404537 	
0.685	2.06784 	-0.0817389 	-1.59811 	0.000575884 	-0.101423 	0.00403691 	
0.69	2.06873 	-0.0820091 	-1.59811 	0.000559864 	-0.10147 	0.00402987 	
0.695	2.0695 	-0.0822731 	-1.59801 	0.000544031 	-0.101513 	0.00402253 	
0.7	2.07013 	-0.0825075 	-1.59783 	0.000529734 	-0.10155 	0.00401556 	
0.705	2.06893 	-0.0813682 	-1.6002 	0.000587154 	-0.101588 	0.00400731 	
0.71	2.06984 	-0.081645 	-1.6002 	0.000570712 	-0.101636 	0.00400004 	
0.715	2.07062 	-0.0819154 	-1.6001 	0.000554467 	-0.101679 	0.00399246 	
0.72	2.07127 	-0.0821554 	-1.59992 	0.000539802 	-0.101717 	0.00398525 	
0.725	2.07004 	-0.0809992 	-1.60235 	0.000598477 	-0.101757 	0.00397723 	
0.73	2.07097 	-0.0812827 	-1.60235 	0.000581605 	-0.101805 	0.00396973 	
0.735	2.07178 	-0.0815596 	-1.60224 	0.000564938 	-0.10185 	0.00396188 	
0.74	2.07243 	-0.0818053 	-1.60205 	0.000549897 	-0.101889 	0.00395443 	
0.745	2.07118 	-0.0806335 	-1.60453 	0.000609782 	-0.101929 	0.00394667 	
0.75	2.07213 	-0.0809239 	-1.60454 	0.000592474 	-0.101979 	0.00393892 	
0.755	2.07296 	-0.0812073 	-1.60443 	0.00057538 	-0.102024 	0.00393082 	
0.76	2.07362 	-0.0814587 	-1.60424 	0.000559958 	-0.102063 	0.00392312 	
0.765	2.07234 	-0.0802728 	-1.60677 	0.000621009 	-0.102104 	0.00391564 	
0.77	2.07332 	-0.0805699 	-1.60677 	0.000603262 	-0.102155 	0.00390765 	
0.775	2.07416 	-0.0808599 	-1.60666 	0.00058574 	-0.102202 	0.00389928 	
0.78	2.07484 	-0.0811171 	-1.60646 	0.000569935 	-0.102242 	0.00389132 	
0.785	2.07354 	-0.0799183 	-1.60904 	0.00063211 	-0.102284 	0.00388415 	
0.79	2.07453 	-0.0802222 	-1.60905 	0.000613924 	-0.102336 	0.00387591 	
0.795	2.07539 	-0.0805187 	-1.60894 	0.000595973 	-0.102383 	0.00386727 	
0.8	2.07621 	-0.0809501 	-1.60892 	0.00059286 	-0.102441 	0.00384003 	
0.805	2.07488 	-0.0797396 	-1.61155 	0.000656104 	-0.102483 	0.00383319 	
0.81	2.0759 	-0.0800502 	-1.61155 	0.000637481 	-0.102536 	0.0038247 	
0.815	2.07677 	-0.0803532 	-1.61144 	0.000619104 	-0.102584 	0.00381579 	
0.82	2.07748 	-0.0806217 	-1.61123 	0.000602534 	-0.102626 	0.00380731 	
0.825	2.07612 	-0.0794009 	-1.6139 	0.000666819 	-0.102669 	0.00380084 	
0.83	2.07716 	-0.0797182 	-1.61391 	0.000647762 	-0.102723 	0.00379209 	
0.835	2.07805 	-0.0800275 	-1.6138 	0.000628961 	-0.102772 	0.0037829 	
0.84	2.07877 	-0.0803016 	-1.61358 	0.000612013 	-0.102814 	0.00377416 	
0.845	2.07739 	-0.0790718 	-1.61629 	0.000677297 	-0.102858 	0.00376809 	
0.85	2.07845 	-0.0793955 	-1.61631 	0.000657811 	-0.102913 	0.00375909 	
0.855	2.07935 	-0.0797111 	-1.61619 	0.000638591 	-0.102963 	0.00374963 	
0.86	2.08008 	-0.0799907 	-1.61597 	0.000621268 	-0.103005 	0.00374062 	
0.865	2.07867 	-0.078753 	-1.61872 	0.000687511 	-0.10305 	0.00373498 	
0.87	2.07975 	-0.0790832 	-1.61874 	0.0006676 	-0.103106 	0.00372573 	
0.875	2.08067 	-0.0794049 	-1.61862 	0.000647965 	-0.103157 	0.00371599 	
0.88	2.08141 	-0.0796899 	-1.6184 	0.000630272 	-0.1032 	0.00370671 	
0.885	2.07998 	-0.0784457 	-1.62119 	0.000697433 	-0.103245 	0.00370153 	
0.89	2.08108 	-0.078782 	-1.6212 	0.000677103 	-0.103302 	0.00369202 	
0.895	2.08201 	-0.0791098 	-1.62108 	0.00065706 	-0.103353 	0.00368201 	
0.9	2.08275 	-0.0794 	-1.62085 	0.000639 	-0.103397 	0.00367247 	
0.905	2.08131 	-0.0781504 	-1.62368 	0.000707038 	-0.103443 	0.00366777 	
0.91	2.08242 	-0.0784929 	-1.6237 	0.000686296 	-0.1035 	0.00365801 	
0.915	2.08336 	-0.0788265 	-1.62358 	0.000665851 	-0.103552 	0.00364772 	
0.92	2.08242 	-0.0779401 	-1.62574 	0.000713956 	-0.103599 	0.00364168 	
0.925	2.08345 	-0.0782859 	-1.62567 	0.000692856 	-0.103655 	0.00363131 	
0.93	2.08436 	-0.07862 	-1.62552 	0.000672284 	-0.103706 	0.00362074 	
0.935	2.08513 	-0.0789191 	-1.62528 	0.000653601 	-0.10375 	0.00361076 	
0.94	2.0837 	-0.0776971 	-1.62811 	0.000721141 	-0.103797 	0.00360685 	
0.945	2.08483 	-0.0780474 	-1.62812 	0.000699829 	-0.103856 	0.00359668 	
0.95	2.08579 	-0.0783884 	-1.62799 	0.000678841 	-0.103909 	0.00358598 	
0.955	2.08531 	-0.0781234 	-1.6309 	0.000775736 	-0.104019 	0.0035096 	
0.96	2.08636 	-0.0784772 	-1.63084 	0.000754063 	-0.104075 	0.00349883 	
0.965	2.08728 	-0.0788189 	-1.63068 	0.000732934 	-0.104127 	0.00348785 	
0.97	2.08636 	-0.0779643 	-1.63283 	0.000780345 	-0.104175 	0.00348256 	
0.975	2.08741 	-0.0783202 	-1.63276 	0.000758491 	-0.104231 	0.00347162 	
0.98	2.08834 	-0.0786637 	-1.6326 	0.000737206 	-0.104283 	0.00346049 	
0.985	2.08742 	-0.0778114 	-1.63477 	0.000784851 	-0.104332 	0.00345553 	
0.99	2.08848 	-0.0781695 	-1.6347 	0.000762819 	-0.104389 	0.00344445 	
0.995	2.08941 	-0.0785152 	-1.63454 	0.000741361 	-0.104441 	0.00343318 	
1	2.08848 	-0.077663 	-1.63672 	0.000789376 	-0.10449 	0.00342856 	
1.005	2.08955 	-0.0780235 	-1.63665 	0.000767154 	-0.104547 	0.00341734 	
1.01	2.09049 	-0.0783716 	-1.63649 	0.000745508 	-0.104599 	0.00340592 	
1.015	2.08955 	-0.07752 	-1.63869 	0.000793875 	-0.104648 	0.00340163 	
1.02	2.09062 	-0.0778831 	-1.63862 	0.000771452 	-0.104706 	0.00339027 	
1.025	2.09157 	-0.0782337 	-1.63846 	0.000749609 	-0.104758 	0.00337869 	
1.03	2.09062 	-0.0773833 	-1.64067 	0.000798299 	-0.104808 	0.00337475 	
1.035	2.09171 	-0.0777491 	-1.64061 	0.000775666 	-0.104866 	0.00336322 	
1.04	2.09266 	-0.0781023 	-1.64045 	0.000753619 	-0.104919 	0.00335148 	
1.045	2.0917 	-0.0772538 	-1.64267 	0.000802603 	-0.104968 	0.00334788 	
1.05	2.09279 	-0.0776224 	-1.64261 	0.000779756 	-0.105026 	0.0033362 	
1.055	2.09375 	-0.0779783 	-1.64245 	0.000757499 	-0.10508 	0.00332429 	
1.06	2.09279 	-0.0771322 	-1.64469 	0.000806751 	-0.105129 	0.00332104 	
1.065	2.09388 	-0.0775037 	-1.64462 	0.000783687 	-0.105188 	0.0033092 	
1.07	2.09485 	-0.0778623 	-1.64446 	0.000761219 	-0.105241 	0.00329712 	
1.075	2.09388 	-0.0770191 	-1.64671 	0.000810714 	-0.105291 	0.00329422 	
1.08	2.09498 	-0.0773934 	-1.64665 	0.000787432 	-0.10535 	0.00328221 	
1.085	2.09595 	-0.0777547 	-1.64648 	0.000764752 	-0.105404 	0.00326996 	
1.09	2.09497 	-0.0769151 	-1.64874 	0.000814466 	-0.105454 	0.00326742 	
1.095	2.09608 	-0.0772922 	-1.64868 	0.000790967 	-0.105513 	0.00325525 	
1.1	2.09705 	-0.0776562 	-1.64852 	0.000768076 	-0.105567 	0.00324283 	
1.105	2.09607 	-0.0768205 	-1.65079 	0.000817986 	-0.105617 	0.00324065 	
1.11	2.09718 	-0.0772004 	-1.65072 	0.000794272 	-0.105677 	0.00322831 	
1.115	2.09816 	-0.077567 	-1.65056 	0.000771172 	-0.105731 	0.00321572 	
1.12	2.09717 	-0.0767358 	-1.65284 	0.000821257 	-0.105781 	0.0032139 	
1.125	2.09829 	-0.0771183 	-1.65277 	0.00079733 	-0.105841 	0.0032014 	
1.13	2.09927 	-0.0774876 	-1.65261 	0.000774024 	-0.105895 	0.00318864 	
1.135	2.09828 	-0.0766612 	-1.6549 	0.000824262 	-0.105946 	0.00318719 	
1.14	2.0994 	-0.0770464 	-1.65483 	0.000800127 	-0.106005 	0.00317453 	
1.145	2.10039 	-0.0774181 	-1.65467 	0.000776618 	-0.10606 	0.0031616 	
1.15	2.09939 	-0.0765971 	-1.65696 	0.00082699 	-0.106111 	0.00316053 	
1.155	2.10051 	-0.0769848 	-1.6569 	0.00080265 	-0.106171 	0.0031477 	
1.16	2.1015 	-0.077359 	-1.65673 	0.000778944 	-0.106225 	0.00313461 	
1.165	2.09981 	-0.0756428 	-1.65799 	0.000760372 	-0.106186 	0.00323845 	
1.17	2.10093 	-0.0760329 	-1.65792 	0.000735833 	-0.106246 	0.00322547 	
1.175	2.10193 	-0.0764095 	-1.65776 	0.000711933 	-0.106301 	0.00321221 	
1.18	2.10092 	-0.0756005 	-1.66006 	0.000762577 	-0.106352 	0.00321197 	
1.185	2.10205 	-0.0759931 	-1.66 	0.000737844 	-0.106412 	0.00319883 	
1.19	2.10304 	-0.0763718 	-1.65983 	0.000713756 	-0.106467 	0.00318541 	
1.195	2.10203 	-0.0755693 	-1.66214 	0.000764473 	-0.106518 	0.00318556 	
1.2	2.10317 	-0.0759641 	-1.66208 	0.000739553 	-0.106578 	0.00317227 	
1.205	2.10416 	-0.076345 	-1.66191 	0.000715283 	-0.106633 	0.00315869 	
1.21	2.10315 	-0.0755494 	-1.66422 	0.000766054 	-0.106684 	0.00315923 	
1.215	2.10428 	-0.0759463 	-1.66416 	0.000740953 	-0.106745 	0.00314579 	
1.22	2.10528 	-0.0763292 	-1.66399 	0.000716507 	-0.1068 	0.00313206 	
1.225	2.10426 	-0.0755407 	-1.6663 	0.000767313 	-0.106851 	0.00313298 	
1.23	2.1054 	-0.0759397 	-1.66624 	0.000742036 	-0.106911 	0.0031194 	
1.235	2.1064 	-0.0763245 	-1.66607 	0.000717421 	-0.106966 	0.00310552 	
1.24	2.10538 	-0.0755436 	-1.66839 	0.000768243 	-0.107018 	0.00310684 	
1.245	2.10652 	-0.0759444 	-1.66832 	0.000742799 	-0.107078 	0.00309311 	
1.25	2.10752 	-0.0763311 	-1.66815 	0.000718021 	-0.107133 	0.00307909 	
1.255	2.1065 	-0.0755579 	-1.67047 	0.000768839 	-0.107184 	0.0030808 	
1.26	2.10763 	-0.0759605 	-1.67041 	0.000743234 	-0.107245 	0.00306693 	
1.265	2.10863 	-0.0763489 	-1.67024 	0.000718301 	-0.1073 	0.00305277 	
1.27	2.10761 	-0.0755839 	-1.67256 	0.000769097 	-0.107351 	0.00305488 	
1.275	2.10875 	-0.0759881 	-1.67249 	0.000743339 	-0.107412 	0.00304088 	
1.28	2.10975 	-0.076378 	-1.67232 	0.000718258 	-0.107467 	0.00302658 	
1.285	2.10872 	-0.0756215 	-1.67464 	0.000769012 	-0.107518 	0.00302909 	
1.29	2.10986 	-0.0760272 	-1.67458 	0.000743109 	-0.107578 	0.00301495 	
1.295	2.11086 	-0.0764186 	-1.6744 	0.000717887 	-0.107633 	0.00300052 	
1.3	2.10983 	-0.0756707 	-1.67672 	0.000768581 	-0.107684 	0.00300343 	
1.305	2.11097 	-0.0760778 	-1.67666 	0.000742541 	-0.107745 	0.00298917 	
1.31	2.11197 	-0.0764705 	-1.67648 	0.000717186 	-0.1078 	0.00297461 	
1.315	2.11094 	-0.0757317 	-1.6788 	0.0007678 	-0.107851 	0.00297791 	
1.32	2.11208 	-0.07614 	-1.67873 	0.000741631 	-0.107911 	0.00296353 	
1.325	2.11308 	-0.0765339 	-1.67856 	0.000716152 	-0.107966 	0.00294886 	
1.33	2.11205 	-0.0758044 	-1.68087 	0.000766668 	-0.108017 	0.00295255 	
1.335	2.11318 	-0.0762138 	-1.68081 	0.000740379 	-0.108077 	0.00293806 	
1.34	2.11418 	-0.0766087 	-1.68063 	0.000714782 	-0.108132 	0.00292326 	
1.345	2.11315 	-0.0758887 	-1.68294 	0.000765182 	-0.108182 	0.00292735 	
1.35	2.11428 	-0.0762991 	-1.68287 	0.000738781 	-0.108242 	0.00291275 	
1.355	2.11528 	-0.0766949 	-1.6827 	0.000713076 	-0.108297 	0.00289784 	
1.36	2.11492 	-0.0768589 	-1.68603 	0.000829799 	-0.108435 	0.00279958 	
1.365	2.11605 	-0.0772701 	-1.68596 	0.000803295 	-0.108495 	0.00278487 	
1.37	2.11704 	-0.0776668 	-1.68579 	0.00077749 	-0.10855 	0.00276986 	
1.375	2.11601 	-0.0769662 	-1.68809 	0.000827535 	-0.1086 	0.00277467 	
1.38	2.11714 	-0.0773781 	-1.68802 	0.000800937 	-0.10866 	0.00275986 	
1.385	2.11813 	-0.0777753 	-1.68785 	0.000775042 	-0.108714 	0.00274475 	
1.39	2.1171 	-0.077085 	-1.69014 	0.000824914 	-0.108765 	0.00274994 	
1.395	2.11823 	-0.0774974 	-1.69007 	0.000798232 	-0.108824 	0.00273504 	
1.4	2.11922 	-0.0778952 	-1.6899 	0.000772254 	-0.108878 	0.00271984 	
1.405	2.11819 	-0.0772152 	-1.69218 	0.000821936 	-0.108928 	0.00272542 	
1.41	2.11931 	-0.077628 	-1.69211 	0.000795177 	-0.108988 	0.00271042 	
1.415	2.12029 	-0.0780261 	-1.69194 	0.000769128 	-0.109042 	0.00269513 	
1.42	2.11927 	-0.0773567 	-1.69421 	0.000818599 	-0.109092 	0.00270109 	
1.425	2.12039 	-0.0777698 	-1.69415 	0.000791775 	-0.109151 	0.00268602 	
1.43	2.12137 	-0.0781681 	-1.69397 	0.000765662 	-0.109204 	0.00267064 	
1.435	2.12035 	-0.0775094 	-1.69624 	0.000814906 	-0.109254 	0.00267697 	
1.44	2.12146 	-0.0779226 	-1.69617 	0.000788026 	-0.109313 	0.00266183 	
1.445	2.12244 	-0.078321 	-1.69599 	0.000761858 	-0.109367 	0.00264638 	
1.45	2.12142 	-0.0776733 	-1.69825 	0.000810856 	-0.109416 	0.00265308 	
1.455	2.12252 	-0.0780864 	-1.69818 	0.00078393 	-0.109475 	0.00263786 	
1.46	2.1235 	-0.0784847 	-1.69801 	0.000757717 	-0.109528 	0.00262234 	
1.465	2.12248 	-0.077848 	-1.70025 	0.000806451 	-0.109577 	0.0026294 	
1.47	2.12358 	-0.0782609 	-1.70018 	0.000779489 	-0.109635 	0.00261412 	
1.475	2.12455 	-0.0786591 	-1.70001 	0.000753242 	-0.109688 	0.00259854 	
1.48	2.12354 	-0.0780336 	-1.70224 	0.000801694 	-0.109737 	0.00260595 	
1.485	2.12463 	-0.0784461 	-1.70217 	0.000774705 	-0.109795 	0.00259061 	
1.49	2.1256 	-0.0788439 	-1.702 	0.000748433 	-0.109848 	0.00257498 	
1.495	2.12459 	-0.0782298 	-1.70422 	0.000796585 	-0.109897 	0.00258274 	
1.5	2.12568 	-0.0786418 	-1.70415 	0.00076958 	-0.109954 	0.00256735 	
1.505	2.12664 	-0.079039 	-1.70397 	0.000743293 	-0.110007 	0.00255168 	
1.51	2.12563 	-0.0784364 	-1.70618 	0.000791127 	-0.110055 	0.00255977 	
1.515	2.12671 	-0.0788477 	-1.70611 	0.000764118 	-0.110112 	0.00254434 	
1.52	2.12767 	-0.0792443 	-1.70594 	0.000737826 	-0.110164 	0.00252862 	
1.525	2.12667 	-0.0786532 	-1.70813 	0.000785325 	-0.110212 	0.00253705 	
1.53	2.12774 	-0.0790636 	-1.70806 	0.00075832 	-0.110269 	0.00252158 	
1.535	2.12869 	-0.0794595 	-1.70788 	0.000732034 	-0.110321 	0.00250583 	
1.54	2.1277 	-0.07888 	-1.71006 	0.00077918 	-0.110369 	0.00251458 	
1.545	2.12876 	-0.0792895 	-1.70999 	0.000752192 	-0.110425 	0.00249908 	
1.55	2.12971 	-0.0796843 	-1.70982 	0.000725922 	-0.110476 	0.0024833 	
1.555	2.12872 	-0.0791166 	-1.71198 	0.000772697 	-0.110524 	0.00249236 	
1.56	2.12977 	-0.0795249 	-1.71191 	0.000745735 	-0.11058 	0.00247684 	
1.565	2.13071 	-0.0799187 	-1.71174 	0.000719492 	-0.110631 	0.00246104 	
1.57	2.12973 	-0.0793628 	-1.71388 	0.00076588 	-0.110678 	0.0024704 	
1.575	2.13062 	-0.0795609 	-1.71356 	0.000723241 	-0.110712 	0.00247968 	
1.58	2.13155 	-0.0799534 	-1.71339 	0.000697035 	-0.110763 	0.00246388 	
1.585	2.13058 	-0.0794094 	-1.71552 	0.000743033 	-0.11081 	0.00247354 	
1.59	2.13162 	-0.0798149 	-1.71544 	0.000716158 	-0.110865 	0.00245799 	
1.595	2.13254 	-0.080206 	-1.71527 	0.000690001 	-0.110915 	0.00244219 	
1.6	2.13157 	-0.0796739 	-1.71738 	0.000735576 	-0.110961 	0.00245213 	
1.605	2.1326 	-0.0800778 	-1.71731 	0.000708762 	-0.111016 	0.00243658 	
1.61	2.13352 	-0.0804673 	-1.71714 	0.000682663 	-0.111065 	0.00242078 	
1.615	2.1343 	-0.0808157 	-1.71689 	0.000658989 	-0.111109 	0.00240591 	
1.62	2.13279 	-0.0800098 	-1.71969 	0.000726403 	-0.111154 	0.00242479 	
1.625	2.13389 	-0.0804126 	-1.7197 	0.00069978 	-0.111211 	0.00240995 	
1.63	2.13484 	-0.0808047 	-1.71956 	0.000673533 	-0.111262 	0.00239426 	
1.635	2.13384 	-0.0802751 	-1.72169 	0.000720106 	-0.111307 	0.00240553 	
1.64	2.13485 	-0.080678 	-1.72162 	0.000693267 	-0.111361 	0.00238991 	
1.645	2.13575 	-0.0810669 	-1.72145 	0.00066712 	-0.11141 	0.00237401 	
1.65	2.13652 	-0.0814145 	-1.7212 	0.000643413 	-0.111453 	0.00235904 	
1.655	2.13503 	-0.0806466 	-1.72394 	0.000709375 	-0.111497 	0.00237858 	
1.66	2.13611 	-0.0810472 	-1.72395 	0.000682792 	-0.111553 	0.00236365 	
1.665	2.13704 	-0.0814371 	-1.72381 	0.00065659 	-0.111603 	0.0023479 	
1.67	2.13779 	-0.0817825 	-1.72356 	0.000632982 	-0.111645 	0.00233295 	
1.675	2.13628 	-0.0810137 	-1.72632 	0.000699887 	-0.111688 	0.00235354 	
1.68	2.13735 	-0.0814137 	-1.72633 	0.000673299 	-0.111744 	0.0023386 	
1.685	2.13827 	-0.0818034 	-1.72619 	0.000647072 	-0.111793 	0.0023228 	
1.69	2.13901 	-0.0821483 	-1.72594 	0.000623449 	-0.111835 	0.0023078 	
1.695	2.13752 	-0.0814017 	-1.72867 	0.00068943 	-0.111877 	0.00232869 	
1.7	2.13857 	-0.0818003 	-1.72867 	0.000662878 	-0.111932 	0.0023137 	
1.705	2.13948 	-0.0821886 	-1.72853 	0.000636689 	-0.111981 	0.00229788 	
1.71	2.14021 	-0.0825324 	-1.72829 	0.000613097 	-0.112022 	0.00228286 	
1.715	2.13874 	-0.0818098 	-1.73097 	0.00067796 	-0.112064 	0.00230397 	
1.72	2.13978 	-0.0822061 	-1.73096 	0.000651501 	-0.112118 	0.00228896 	
1.725	2.14067 	-0.0825922 	-1.73083 	0.000625409 	-0.112166 	0.00227315 	
1.73	2.14139 	-0.0829341 	-1.73058 	0.000601899 	-0.112206 	0.00225816 	
1.735	2.13994 	-0.0822353 	-1.73322 	0.000665611 	-0.112248 	0.00227945 	
1.74	2.14096 	-0.0826286 	-1.73321 	0.000639295 	-0.112301 	0.00226446 	
1.745	2.14184 	-0.0830117 	-1.73308 	0.000613348 	-0.112348 	0.0022487 	
1.75	2.14256 	-0.0833511 	-1.73283 	0.000589964 	-0.112388 	0.00223377 	
1.755	2.14113 	-0.0826756 	-1.73542 	0.000652503 	-0.112429 	0.00225522 	
1.76	2.14213 	-0.0830653 	-1.73541 	0.000626375 	-0.112481 	0.00224028 	
1.765	2.14299 	-0.0834449 	-1.73528 	0.000600615 	-0.112527 	0.0022246 	
1.77	2.1437 	-0.0837813 	-1.73504 	0.000577394 	-0.112567 	0.00220974 	
1.775	2.14229 	-0.0831289 	-1.73758 	0.000638735 	-0.112607 	0.00223132 	
1.78	2.14327 	-0.0835066 	-1.73755 	0.00061225 	-0.112657 	0.0022174 	
1.785	2.14412 	-0.0838821 	-1.73742 	0.000586713 	-0.112702 	0.00220182 	
1.79	2.14481 	-0.0842151 	-1.73718 	0.000563688 	-0.112741 	0.00218708 	
1.795	2.14343 	-0.0835855 	-1.73967 	0.000623804 	-0.112781 	0.00220875 	
1.8	2.14439 	-0.0839662 	-1.73966 	0.000598159 	-0.112831 	0.00219399 	
1.805	2.14523 	-0.0843373 	-1.73952 	0.000572877 	-0.112875 	0.00217854 	
1.81	2.14591 	-0.0846663 	-1.73929 	0.000550079 	-0.112913 	0.00216393 	
1.815	2.14456 	-0.0840593 	-1.74173 	0.000608936 	-0.112952 	0.00218566 	
1.82	2.1455 	-0.084435 	-1.74171 	0.000583581 	-0.113001 	0.00217102 	
1.825	2.14632 	-0.0848011 	-1.74158 	0.000558585 	-0.113045 	0.00215571 	
1.83	2.14699 	-0.0851259 	-1.74135 	0.00053604 	-0.113082 	0.00214125 	
1.835	2.14567 	-0.0845412 	-1.74374 	0.000593606 	-0.11312 	0.002163 	
1.84	2.14659 	-0.0849114 	-1.74372 	0.000568568 	-0.113168 	0.0021485 	
1.845	2.14738 	-0.0852723 	-1.74359 	0.000543885 	-0.113211 	0.00213336 	
1.85	2.14804 	-0.0855925 	-1.74336 	0.000521619 	-0.113247 	0.00211907 	
1.855	2.14675 	-0.0850299 	-1.74569 	0.000577859 	-0.113284 	0.00214079 	
1.86	2.14765 	-0.0853943 	-1.74567 	0.000553166 	-0.113331 	0.00212645 	
1.865	2.14843 	-0.0857495 	-1.74554 	0.000528822 	-0.113373 	0.00211149 	
1.87	2.14908 	-0.0860648 	-1.74532 	0.000506858 	-0.113409 	0.00209739 	
1.875	2.14782 	-0.0855242 	-1.7476 	0.000561738 	-0.113445 	0.00211904 	
1.88	2.14869 	-0.0858823 	-1.74757 	0.000537414 	-0.113491 	0.00210487 	
1.885	2.14945 	-0.0862315 	-1.74744 	0.000513435 	-0.113532 	0.00209012 	
1.89	2.15009 	-0.0865417 	-1.74723 	0.000491796 	-0.113567 	0.00207622 	
1.895	2.14886 	-0.0860227 	-1.74945 	0.000545281 	-0.113602 	0.00209776 	
1.9	2.14971 	-0.0863744 	-1.74942 	0.000521351 	-0.113647 	0.00208377 	
1.905	2.15046 	-0.0867173 	-1.7493 	0.000497761 	-0.113687 	0.00206924 	
1.91	2.15108 	-0.087022 	-1.74909 	0.000476468 	-0.113721 	0.00205556 	
1.915	2.14988 	-0.0865245 	-1.75125 	0.000528523 	-0.113756 	0.00207694 	
1.92	2.15071 	-0.0868693 	-1.75122 	0.000505012 	-0.113799 	0.00206316 	
1.925	2.15144 	-0.0872057 	-1.7511 	0.000481833 	-0.113838 	0.00204886 	
1.93	2.15204 	-0.0875047 	-1.75089 	0.000460907 	-0.113872 	0.00203541 	
1.935	2.1525 	-0.0876196 	-1.75049 	0.00042982 	-0.113887 	0.00204208 	
1.94	2.15092 	-0.0869562 	-1.75311 	0.0004973 	-0.11392 	0.0020717 	
1.945	2.15179 	-0.0872938 	-1.75314 	0.00047438 	-0.113965 	0.00205873 	
1.95	2.15252 	-0.0876262 	-1.75305 	0.000451504 	-0.114004 	0.00204479 	
1.955	2.15311 	-0.087919 	-1.75285 	0.000430975 	-0.114036 	0.00203157 	
1.96	2.15366 	-0.0881874 	-1.75264 	0.000412044 	-0.114067 	0.0020193 	
1.965	2.15211 	-0.0875422 	-1.75522 	0.000478618 	-0.114099 	0.00204915 	
1.97	2.15294 	-0.0878735 	-1.75524 	0.000456087 	-0.114142 	0.00203636 	
1.975	2.15365 	-0.0882 	-1.75515 	0.000433583 	-0.11418 	0.00202262 	
1.98	2.15423 	-0.0884876 	-1.75496 	0.000413387 	-0.114211 	0.00200961 	
1.985	2.15477 	-0.0887513 	-1.75476 	0.000394764 	-0.114241 	0.00199753 	
1.99	2.15327 	-0.0881414 	-1.75724 	0.000458778 	-0.114272 	0.00202674 	
1.995	2.15407 	-0.0884651 	-1.75726 	0.000436717 	-0.114314 	0.00201414 	
2	2.15476 	-0.088784 	-1.75717 	0.000414689 	-0.11435 	0.00200065 	
2.005	2.15531 	-0.0890654 	-1.75698 	0.000394908 	-0.114381 	0.0019879 	
2.01	2.15584 	-0.0893233 	-1.75679 	0.000376668 	-0.11441 	0.00197606 	
2.015	2.1544 	-0.0887492 	-1.75916 	0.000437944 	-0.114439 	0.0020045 	
2.02	2.15517 	-0.0890639 	-1.75918 	0.000416439 	-0.114479 	0.00199214 	
2.025	2.15583 	-0.0893742 	-1.75908 	0.000394971 	-0.114514 	0.00197897 	
2.03	2.15637 	-0.0896482 	-1.7589 	0.000375683 	-0.114544 	0.00196654 	
2.035	2.15687 	-0.0898994 	-1.75872 	0.000357896 	-0.114572 	0.001955 	
2.04	2.1555 	-0.0893602 	-1.76099 	0.00041639 	-0.1146 	0.00198259 	
2.045	2.15623 	-0.0896651 	-1.761 	0.000395512 	-0.114638 	0.00197052 	
2.05	2.15687 	-0.0899657 	-1.76091 	0.000374674 	-0.114672 	0.00195771 	
2.055	2.15739 	-0.0902315 	-1.76074 	0.00035594 	-0.114701 	0.00194564 	
2.06	2.15788 	-0.0904751 	-1.76056 	0.000338666 	-0.114727 	0.00193443 	
2.065	2.15657 	-0.0899701 	-1.76273 	0.000394339 	-0.114755 	0.00196111 	
2.07	2.15726 	-0.0902643 	-1.76273 	0.000374146 	-0.114791 	0.00194937 	
2.075	2.15787 	-0.0905545 	-1.76264 	0.000353994 	-0.114824 	0.00193696 	
2.08	2.15837 	-0.0908113 	-1.76247 	0.000335867 	-0.114851 	0.00192529 	
2.085	2.15884 	-0.0910468 	-1.76231 	0.000319152 	-0.114877 	0.00191445 	
2.09	2.15929 	-0.0912626 	-1.76214 	0.000303745 	-0.114901 	0.0019044 	
2.095	2.15773 	-0.0906545 	-1.76458 	0.000369565 	-0.114927 	0.00193708 	
2.1	2.15843 	-0.0909369 	-1.76463 	0.000350253 	-0.114963 	0.00192618 	
2.105	2.15903 	-0.091218 	-1.76456 	0.000330755 	-0.114994 	0.0019143 	
2.11	2.15951 	-0.0914649 	-1.76441 	0.000313305 	-0.11502 	0.00190305 	
2.115	2.15995 	-0.0916914 	-1.76425 	0.000297213 	-0.115045 	0.00189262 	
2.12	2.16037 	-0.091899 	-1.76409 	0.000282378 	-0.115068 	0.00188294 	
2.125	2.15889 	-0.0913282 	-1.76641 	0.000345081 	-0.115093 	0.00191456 	
2.13	2.15955 	-0.0915988 	-1.76645 	0.000326534 	-0.115126 	0.00190403 	
2.135	2.16024 	-0.0920426 	-1.7666 	0.000320597 	-0.115174 	0.00187155 	
2.14	2.1607 	-0.0922799 	-1.76645 	0.000303821 	-0.115198 	0.00186074 	
2.145	2.16112 	-0.0924975 	-1.7663 	0.000288349 	-0.115222 	0.00185072 	
2.15	2.16152 	-0.092697 	-1.76615 	0.000274086 	-0.115244 	0.00184142 	
2.155	2.16014 	-0.0921757 	-1.76832 	0.000332307 	-0.115267 	0.00187119 	
2.16	2.16076 	-0.0924328 	-1.76834 	0.000314636 	-0.115298 	0.00186105 	
2.165	2.16129 	-0.0926893 	-1.76828 	0.000296796 	-0.115326 	0.00185012 	
2.17	2.16172 	-0.0929153 	-1.76814 	0.000280802 	-0.11535 	0.00183983 	
2.175	2.16212 	-0.0931227 	-1.76801 	0.000266051 	-0.115372 	0.00183029 	
2.18	2.1625 	-0.0933128 	-1.76787 	0.000252451 	-0.115392 	0.00182143 	
2.185	2.16285 	-0.093487 	-1.76772 	0.000239916 	-0.115412 	0.00181322 	
2.19	2.16133 	-0.0929096 	-1.77003 	0.000303819 	-0.115433 	0.0018467 	
2.195	2.16193 	-0.0931511 	-1.77008 	0.000287264 	-0.115463 	0.00183741 	
2.2	2.16243 	-0.0933942 	-1.77004 	0.000270371 	-0.11549 	0.00182714 	
2.205	2.16283 	-0.0936073 	-1.76991 	0.000255285 	-0.115512 	0.00181744 	
2.21	2.16321 	-0.0938029 	-1.76979 	0.000241369 	-0.115532 	0.00180845 	
2.215	2.16356 	-0.0939823 	-1.76966 	0.000228537 	-0.115551 	0.0018001 	
2.22	2.16389 	-0.0941467 	-1.76953 	0.000216708 	-0.11557 	0.00179237 	
2.225	2.1642 	-0.0942972 	-1.7694 	0.000205808 	-0.115587 	0.00178519 	
2.23	2.16259 	-0.093686 	-1.77178 	0.000273268 	-0.115606 	0.00182129 	
2.235	2.16316 	-0.0939107 	-1.77185 	0.000257911 	-0.115634 	0.00181282 	
2.24	2.16363 	-0.0941388 	-1.77182 	0.000242078 	-0.115659 	0.00180327 	
2.245	2.164 	-0.0943379 	-1.77171 	0.000227986 	-0.115679 	0.00179422 	
2.25	2.16435 	-0.0945208 	-1.7716 	0.000214985 	-0.115698 	0.00178583 	
2.255	2.16467 	-0.0946886 	-1.77148 	0.000202993 	-0.115715 	0.00177805 	
2.26	2.16497 	-0.0948425 	-1.77137 	0.000191935 	-0.115732 	0.00177083 	
2.265	2.16526 	-0.0949836 	-1.77125 	0.000181743 	-0.115748 	0.00176414 	
2.27	2.16553 	-0.0951127 	-1.77114 	0.000172351 	-0.115763 	0.00175793 	
2.275	2.16392 	-0.0945056 	-1.77347 	0.000239545 	-0.115779 	0.00179453 	
2.28	2.16444 	-0.0947101 	-1.77355 	0.000225585 	-0.115805 	0.00178691 	
2.285	2.16487 	-0.0949196 	-1.77353 	0.000211061 	-0.115827 	0.00177818 	
2.29	2.1652 	-0.0951021 	-1.77344 	0.000198162 	-0.115845 	0.00176992 	
2.295	2.16551 	-0.0952698 	-1.77334 	0.000186258 	-0.115862 	0.00176226 	
2.3	2.1658 	-0.0954239 	-1.77324 	0.000175273 	-0.115878 	0.00175516 	
2.305	2.16607 	-0.0955652 	-1.77315 	0.00016514 	-0.115893 	0.00174858 	
2.31	2.16633 	-0.095695 	-1.77305 	0.000155796 	-0.115907 	0.00174247 	
2.315	2.16657 	-0.0958139 	-1.77295 	0.000147181 	-0.11592 	0.0017368 	
2.32	2.16679 	-0.0959228 	-1.77285 	0.000139242 	-0.115933 	0.00173154 	
2.325	2.16675 	-0.0956799 	-1.77234 	0.000106851 	-0.11591 	0.00176811 	
2.33	2.16511 	-0.0950597 	-1.77467 	0.000175305 	-0.115924 	0.0018061 	
2.335	2.16557 	-0.0952387 	-1.77476 	0.000163143 	-0.115946 	0.00179962 	
2.34	2.16595 	-0.0954248 	-1.77476 	0.000150282 	-0.115966 	0.00179196 	
2.345	2.16624 	-0.0955862 	-1.77468 	0.000138908 	-0.115981 	0.00178471 	
2.35	2.16651 	-0.0957348 	-1.77461 	0.000128404 	-0.115996 	0.00177799 	
2.355	2.16676 	-0.0958713 	-1.77453 	0.000118707 	-0.116009 	0.00177176 	
2.36	2.16699 	-0.0959969 	-1.77445 	0.000109756 	-0.116022 	0.00176598 	
2.365	2.16721 	-0.0961122 	-1.77438 	0.000101495 	-0.116034 	0.00176062 	
2.37	2.16742 	-0.0962182 	-1.7743 	9.38721e-05 	-0.116045 	0.00175565 	
2.375	2.16761 	-0.0963154 	-1.77422 	8.68404e-05 	-0.116056 	0.00175104 	
2.38	2.16779 	-0.0964047 	-1.77415 	8.0355e-05 	-0.116066 	0.00174677 	
2.385	2.16796 	-0.0964865 	-1.77408 	7.43749e-05 	-0.116075 	0.00174281 	
2.39	2.16812 	-0.0965615 	-1.774 	6.8862e-05 	-0.116084 	0.00173913 	
2.395	2.16827 	-0.0966302 	-1.77393 	6.37809e-05 	-0.116092 	0.00173572 	
2.4	2.1684 	-0.0966931 	-1.77386 	5.9099e-05 	-0.1161 	0.00173256 	
2.405	2.16854 	-0.0967507 	-1.77379 	5.47858e-05 	-0.116107 	0.00172963 	
2.41	2.16684 	-0.0961065 	-1.77611 	0.000125184 	-0.116117 	0.00176947 	
2.415	2.16722 	-0.0962492 	-1.77623 	0.000115614 	-0.116135 	0.00176464 	
2.42	2.16753 	-0.0964021 	-1.77625 	0.000105147 	-0.116151 	0.00175855 	
2.425	2.16775 	-0.0965335 	-1.77621 	9.59693e-05 	-0.116163 	0.00175277 	
2.43	2.16796 	-0.0966548 	-1.77616 	8.74824e-05 	-0.116174 	0.00174741 	
2.435	2.16815 	-0.0967666 	-1.77612 	7.96363e-05 	-0.116184 	0.00174244 	
2.44	2.16833 	-0.0968698 	-1.77608 	7.23819e-05 	-0.116194 	0.00173783 	
2.445	2.1685 	-0.0969649 	-1.77603 	6.56748e-05 	-0.116203 	0.00173356 	
2.45	2.16865 	-0.0970526 	-1.77599 	5.94746e-05 	-0.116211 	0.0017296 	
2.455	2.1688 	-0.0971335 	-1.77595 	5.37428e-05 	-0.116219 	0.00172593 	
2.46	2.16893 	-0.0972081 	-1.77591 	4.8444e-05 	-0.116226 	0.00172252 	
2.465	2.16906 	-0.0972769 	-1.77587 	4.35454e-05 	-0.116233 	0.00171937 	
2.47	2.16918 	-0.0973403 	-1.77583 	3.90164e-05 	-0.116239 	0.00171644 	
2.475	2.16929 	-0.0973988 	-1.77579 	3.48288e-05 	-0.116245 	0.00171373 	
2.48	2.16939 	-0.0974528 	-1.77576 	3.09566e-05 	-0.116251 	0.00171122 	
2.485	2.16949 	-0.0975026 	-1.77572 	2.73754e-05 	-0.116256 	0.00170889 	
2.49	2.16957 	-0.0975485 	-1.77569 	2.40627e-05 	-0.116261 	0.00170673 	
2.495	2.16966 	-0.097591 	-1.77566 	2.09977e-05 	-0.116266 	0.00170472 	
2.5	2.16973 	-0.0976303 	-1.77563 	1.81611e-05 	-0.11627 	0.00170287 	
2.505	2.16981 	-0.0976666 	-1.7756 	1.55347e-05 	-0.116274 	0.00170115 	
2.51	2.16987 	-0.0977002 	-1.77557 	1.31012e-05 	-0.116277 	0.00169955 	
2.515	2.16993 	-0.0977312 	-1.77555 	1.08549e-05 	-0.116281 	0.00169808 	
2.52	2.16999 	-0.0977594 	-1.77553 	8.80002e-06 	-0.116284 	0.00169672 	
2.525	2.17005 	-0.0977854 	-1.77551 	6.90694e-06 	-0.116287 	0.00169547 	
2.53	2.1701 	-0.0978094 	-1.77549 	5.1567e-06 	-0.11629 	0.00169431 	
2.535	2.17014 	-0.0978315 	-1.77547 	3.54272e-06 	-0.116292 	0.00169324 	
2.54	2.17019 	-0.0978519 	-1.77545 	2.05486e-06 	-0.116295 	0.00169225 	
2.545	2.17046 	-0.0981849 	-1.77582 	2.36236e-05 	-0.116328 	0.0016533 	
2.55	2.1705 	-0.0982033 	-1.7758 	2.22979e-05 	-0.11633 	0.00165243 	
2.555	2.17054 	-0.0982205 	-1.77579 	2.1058e-05 	-0.116332 	0.00165162 	
2.56	2.17058 	-0.0982362 	-1.77578 	1.99281e-05 	-0.116334 	0.00165088 	
2.565	2.17061 	-0.0982504 	-1.77577 	1.8899e-05 	-0.116336 	0.0016502 	
2.57	2.17065 	-0.0982632 	-1.77577 	1.79647e-05 	-0.116338 	0.00164958 	
2.575	2.17069 	-0.0982747 	-1.77576 	1.71203e-05 	-0.11634 	0.00164901 	
2.58	2.17072 	-0.098285 	-1.77575 	1.63612e-05 	-0.116341 	0.00164849 	
2.585	2.17076 	-0.0982942 	-1.77575 	1.56829e-05 	-0.116343 	0.00164803 	
2.59	2.17079 	-0.0983022 	-1.77574 	1.50815e-05 	-0.116344 	0.0016476 	
2.595	2.17083 	-0.0983091 	-1.77574 	1.45532e-05 	-0.116346 	0.00164723 	
2.6	2.17087 	-0.0983151 	-1.77574 	1.40947e-05 	-0.116348 	0.00164689 	
2.605	2.1709 	-0.09832 	-1.77574 	1.37027e-05 	-0.116349 	0.00164659 	
2.61	2.17094 	-0.098324 	-1.77573 	1.33743e-05 	-0.116351 	0.00164633 	
2.615	2.17098 	-0.0983271 	-1.77574 	1.31067e-05 	-0.116352 	0.0016461 	
2.62	2.17102 	-0.0983294 	-1.77574 	1.28974e-05 	-0.116354 	0.0016459 	
2.625	2.17106 	-0.0983308 	-1.77574 	1.2744e-05 	-0.116355 	0.00164574 	
2.63	2.1711 	-0.0983314 	-1.77574 	1.26443e-05 	-0.116357 	0.00164561 	
2.635	2.17115 	-0.0983312 	-1.77574 	1.25963e-05 	-0.116359 	0.0016455 	
2.64	2.17119 	-0.0983303 	-1.77575 	1.25981e-05 	-0.11636 	0.00164543 	
2.645	2.17124 	-0.0983286 	-1.77575 	1.26479e-05 	-0.116362 	0.00164537 	
2.65	2.17129 	-0.0983262 	-1.77576 	1.27441e-05 	-0.116364 	0.00164535 	
2.655	2.17134 	-0.0983232 	-1.77576 	1.28852e-05 	-0.116365 	0.00164535 	
2.66	2.17139 	-0.0983195 	-1.77577 	1.30705e-05 	-0.116367 	0.00164537 	
2.665	2.17144 	-0.0983151 	-1.77578 	1.32999e-05 	-0.116369 	0.00164541 	
2.67	2.1715 	-0.09831 	-1.77578 	1.35704e-05 	-0.116371 	0.00164548 	
2.675	2.17156 	-0.0983043 	-1.77579 	1.38816e-05 	-0.116373 	0.00164556 	
2.68	2.17162 	-0.098298 	-1.7758 	1.42331e-05 	-0.116375 	0.00164567 	
2.685	2.17168 	-0.0982911 	-1.77581 	1.46226e-05 	-0.116377 	0.0016458 	
2.69	2.17174 	-0.0982837 	-1.77582 	1.50487e-05 	-0.116379 	0.00164594 	
2.695	2.17181 	-0.0982756 	-1.77583 	1.55108e-05 	-0.116381 	0.0016461 	
2.7	2.17188 	-0.0982671 	-1.77584 	1.60079e-05 	-0.116384 	0.00164628 	
2.705	2.17195 	-0.0982579 	-1.77586 	1.65393e-05 	-0.116386 	0.00164648 	
2.71	2.17202 	-0.0982483 	-1.77587 	1.71045e-05 	-0.116388 	0.00164669 	
2.715	2.17209 	-0.0982381 	-1.77588 	1.77027e-05 	-0.116391 	0.00164692 	
2.72	2.17217 	-0.0982274 	-1.7759 	1.83334e-05 	-0.116393 	0.00164717 	
2.725	2.17225 	-0.0982162 	-1.77591 	1.89959e-05 	-0.116396 	0.00164742 	
2.73	2.17233 	-0.0982045 	-1.77592 	1.96899e-05 	-0.116398 	0.0016477 	
2.735	2.17241 	-0.0981923 	-1.77594 	2.04148e-05 	-0.116401 	0.00164799 	
2.74	2.1725 	-0.0981796 	-1.77596 	2.11701e-05 	-0.116404 	0.00164829 	
2.745	2.17259 	-0.0981664 	-1.77597 	2.19555e-05 	-0.116407 	0.00164861 	
2.75	2.1727 	-0.0981813 	-1.77602 	2.48531e-05 	-0.116412 	0.00164549 	
2.755	2.17279 	-0.0981672 	-1.77604 	2.56958e-05 	-0.116415 	0.00164583 	
2.76	2.17288 	-0.0981527 	-1.77606 	2.65623e-05 	-0.116418 	0.00164619 	
2.765	2.17523 	-0.0977903 	-1.77337 	6.18969e-05 	-0.116421 	0.00166801 	
2.77	2.17531 	-0.0978293 	-1.77348 	5.94823e-05 	-0.116422 	0.00166581 	
2.775	2.17527 	-0.0978662 	-1.77351 	5.70371e-05 	-0.116419 	0.00166381 	
2.78	2.17521 	-0.0978889 	-1.7735 	5.54327e-05 	-0.116415 	0.0016625 	
2.785	2.17516 	-0.0979084 	-1.7735 	5.40448e-05 	-0.116412 	0.00166133 	
2.79	2.17513 	-0.0979247 	-1.7735 	5.28592e-05 	-0.116409 	0.00166028 	
2.795	2.1751 	-0.0979382 	-1.7735 	5.18629e-05 	-0.116407 	0.00165936 	
2.8	2.17509 	-0.0979489 	-1.77351 	5.10437e-05 	-0.116406 	0.00165854 	
2.805	2.1751 	-0.0979572 	-1.77351 	5.03904e-05 	-0.116405 	0.00165784 	
2.81	2.17511 	-0.097963 	-1.77352 	4.98925e-05 	-0.116404 	0.00165722 	
2.815	2.17513 	-0.0979666 	-1.77353 	4.95405e-05 	-0.116404 	0.0016567 	
2.82	2.17516 	-0.0979681 	-1.77354 	4.93252e-05 	-0.116404 	0.00165627 	
2.825	2.1752 	-0.0979676 	-1.77355 	4.92385e-05 	-0.116404 	0.00165591 	
2.83	2.17525 	-0.0979652 	-1.77356 	4.92725e-05 	-0.116405 	0.00165563 	
2.835	2.17531 	-0.0979611 	-1.77358 	4.94201e-05 	-0.116406 	0.00165542 	
2.84	2.17771 	-0.0979249 	-1.77077 	5.09501e-05 	-0.116407 	0.00165739 	
2.845	2.17777 	-0.0979365 	-1.77087 	5.04608e-05 	-0.116407 	0.00165684 	
2.85	2.1777 	-0.0979347 	-1.77089 	5.05902e-05 	-0.116402 	0.00165647 	
2.855	2.17761 	-0.0979228 	-1.77088 	5.12148e-05 	-0.116396 	0.00165631 	
2.86	2.17754 	-0.0979098 	-1.77087 	5.19174e-05 	-0.116391 	0.00165621 	
2.865	2.17748 	-0.0978956 	-1.77086 	5.26938e-05 	-0.116387 	0.00165618 	
2.87	2.17745 	-0.0978804 	-1.77085 	5.35402e-05 	-0.116384 	0.0016562 	
2.875	2.17743 	-0.0978642 	-1.77085 	5.44531e-05 	-0.116381 	0.00165627 	
2.88	2.17742 	-0.097847 	-1.77085 	5.54293e-05 	-0.116379 	0.00165639 	
2.885	2.17743 	-0.0978289 	-1.77086 	5.64656e-05 	-0.116378 	0.00165656 	
2.89	2.17745 	-0.0978098 	-1.77087 	5.75594e-05 	-0.116377 	0.00165677 	
2.895	2.17748 	-0.09779 	-1.77087 	5.87079e-05 	-0.116376 	0.00165703 	
2.9	2.17979 	-0.0977704 	-1.76813 	5.79705e-05 	-0.116376 	0.00165754 	
2.905	2.17983 	-0.0977641 	-1.76822 	5.86193e-05 	-0.116375 	0.00165762 	
2.91	2.17975 	-0.0977446 	-1.76824 	5.98796e-05 	-0.116369 	0.00165785 	
2.915	2.17966 	-0.0977163 	-1.76822 	6.15501e-05 	-0.116362 	0.0016582 	
2.92	2.17958 	-0.0976878 	-1.76821 	6.32401e-05 	-0.116357 	0.00165859 	
2.925	2.17952 	-0.097659 	-1.7682 	6.49496e-05 	-0.116352 	0.00165901 	
2.93	2.17949 	-0.0976298 	-1.76819 	6.66786e-05 	-0.116349 	0.00165946 	
2.935	2.17947 	-0.0976004 	-1.76819 	6.84273e-05 	-0.116346 	0.00165994 	
2.94	2.17947 	-0.0975707 	-1.7682 	7.01956e-05 	-0.116343 	0.00166045 	
2.945	2.17948 	-0.0975407 	-1.7682 	7.19836e-05 	-0.116342 	0.00166098 	
2.95	2.179 	-0.0968258 	-1.76738 	2.34218e-05 	-0.116272 	0.00174422 	
2.955	2.18139 	-0.0967994 	-1.76453 	2.27942e-05 	-0.116272 	0.00174479 	
2.96	2.18144 	-0.0967829 	-1.76463 	2.41021e-05 	-0.11627 	0.00174521 	
2.965	2.18136 	-0.0967513 	-1.76465 	2.61107e-05 	-0.116264 	0.00174578 	
2.97	2.18126 	-0.0967108 	-1.76463 	2.8528e-05 	-0.116257 	0.00174646 	
2.975	2.18118 	-0.0966707 	-1.76462 	3.0925e-05 	-0.116251 	0.00174715 	
2.98	2.18112 	-0.0966308 	-1.76461 	3.33047e-05 	-0.116246 	0.00174786 	
2.985	2.18109 	-0.0965913 	-1.7646 	3.56699e-05 	-0.116242 	0.00174859 	
2.99	2.18107 	-0.0965519 	-1.7646 	3.80229e-05 	-0.116239 	0.00174933 	
2.995	2.18108 	-0.0965128 	-1.7646 	4.03659e-05 	-0.116237 	0.00175008 	
3	2.1811 	-0.0964738 	-1.76461 	4.27011e-05 	-0.116235 	0.00175085 	
3.005	2.18349 	-0.09644 	-1.76174 	4.24918e-05 	-0.116234 	0.00175163 	
3.01	2.18353 	-0.0964184 	-1.76184 	4.41334e-05 	-0.116231 	0.00175216 	
3.015	2.18345 	-0.0963828 	-1.76186 	4.63941e-05 	-0.116225 	0.00175282 	
3.02	2.18335 	-0.0963383 	-1.76184 	4.90651e-05 	-0.116217 	0.0017536 	
3.025	2.18327 	-0.0962942 	-1.76183 	5.17097e-05 	-0.116211 	0.00175438 	
3.03	2.18321 	-0.0962506 	-1.76182 	5.43313e-05 	-0.116206 	0.00175518 	
3.035	2.18318 	-0.0962072 	-1.76182 	5.69328e-05 	-0.116202 	0.001756 	
3.04	2.18317 	-0.0961642 	-1.76182 	5.95168e-05 	-0.116199 	0.00175683 	
3.045	2.18317 	-0.0961214 	-1.76182 	6.2086e-05 	-0.116196 	0.00175767 	
3.05	2.18549 	-0.0960838 	-1.75902 	6.21545e-05 	-0.116194 	0.00175854 	
3.055	2.18552 	-0.0960582 	-1.75912 	6.40221e-05 	-0.116191 	0.00175915 	
3.06	2.18544 	-0.0960193 	-1.75914 	6.64822e-05 	-0.116184 	0.00175987 	
3.065	2.18533 	-0.0959718 	-1.75912 	6.93416e-05 	-0.116177 	0.00176071 	
3.07	2.18526 	-0.0959247 	-1.75911 	7.2171e-05 	-0.11617 	0.00176155 	
3.075	2.1852 	-0.095878 	-1.75911 	7.49737e-05 	-0.116165 	0.00176242 	
3.08	2.18517 	-0.0958318 	-1.75911 	7.77527e-05 	-0.116161 	0.00176329 	
3.085	2.18516 	-0.0957858 	-1.75911 	8.05111e-05 	-0.116157 	0.00176418 	
3.09	2.18517 	-0.0957402 	-1.75912 	8.32515e-05 	-0.116155 	0.00176508 	
3.095	2.18762 	-0.0957005 	-1.75617 	8.33237e-05 	-0.116153 	0.00176603 	
3.1	2.18767 	-0.0956743 	-1.75628 	8.5267e-05 	-0.11615 	0.00176666 	
3.105	2.18759 	-0.0956335 	-1.7563 	8.7855e-05 	-0.116143 	0.00176742 	
3.11	2.18764 	-0.0957903 	-1.75654 	0.000106261 	-0.116156 	0.00174336 	
3.115	2.18756 	-0.0957406 	-1.75653 	0.000109245 	-0.116149 	0.00174425 	
3.12	2.1875 	-0.0956921 	-1.75653 	0.000112162 	-0.116144 	0.00174513 	
3.125	2.18747 	-0.0956442 	-1.75653 	0.000115041 	-0.116139 	0.00174603 	
3.13	2.18746 	-0.0955965 	-1.75654 	0.000117904 	-0.116135 	0.00174694 	
3.135	2.18976 	-0.0955544 	-1.75374 	0.000118269 	-0.116133 	0.00174795 	
3.14	2.18979 	-0.0955248 	-1.75384 	0.000120378 	-0.116129 	0.00174862 	
3.145	2.1897 	-0.0954819 	-1.75386 	0.000123079 	-0.116121 	0.00174939 	
3.15	2.1896 	-0.0954301 	-1.75385 	0.00012619 	-0.116113 	0.00175029 	
3.155	2.18952 	-0.0953788 	-1.75384 	0.000129269 	-0.116107 	0.0017512 	
3.16	2.18947 	-0.095328 	-1.75384 	0.000132319 	-0.116101 	0.00175212 	
3.165	2.18944 	-0.0952776 	-1.75384 	0.000135343 	-0.116096 	0.00175306 	
3.17	2.18944 	-0.0952276 	-1.75385 	0.000138343 	-0.116093 	0.00175401 	
3.175	2.19181 	-0.0951836 	-1.75096 	0.000138738 	-0.11609 	0.00175509 	
3.18	2.19185 	-0.0951532 	-1.75108 	0.000140919 	-0.116087 	0.00175576 	
3.185	2.19177 	-0.0951087 	-1.7511 	0.000143718 	-0.116079 	0.00175656 	
3.19	2.19166 	-0.0950547 	-1.75109 	0.000146953 	-0.116071 	0.00175748 	
3.195	2.19158 	-0.0950013 	-1.75109 	0.000150152 	-0.116064 	0.00175842 	
3.2	2.19153 	-0.0949485 	-1.75109 	0.00015332 	-0.116058 	0.00175937 	
3.205	2.19151 	-0.0948961 	-1.7511 	0.000156458 	-0.116053 	0.00176034 	
3.21	2.19151 	-0.0948442 	-1.75111 	0.000159569 	-0.11605 	0.00176132 	
3.215	2.19397 	-0.0947987 	-1.74811 	0.000159959 	-0.116047 	0.00176245 	
3.22	2.19402 	-0.0947679 	-1.74824 	0.00016218 	-0.116044 	0.00176313 	
3.225	2.19394 	-0.0947223 	-1.74827 	0.000165053 	-0.116036 	0.00176394 	
3.23	2.19383 	-0.0946665 	-1.74826 	0.00016839 	-0.116027 	0.00176487 	
3.235	2.19375 	-0.0946114 	-1.74826 	0.000171689 	-0.11602 	0.00176583 	
3.24	2.1937 	-0.0945568 	-1.74826 	0.000174953 	-0.116014 	0.0017668 	
3.245	2.19368 	-0.0945027 	-1.74827 	0.000178186 	-0.116009 	0.00176778 	
3.25	2.19368 	-0.0944491 	-1.74828 	0.00018139 	-0.116006 	0.00176878 	
3.255	2.19622 	-0.0944025 	-1.74519 	0.000181764 	-0.116003 	0.00176996 	
3.26	2.19628 	-0.0943716 	-1.74532 	0.00018401 	-0.116 	0.00177063 	
3.265	2.1962 	-0.0943251 	-1.74536 	0.000186938 	-0.115992 	0.00177143 	
3.27	2.19609 	-0.0942678 	-1.74535 	0.000190357 	-0.115983 	0.00177238 	
3.275	2.19601 	-0.0942112 	-1.74535 	0.000193735 	-0.115975 	0.00177334 	
3.28	2.19595 	-0.0941552 	-1.74536 	0.000197077 	-0.115969 	0.00177432 	
3.285	2.19593 	-0.0940997 	-1.74537 	0.000200386 	-0.115964 	0.00177531 	
3.29	2.19821 	-0.0940504 	-1.74254 	0.000201119 	-0.11596 	0.00177651 	
3.295	2.19824 	-0.0940147 	-1.74265 	0.000203572 	-0.115956 	0.00177721 	
3.3	2.19815 	-0.0939659 	-1.74268 	0.000206607 	-0.115947 	0.00177802 	
3.305	2.19804 	-0.0939079 	-1.74268 	0.000210068 	-0.115938 	0.00177896 	
3.31	2.19796 	-0.0938506 	-1.74268 	0.000213488 	-0.115931 	0.00177993 	
3.315	2.19823 	-0.0942177 	-1.7432 	0.000248677 	-0.115967 	0.00173009 	
3.32	2.19821 	-0.0941619 	-1.74321 	0.000252005 	-0.115962 	0.00173107 	
3.325	2.20051 	-0.0941136 	-1.74037 	0.000252718 	-0.115958 	0.00173229 	
3.33	2.20054 	-0.0940796 	-1.74049 	0.000255087 	-0.115954 	0.00173293 	
3.335	2.20045 	-0.0940322 	-1.74052 	0.000258038 	-0.115945 	0.00173369 	
3.34	1.90471 	0.0311638 	-1.10262 	-0.0109619 	-0.089807 	0.00085844 	
3.345	1.03704 	0.398369 	0.768578 	-0.043871 	-0.0131405 	-0.00172469 	
3.35	0.817331 	0.490738 	1.23615 	-0.0520565 	0.00602373 	-0.00245603 	
3.355	0.025212 	0.82501 	2.93475 	-0.0819283 	0.0755038 	-0.00490607 	
3.36	0.128358 	0.793618 	2.84788 	-0.0823128 	0.0699005 	-0.00211571 	
3.365	0.107668 	0.831239 	3.35721 	-0.0984773 	0.0842607 	0.00759867 	
3.37	0.123553 	0.837539 	3.47684 	-0.102773 	0.08701 	0.0106226 	
3.375	-0.0249724 	1.03608 	3.81219 	-0.100991 	0.0991185 	-0.00134129 	
3.38	-0.152247 	0.964547 	4.04039 	-0.0926165 	0.109261 	-0.000244551 	
3.385	-0.908057 	0.90723 	5.60881 	-0.0818056 	0.174601 	0.00356228 	
3.39	-1.11833 	0.769537 	5.91531 	-0.0673179 	0.189675 	0.00706577 	
3.395	-1.79203 	0.665634 	7.29212 	-0.0507065 	0.247348 	0.00787412 	
3.4	-2.14695 	0.818805 	7.79535 	-0.0672433 	0.272229 	0.00530773 	
3.405	-2.79717 	1.09148 	8.86945 	-0.092148 	0.321433 	0.000277746 	
3.41	-2.78656 	1.14946 	8.9033 	-0.0971273 	0.321995 	-0.000846588 	
3.415	-3.28604 	1.34323 	9.94275 	-0.114614 	0.365436 	-0.0029092 	
3.42	-3.25453 	1.36351 	9.9109 	-0.1178 	0.363637 	1.96599e-05 	
3.425	-3.77423 	1.49154 	10.9361 	-0.134023 	0.407457 	0.00927042 	
