0	0.0490661 	0.0218048 	-2.01095 	0.262339 	0.530522 	-0.0112703 	
0.005	0.0490661 	0.0218048 	-2.01095 	0.262339 	0.530522 	-0.0112703 	
0.01	0.0490661 	0.0218006 	-2.01094 	0.262339 	0.530523 	-0.01127 	
0.015	0.0490661 	0.021795 	-2.01094 	0.262339 	0.530524 	-0.0112696 	
0.02	0.0490661 	0.0217871 	-2.01093 	0.26234 	0.530525 	-0.0112691 	
0.025	0.0490662 	0.0217769 	-2.01092 	0.26234 	0.530528 	-0.0112685 	
0.03	0.0490662 	0.0217644 	-2.01091 	0.26234 	0.53053 	-0.0112677 	
0.035	0.0490662 	0.0217496 	-2.0109 	0.262341 	0.530533 	-0.0112667 	
0.04	0.0490662 	0.0217325 	-2.01089 	0.262341 	0.530537 	-0.0112656 	
0.045	0.0490662 	0.021713 	-2.01087 	0.262342 	0.530541 	-0.0112643 	
0.05	0.0490662 	0.0216913 	-2.01086 	0.262343 	0.530546 	-0.0112629 	
0.055	0.0490662 	0.0216672 	-2.01084 	0.262344 	0.530551 	-0.0112614 	
0.06	0.0490663 	0.0216408 	-2.01082 	0.262344 	0.530556 	-0.0112597 	
0.065	0.0490663 	0.0216121 	-2.01079 	0.262345 	0.530562 	-0.0112579 	
0.07	0.0490663 	0.0215811 	-2.01077 	0.262346 	0.530569 	-0.0112559 	
0.075	0.0490663 	0.0215478 	-2.01074 	0.262347 	0.530576 	-0.0112537 	
0.08	0.0490664 	0.0215121 	-2.01072 	0.262349 	0.530583 	-0.0112514 	
0.085	0.0490664 	0.0214742 	-2.01069 	0.26235 	0.530591 	-0.011249 	
0.09	0.0490664 	0.0214299 	-2.01065 	0.262351 	0.5306 	-0.0112462 	
0.095	0.0490665 	0.0213871 	-2.01062 	0.262353 	0.530609 	-0.0112434 	
0.1	0.0490665 	0.021342 	-2.01058 	0.262354 	0.530618 	-0.0112406 	
0.105	0.0490665 	0.0212946 	-2.01055 	0.262356 	0.530628 	-0.0112375 	
0.11	0.0490666 	0.0212449 	-2.01051 	0.262357 	0.530639 	-0.0112343 	
0.115	0.0490667 	0.021193 	-2.01047 	0.262359 	0.53065 	-0.011231 	
0.12	0.0490667 	0.0211387 	-2.01042 	0.262361 	0.530661 	-0.0112276 	
0.125	0.0490668 	0.0210821 	-2.01038 	0.262363 	0.530673 	-0.011224 	
0.13	0.0490668 	0.0210233 	-2.01033 	0.262365 	0.530685 	-0.0112202 	
0.135	0.0490669 	0.0209621 	-2.01028 	0.262367 	0.530698 	-0.0112163 	
0.14	0.049067 	0.0208987 	-2.01023 	0.262369 	0.530711 	-0.0112123 	
0.145	0.0490671 	0.020833 	-2.01018 	0.262371 	0.530725 	-0.0112081 	
0.15	0.0490671 	0.020765 	-2.01013 	0.262373 	0.530739 	-0.0112038 	
0.155	0.0490672 	0.0206948 	-2.01007 	0.262375 	0.530753 	-0.0111994 	
0.16	0.0491701 	0.0203975 	-2.0102 	0.262476 	0.532351 	-0.0105559 	
0.165	0.0491702 	0.0203227 	-2.01014 	0.262479 	0.532366 	-0.0105512 	
0.17	0.0491703 	0.0202456 	-2.01008 	0.262481 	0.532382 	-0.0105463 	
0.175	0.0491705 	0.0201663 	-2.01002 	0.262484 	0.532399 	-0.0105413 	
0.18	0.0491706 	0.0200847 	-2.00995 	0.262487 	0.532416 	-0.0105362 	
0.185	0.0491707 	0.0200009 	-2.00989 	0.262489 	0.532433 	-0.0105309 	
0.19	0.0491708 	0.0199148 	-2.00982 	0.262492 	0.532451 	-0.0105255 	
0.195	0.049171 	0.0198264 	-2.00975 	0.262495 	0.532469 	-0.0105199 	
0.2	0.0491711 	0.0197358 	-2.00968 	0.262498 	0.532488 	-0.0105142 	
0.205	0.0491713 	0.019643 	-2.0096 	0.262501 	0.532507 	-0.0105084 	
0.21	0.0491714 	0.0195479 	-2.00953 	0.262504 	0.532527 	-0.0105025 	
0.215	0.0491716 	0.0194506 	-2.00945 	0.262507 	0.532547 	-0.0104964 	
0.22	0.0492741 	0.0191294 	-2.00955 	0.262614 	0.534126 	-0.00985907 	
0.225	0.0492743 	0.0190276 	-2.00947 	0.262617 	0.534147 	-0.00985273 	
0.23	0.0492745 	0.0189236 	-2.00939 	0.26262 	0.534168 	-0.00984627 	
0.235	0.0492747 	0.0188174 	-2.00931 	0.262624 	0.53419 	-0.00983968 	
0.24	0.0492749 	0.018709 	-2.00922 	0.262627 	0.534212 	-0.00983297 	
0.245	0.0492751 	0.0185984 	-2.00913 	0.262631 	0.534235 	-0.00982613 	
0.25	0.0492754 	0.0184855 	-2.00904 	0.262635 	0.534258 	-0.00981917 	
0.255	0.0492757 	0.0183705 	-2.00895 	0.262638 	0.534282 	-0.00981209 	
0.26	0.0492759 	0.0182533 	-2.00886 	0.262642 	0.534306 	-0.00980489 	
0.265	0.0492762 	0.0181339 	-2.00877 	0.262646 	0.53433 	-0.00979757 	
0.27	0.0493859 	0.0177772 	-2.00886 	0.262766 	0.536006 	-0.0091195 	
0.275	0.0493862 	0.0176534 	-2.00876 	0.26277 	0.536032 	-0.00911193 	
0.28	0.0493865 	0.0175274 	-2.00866 	0.262774 	0.536057 	-0.00910424 	
0.285	0.0493869 	0.0173993 	-2.00856 	0.262778 	0.536083 	-0.00909644 	
0.29	0.0493872 	0.017269 	-2.00846 	0.262782 	0.53611 	-0.00908852 	
0.295	0.0493876 	0.0171365 	-2.00835 	0.262786 	0.536137 	-0.00908049 	
0.3	0.049388 	0.0170019 	-2.00824 	0.262791 	0.536164 	-0.00907235 	
0.305	0.0493884 	0.0168652 	-2.00814 	0.262795 	0.536192 	-0.0090641 	
0.31	0.049494 	0.0165021 	-2.0082 	0.262916 	0.537793 	-0.0084153 	
0.315	0.0494944 	0.0163611 	-2.00809 	0.26292 	0.537821 	-0.00840682 	
0.32	0.0494949 	0.0162179 	-2.00798 	0.262925 	0.53785 	-0.00839823 	
0.325	0.0494953 	0.0160727 	-2.00786 	0.26293 	0.537879 	-0.00838953 	
0.33	0.0494958 	0.0159253 	-2.00775 	0.262934 	0.537909 	-0.00838073 	
0.335	0.0494963 	0.0157758 	-2.00763 	0.262939 	0.537939 	-0.00837183 	
0.34	0.0494968 	0.0156242 	-2.00751 	0.262944 	0.53797 	-0.00836282 	
0.345	0.0496014 	0.0152507 	-2.00756 	0.263069 	0.53954 	-0.00772499 	
0.35	0.0496019 	0.0150949 	-2.00743 	0.263074 	0.539572 	-0.00771577 	
0.355	0.0496025 	0.014937 	-2.00731 	0.263079 	0.539603 	-0.00770645 	
0.36	0.0496031 	0.014777 	-2.00718 	0.263084 	0.539635 	-0.00769704 	
0.365	0.0496037 	0.014615 	-2.00705 	0.263089 	0.539668 	-0.00768753 	
0.37	0.0496044 	0.0144509 	-2.00692 	0.263094 	0.539701 	-0.00767793 	
0.375	0.049605 	0.0142847 	-2.00679 	0.263099 	0.539734 	-0.00766824 	
0.38	0.0497199 	0.0138773 	-2.00684 	0.263241 	0.541441 	-0.00697277 	
0.385	0.0497206 	0.013707 	-2.00671 	0.263247 	0.541475 	-0.00696288 	
0.39	0.0497213 	0.0135347 	-2.00657 	0.263252 	0.54151 	-0.0069529 	
0.395	0.0497221 	0.0133604 	-2.00643 	0.263258 	0.541544 	-0.00694284 	
0.4	0.0497228 	0.013184 	-2.00629 	0.263263 	0.541579 	-0.00693269 	
0.405	0.0497237 	0.0130056 	-2.00615 	0.263269 	0.541615 	-0.00692246 	
0.41	0.0498331 	0.0125995 	-2.00618 	0.26341 	0.543228 	-0.00626386 	
0.415	0.049834 	0.0124171 	-2.00604 	0.263415 	0.543264 	-0.00625345 	
0.42	0.0498349 	0.0122327 	-2.00589 	0.263421 	0.5433 	-0.00624296 	
0.425	0.0498358 	0.0120463 	-2.00574 	0.263427 	0.543337 	-0.0062324 	
0.43	0.0498367 	0.011858 	-2.00559 	0.263433 	0.543374 	-0.00622176 	
0.435	0.0498377 	0.0116677 	-2.00544 	0.263439 	0.543412 	-0.00621105 	
0.44	0.0499545 	0.0112368 	-2.00547 	0.263594 	0.545115 	-0.00551398 	
0.445	0.0499555 	0.0110426 	-2.00531 	0.2636 	0.545153 	-0.0055031 	
0.45	0.0499566 	0.0108464 	-2.00516 	0.263606 	0.545191 	-0.00549216 	
0.455	0.0499577 	0.0106483 	-2.005 	0.263613 	0.54523 	-0.00548114 	
0.46	0.0499588 	0.0104483 	-2.00484 	0.263619 	0.545269 	-0.00547007 	
0.465	0.04996 	0.0102463 	-2.00468 	0.263625 	0.545308 	-0.00545893 	
0.47	0.0500854 	0.00978861 	-2.00471 	0.263797 	0.547117 	-0.00471634 	
0.475	0.0500866 	0.00958281 	-2.00454 	0.263804 	0.547156 	-0.00470505 	
0.48	0.0500879 	0.00937514 	-2.00438 	0.26381 	0.547197 	-0.0046937 	
0.485	0.0500892 	0.00916559 	-2.00421 	0.263817 	0.547237 	-0.0046823 	
0.49	0.0500905 	0.00895416 	-2.00404 	0.263823 	0.547278 	-0.00467084 	
0.495	0.0502042 	0.00851342 	-2.00404 	0.263985 	0.548902 	-0.00400262 	
0.5	0.0502056 	0.00829823 	-2.00387 	0.263991 	0.548944 	-0.00399103 	
0.505	0.050207 	0.00808122 	-2.00369 	0.263998 	0.548985 	-0.00397939 	
0.51	0.0502085 	0.00786236 	-2.00352 	0.264005 	0.549027 	-0.00396771 	
0.515	0.05021 	0.00764168 	-2.00334 	0.264012 	0.54907 	-0.00395598 	
0.52	0.050328 	0.00718507 	-2.00334 	0.264184 	0.550739 	-0.00326705 	
0.525	0.0503296 	0.00696071 	-2.00316 	0.264191 	0.550782 	-0.00325521 	
0.53	0.0503312 	0.00673458 	-2.00297 	0.264198 	0.550825 	-0.00324332 	
0.535	0.0503329 	0.00650666 	-2.00279 	0.264205 	0.550868 	-0.0032314 	
0.54	0.0503346 	0.00627694 	-2.00261 	0.264212 	0.550912 	-0.00321943 	
0.545	0.0504588 	0.00580158 	-2.0026 	0.264398 	0.552649 	-0.0025006 	
0.55	0.0504606 	0.00556829 	-2.00241 	0.264405 	0.552693 	-0.00248854 	
0.555	0.0504624 	0.00533328 	-2.00222 	0.264413 	0.552737 	-0.00247645 	
0.56	0.0504643 	0.00509652 	-2.00203 	0.26442 	0.552782 	-0.00246432 	
0.565	0.0504662 	0.00485802 	-2.00184 	0.264427 	0.552827 	-0.00245217 	
0.57	0.0505967 	0.00436402 	-2.00183 	0.264628 	0.554631 	-0.00170291 	
0.575	0.0505986 	0.00412205 	-2.00164 	0.264635 	0.554676 	-0.00169067 	
0.58	0.0506007 	0.00387839 	-2.00144 	0.264643 	0.554722 	-0.00167842 	
0.585	0.0506028 	0.00363304 	-2.00124 	0.26465 	0.554768 	-0.00166614 	
0.59	0.0506049 	0.00338601 	-2.00104 	0.264657 	0.554814 	-0.00165383 	
0.595	0.0507418 	0.00287383 	-2.00103 	0.264874 	0.556684 	-0.000874508 	
0.6	0.050744 	0.00262341 	-2.00083 	0.264882 	0.556731 	-0.000862142 	
0.605	0.0507462 	0.00237137 	-2.00063 	0.264889 	0.556777 	-0.000849761 	
0.61	0.0507486 	0.00211769 	-2.00042 	0.264897 	0.556824 	-0.000837367 	
0.615	0.0508659 	0.00163943 	-2.00038 	0.265088 	0.558413 	-0.000174376 	
0.62	0.0508683 	0.00138246 	-2.00017 	0.265095 	0.55846 	-0.000161936 	
0.625	0.0508708 	0.00112391 	-1.99996 	0.265103 	0.558507 	-0.000149487 	
0.63	0.0508733 	0.00086375 	-1.99975 	0.265111 	0.558555 	-0.000137033 	
0.635	0.0509924 	0.000377781 	-1.9997 	0.265309 	0.560151 	0.000530981 	
0.64	0.050995 	0.000114422 	-1.99948 	0.265316 	0.560199 	0.000543468 	
0.645	0.0509977 	-0.000150481 	-1.99927 	0.265324 	0.560248 	0.000555956 	
0.65	0.0510004 	-0.000416942 	-1.99905 	0.265332 	0.560296 	0.000568443 	
0.655	0.0511234 	-0.000914501 	-1.999 	0.26554 	0.561928 	0.00125349 	
0.66	0.0511262 	-0.00118408 	-1.99878 	0.265548 	0.561977 	0.00126599 	
0.665	0.0511291 	-0.00145515 	-1.99856 	0.265556 	0.562026 	0.00127849 	
0.67	0.051132 	-0.00172774 	-1.99833 	0.265564 	0.562075 	0.00129098 	
0.675	0.0512592 	-0.00223699 	-1.99828 	0.265784 	0.563744 	0.00199402 	
0.68	0.0512622 	-0.0025126 	-1.99805 	0.265792 	0.563794 	0.00200652 	
0.685	0.0512653 	-0.00278966 	-1.99783 	0.2658 	0.563843 	0.002019 	
0.69	0.0512685 	-0.00306819 	-1.9976 	0.265808 	0.563893 	0.00203147 	
0.695	0.0513998 	-0.00358886 	-1.99754 	0.266039 	0.565599 	0.00275232 	
0.7	0.0514031 	-0.00387033 	-1.99731 	0.266047 	0.565649 	0.00276478 	
0.705	0.0514064 	-0.0041532 	-1.99708 	0.266055 	0.565699 	0.00277722 	
0.71	0.0514098 	-0.00443749 	-1.99684 	0.266063 	0.565749 	0.00278964 	
0.715	0.0515454 	-0.00496924 	-1.99678 	0.266307 	0.567491 	0.00352802 	
0.72	0.0515488 	-0.00525637 	-1.99655 	0.266315 	0.567541 	0.00354042 	
0.725	0.0515524 	-0.00554486 	-1.99631 	0.266323 	0.567592 	0.00355279 	
0.73	0.051556 	-0.00583472 	-1.99607 	0.266331 	0.567642 	0.00356513 	
0.735	0.0516958 	-0.00637721 	-1.99601 	0.266587 	0.569418 	0.00432073 	
0.74	0.0516995 	-0.00666982 	-1.99577 	0.266595 	0.569469 	0.00433304 	
0.745	0.0517033 	-0.00696373 	-1.99553 	0.266604 	0.56952 	0.00434531 	
0.75	0.0517072 	-0.00725897 	-1.99528 	0.266612 	0.569571 	0.00435754 	
0.755	0.0518512 	-0.00781187 	-1.99522 	0.26688 	0.57138 	0.00513005 	
0.76	0.0518551 	-0.00810976 	-1.99497 	0.266888 	0.571431 	0.00514223 	
0.765	0.0518592 	-0.0084089 	-1.99472 	0.266897 	0.571483 	0.00515438 	
0.77	0.0518633 	-0.00870932 	-1.99448 	0.266905 	0.571534 	0.00516648 	
0.775	0.0520115 	-0.00927226 	-1.99441 	0.267186 	0.573375 	0.00595555 	
0.78	0.0520157 	-0.00957523 	-1.99416 	0.267195 	0.573427 	0.0059676 	
0.785	0.05202 	-0.00987941 	-1.9939 	0.267203 	0.573478 	0.0059796 	
0.79	0.0520244 	-0.0101848 	-1.99365 	0.267211 	0.57353 	0.00599154 	
0.795	0.0521768 	-0.0107574 	-1.99358 	0.267506 	0.575401 	0.00679684 	
0.8	0.0521813 	-0.0110653 	-1.99332 	0.267514 	0.575453 	0.00680871 	
0.805	0.0521858 	-0.0113743 	-1.99307 	0.267522 	0.575505 	0.00682053 	
0.81	0.0521904 	-0.0116845 	-1.99281 	0.267531 	0.575557 	0.0068323 	
0.815	0.052347 	-0.0122664 	-1.99273 	0.267838 	0.577458 	0.00765347 	
0.82	0.0523518 	-0.0125789 	-1.99247 	0.267847 	0.57751 	0.00766515 	
0.825	0.0523566 	-0.0128926 	-1.99221 	0.267855 	0.577562 	0.00767676 	
0.83	0.0523615 	-0.0132073 	-1.99195 	0.267863 	0.577614 	0.00768832 	
0.835	0.0525223 	-0.0137982 	-1.99187 	0.268185 	0.579543 	0.008525 	
0.84	0.0525273 	-0.0141152 	-1.99161 	0.268193 	0.579595 	0.00853646 	
0.845	0.0525324 	-0.0144333 	-1.99134 	0.268202 	0.579647 	0.00854786 	
0.85	0.0525375 	-0.0147524 	-1.99108 	0.26821 	0.579699 	0.00855918 	
0.855	0.0527025 	-0.0153518 	-1.991 	0.268545 	0.581654 	0.009411 	
0.86	0.0527078 	-0.0156731 	-1.99073 	0.268554 	0.581706 	0.00942222 	
0.865	0.0527131 	-0.0159953 	-1.99046 	0.268562 	0.581758 	0.00943336 	
0.87	0.0527186 	-0.0163186 	-1.99019 	0.26857 	0.581811 	0.00944442 	
0.875	0.0528877 	-0.0169262 	-1.9901 	0.268919 	0.583791 	0.010311 	
0.88	0.0528933 	-0.0172515 	-1.98983 	0.268928 	0.583843 	0.010322 	
0.885	0.0528989 	-0.0175778 	-1.98956 	0.268936 	0.583896 	0.0103328 	
0.89	0.0530341 	-0.0181271 	-1.98943 	0.269219 	0.585458 	0.0110167 	
0.895	0.0530398 	-0.0184553 	-1.98915 	0.269227 	0.58551 	0.0110275 	
0.9	0.0530457 	-0.0187844 	-1.98888 	0.269235 	0.585563 	0.0110381 	
0.905	0.0530516 	-0.0191145 	-1.9886 	0.269244 	0.585615 	0.0110487 	
0.91	0.0532242 	-0.019729 	-1.98851 	0.26961 	0.587593 	0.0119205 	
0.915	0.0532302 	-0.0200609 	-1.98823 	0.269618 	0.587645 	0.011931 	
0.92	0.0532363 	-0.0203936 	-1.98795 	0.269626 	0.587697 	0.0119413 	
0.925	0.0533768 	-0.0209536 	-1.98781 	0.269927 	0.589285 	0.0126419 	
0.93	0.0533831 	-0.0212881 	-1.98753 	0.269936 	0.589337 	0.0126521 	
0.935	0.0533894 	-0.0216234 	-1.98724 	0.269944 	0.589389 	0.0126622 	
0.94	0.0535287 	-0.022182 	-1.9871 	0.270246 	0.590949 	0.0133522 	
0.945	0.0535351 	-0.022519 	-1.98682 	0.270254 	0.591 	0.0133621 	
0.95	0.0535417 	-0.0228567 	-1.98653 	0.270262 	0.591052 	0.0133719 	
0.955	0.0536829 	-0.0234189 	-1.98639 	0.270571 	0.592619 	0.0140673 	
0.96	0.0536896 	-0.0237583 	-1.9861 	0.270579 	0.59267 	0.0140769 	
0.965	0.0536964 	-0.0240983 	-1.98581 	0.270588 	0.592722 	0.0140865 	
0.97	0.0538399 	-0.0246645 	-1.98567 	0.270905 	0.594298 	0.0147887 	
0.975	0.0538468 	-0.0250061 	-1.98538 	0.270913 	0.59435 	0.0147981 	
0.98	0.0538537 	-0.0253484 	-1.98509 	0.270921 	0.594401 	0.0148074 	
0.985	0.0539995 	-0.0259183 	-1.98494 	0.271246 	0.595987 	0.0155165 	
0.99	0.0540066 	-0.026262 	-1.98464 	0.271255 	0.596038 	0.0155255 	
0.995	0.0540138 	-0.0266064 	-1.98435 	0.271263 	0.596089 	0.0155345 	
1	0.0541618 	-0.0271799 	-1.9842 	0.271596 	0.597684 	0.0162503 	
1.005	0.0541691 	-0.0275256 	-1.9839 	0.271604 	0.597735 	0.0162591 	
1.01	0.0541765 	-0.027872 	-1.98361 	0.271613 	0.597786 	0.0162678 	
1.015	0.0543268 	-0.0284489 	-1.98346 	0.271955 	0.599389 	0.01699 	
1.02	0.0543343 	-0.0287964 	-1.98316 	0.271963 	0.59944 	0.0169985 	
1.025	0.0543419 	-0.0291446 	-1.98286 	0.271971 	0.59949 	0.0170068 	
1.03	0.0544944 	-0.0297247 	-1.9827 	0.272321 	0.601102 	0.0177353 	
1.035	0.0545021 	-0.030074 	-1.98241 	0.272329 	0.601152 	0.0177435 	
1.04	0.0545099 	-0.0304238 	-1.98211 	0.272337 	0.601202 	0.0177515 	
1.045	0.0546645 	-0.0310069 	-1.98195 	0.272695 	0.60282 	0.0184861 	
1.05	0.0546725 	-0.0313578 	-1.98165 	0.272703 	0.60287 	0.018494 	
1.055	0.0546805 	-0.0317091 	-1.98134 	0.272711 	0.60292 	0.0185017 	
1.06	0.0548373 	-0.0322949 	-1.98118 	0.273078 	0.604545 	0.0192421 	
1.065	0.0548455 	-0.0326473 	-1.98088 	0.273086 	0.604594 	0.0192496 	
1.07	0.0548537 	-0.0330001 	-1.98058 	0.273093 	0.604643 	0.019257 	
1.075	0.0550126 	-0.0335885 	-1.98041 	0.273469 	0.606274 	0.0200031 	
1.08	0.055021 	-0.0339422 	-1.98011 	0.273476 	0.606323 	0.0200102 	
1.085	0.0550294 	-0.0342963 	-1.9798 	0.273484 	0.606372 	0.0200173 	
1.09	0.0551903 	-0.0348869 	-1.97964 	0.273867 	0.608008 	0.0207688 	
1.095	0.0551989 	-0.0352419 	-1.97933 	0.273875 	0.608057 	0.0207756 	
1.1	0.0552076 	-0.0355972 	-1.97902 	0.273883 	0.608105 	0.0207823 	
1.105	0.0553706 	-0.0361899 	-1.97886 	0.274274 	0.609746 	0.021539 	
1.11	0.0553794 	-0.0365459 	-1.97855 	0.274282 	0.609794 	0.0215454 	
1.115	0.0553882 	-0.0369023 	-1.97824 	0.274289 	0.609842 	0.0215517 	
1.12	0.0555532 	-0.0374969 	-1.97807 	0.274689 	0.611487 	0.0223135 	
1.125	0.0555622 	-0.0378539 	-1.97776 	0.274696 	0.611535 	0.0223195 	
1.13	0.0555713 	-0.0382111 	-1.97745 	0.274704 	0.611582 	0.0223255 	
1.135	0.0557382 	-0.0388073 	-1.97728 	0.275111 	0.61323 	0.0230919 	
1.14	0.0557474 	-0.0391652 	-1.97697 	0.275119 	0.613277 	0.0230977 	
1.145	0.0557567 	-0.0395232 	-1.97666 	0.275126 	0.613324 	0.0231032 	
1.15	0.0559255 	-0.0401209 	-1.97648 	0.275542 	0.614975 	0.0238742 	
1.155	0.0559349 	-0.0404794 	-1.97617 	0.275549 	0.615022 	0.0238796 	
1.16	0.0559444 	-0.0408381 	-1.97586 	0.275556 	0.615068 	0.0238848 	
1.165	0.0561151 	-0.0414369 	-1.97568 	0.27598 	0.616721 	0.0246601 	
1.17	0.0561247 	-0.0417961 	-1.97537 	0.275987 	0.616767 	0.024665 	
1.175	0.0561343 	-0.0421553 	-1.97505 	0.275994 	0.616813 	0.0246698 	
1.18	0.0563068 	-0.0427551 	-1.97488 	0.276425 	0.618468 	0.0254492 	
1.185	0.0563166 	-0.0431147 	-1.97456 	0.276432 	0.618513 	0.0254537 	
1.19	0.0563265 	-0.0434743 	-1.97425 	0.276439 	0.618559 	0.0254582 	
1.195	0.0565008 	-0.0440748 	-1.97407 	0.276878 	0.620214 	0.0262413 	
1.2	0.0565107 	-0.0444347 	-1.97375 	0.276885 	0.620259 	0.0262455 	
1.205	0.0565208 	-0.0447947 	-1.97343 	0.276892 	0.620304 	0.0262495 	
1.21	0.0566968 	-0.0453957 	-1.97325 	0.277339 	0.621959 	0.0270362 	
1.215	0.056707 	-0.0457558 	-1.97294 	0.277345 	0.622003 	0.02704 	
1.22	0.0567172 	-0.0461158 	-1.97262 	0.277352 	0.622048 	0.0270437 	
1.225	0.0568949 	-0.0467172 	-1.97244 	0.277806 	0.623703 	0.0278337 	
1.23	0.0569052 	-0.0470773 	-1.97212 	0.277813 	0.623746 	0.0278371 	
1.235	0.0569156 	-0.0474374 	-1.9718 	0.277819 	0.62379 	0.0278403 	
1.24	0.0570949 	-0.0480388 	-1.97162 	0.278281 	0.625444 	0.0286334 	
1.245	0.0571054 	-0.0483989 	-1.9713 	0.278287 	0.625487 	0.0286364 	
1.25	0.057116 	-0.0487589 	-1.97098 	0.278294 	0.62553 	0.0286393 	
1.255	0.0572968 	-0.0493602 	-1.97079 	0.278763 	0.627183 	0.0294351 	
1.26	0.0573075 	-0.04972 	-1.97048 	0.278769 	0.627225 	0.0294377 	
1.265	0.0573183 	-0.0500797 	-1.97016 	0.278775 	0.627267 	0.0294402 	
1.27	0.0575005 	-0.0506807 	-1.96997 	0.279251 	0.628918 	0.0302386 	
1.275	0.0575114 	-0.0510402 	-1.96965 	0.279257 	0.628959 	0.0302408 	
1.28	0.0575223 	-0.0513995 	-1.96933 	0.279263 	0.629001 	0.0302429 	
1.285	0.0577061 	-0.0519999 	-1.96914 	0.279746 	0.630648 	0.0310435 	
1.29	0.0577171 	-0.0523589 	-1.96882 	0.279752 	0.630689 	0.0310453 	
1.295	0.0577282 	-0.0527178 	-1.9685 	0.279758 	0.63073 	0.031047 	
1.3	0.0579132 	-0.0533173 	-1.96831 	0.280247 	0.632374 	0.0318497 	
1.305	0.0579244 	-0.0536758 	-1.96799 	0.280253 	0.632414 	0.0318511 	
1.31	0.0579357 	-0.054034 	-1.96767 	0.280259 	0.632455 	0.0318524 	
1.315	0.058122 	-0.0546325 	-1.96748 	0.280755 	0.634095 	0.0326567 	
1.32	0.0581334 	-0.0549903 	-1.96716 	0.28076 	0.634134 	0.0326578 	
1.325	0.0581448 	-0.0553478 	-1.96684 	0.280766 	0.634174 	0.0326586 	
1.33	0.0583323 	-0.055945 	-1.96665 	0.281269 	0.635809 	0.0334645 	
1.335	0.0583438 	-0.0563019 	-1.96633 	0.281274 	0.635848 	0.0334651 	
1.34	0.0583554 	-0.0566585 	-1.96601 	0.281279 	0.635887 	0.0334656 	
1.345	0.0585441 	-0.0572543 	-1.96581 	0.281788 	0.637517 	0.0342726 	
1.35	0.0585557 	-0.0576103 	-1.96549 	0.281793 	0.637555 	0.0342728 	
1.355	0.0585674 	-0.0579659 	-1.96518 	0.281798 	0.637593 	0.0342729 	
1.36	0.0587572 	-0.05856 	-1.96498 	0.282313 	0.639217 	0.0350808 	
1.365	0.058769 	-0.0589148 	-1.96466 	0.282318 	0.639254 	0.0350806 	
1.37	0.0587808 	-0.0592693 	-1.96434 	0.282323 	0.639292 	0.0350803 	
1.375	0.0589716 	-0.0598615 	-1.96414 	0.282844 	0.640909 	0.0358888 	
1.38	0.0589834 	-0.0602151 	-1.96383 	0.282848 	0.640946 	0.0358883 	
1.385	0.0589954 	-0.0605683 	-1.96351 	0.282853 	0.640983 	0.0358876 	
1.39	0.0591871 	-0.0611584 	-1.96331 	0.283379 	0.642593 	0.0366964 	
1.395	0.0591991 	-0.0615107 	-1.96299 	0.283384 	0.642629 	0.0366954 	
1.4	0.0592112 	-0.0618625 	-1.96267 	0.283389 	0.642665 	0.0366944 	
1.405	0.0594037 	-0.0624503 	-1.96247 	0.28392 	0.644268 	0.0375032 	
1.41	0.0594159 	-0.0628011 	-1.96216 	0.283924 	0.644303 	0.0375019 	
1.415	0.059428 	-0.0631514 	-1.96184 	0.283929 	0.644338 	0.0375004 	
1.42	0.0596214 	-0.0637366 	-1.96164 	0.284465 	0.645933 	0.038309 	
1.425	0.0596336 	-0.0640859 	-1.96132 	0.284469 	0.645968 	0.0383073 	
1.43	0.0596459 	-0.0644346 	-1.96101 	0.284474 	0.646002 	0.0383054 	
1.435	0.0598399 	-0.065017 	-1.96081 	0.285014 	0.647588 	0.0391134 	
1.44	0.0598522 	-0.0653646 	-1.96049 	0.285019 	0.647622 	0.0391113 	
1.445	0.0598646 	-0.0657115 	-1.96017 	0.285023 	0.647655 	0.0391091 	
1.45	0.0600592 	-0.066291 	-1.95997 	0.285568 	0.649232 	0.0399162 	
1.455	0.0600716 	-0.0666367 	-1.95966 	0.285572 	0.649265 	0.0399138 	
1.46	0.0600841 	-0.0669818 	-1.95934 	0.285576 	0.649298 	0.0399112 	
1.465	0.0602792 	-0.0675581 	-1.95914 	0.286126 	0.650865 	0.0407172 	
1.47	0.0602917 	-0.0679019 	-1.95883 	0.286129 	0.650897 	0.0407144 	
1.475	0.0603042 	-0.0682449 	-1.95851 	0.286133 	0.650929 	0.0407114 	
1.48	0.0604997 	-0.0688178 	-1.95831 	0.286687 	0.652485 	0.0415159 	
1.485	0.0605123 	-0.0691596 	-1.958 	0.28669 	0.652517 	0.0415127 	
1.49	0.0605249 	-0.0695005 	-1.95769 	0.286694 	0.652548 	0.0415094 	
1.495	0.0607208 	-0.0700699 	-1.95748 	0.287251 	0.654094 	0.042312 	
1.5	0.0607334 	-0.0704094 	-1.95717 	0.287255 	0.654124 	0.0423085 	
1.505	0.0607461 	-0.0707481 	-1.95686 	0.287258 	0.654155 	0.0423049 	
1.51	0.0609422 	-0.0713137 	-1.95666 	0.287818 	0.655689 	0.0431054 	
1.515	0.0609549 	-0.0716509 	-1.95635 	0.287822 	0.655719 	0.0431016 	
1.52	0.0609677 	-0.0719873 	-1.95604 	0.287825 	0.655749 	0.0430976 	
1.525	0.0611639 	-0.0725488 	-1.95584 	0.288388 	0.657271 	0.0438957 	
1.53	0.0611767 	-0.0728836 	-1.95553 	0.288391 	0.6573 	0.0438915 	
1.535	0.0611895 	-0.0732176 	-1.95522 	0.288394 	0.657329 	0.0438873 	
1.54	0.0613857 	-0.0737749 	-1.95502 	0.288961 	0.658838 	0.0446826 	
1.545	0.0613986 	-0.0741072 	-1.95471 	0.288964 	0.658867 	0.0446781 	
1.55	0.0614114 	-0.0744386 	-1.95441 	0.288966 	0.658895 	0.0446735 	
1.555	0.0616076 	-0.0749916 	-1.9542 	0.289535 	0.660391 	0.0454658 	
1.56	0.0616205 	-0.0753212 	-1.9539 	0.289538 	0.660419 	0.045461 	
1.565	0.0616334 	-0.0756499 	-1.9536 	0.28954 	0.660447 	0.045456 	
1.57	0.0618294 	-0.0761982 	-1.95339 	0.290111 	0.66193 	0.0462449 	
1.575	0.0618423 	-0.0765251 	-1.95309 	0.290113 	0.661956 	0.0462398 	
1.58	0.0618552 	-0.076851 	-1.95279 	0.290116 	0.661983 	0.0462346 	
1.585	0.0620511 	-0.0773946 	-1.95258 	0.290688 	0.663452 	0.0470198 	
1.59	0.062064 	-0.0777186 	-1.95228 	0.290691 	0.663478 	0.0470144 	
1.595	0.0620769 	-0.0780416 	-1.95198 	0.290693 	0.663504 	0.0470088 	
1.6	0.0622724 	-0.0785802 	-1.95178 	0.291267 	0.664959 	0.04779 	
1.605	0.0622853 	-0.0789013 	-1.95148 	0.291269 	0.664984 	0.0477843 	
1.61	0.0622983 	-0.0792212 	-1.95119 	0.291271 	0.665009 	0.0477785 	
1.615	0.0623112 	-0.0795402 	-1.95089 	0.291273 	0.665034 	0.0477726 	
1.62	0.0625606 	-0.0801365 	-1.95072 	0.292019 	0.666895 	0.0487826 	
1.625	0.0625735 	-0.0804534 	-1.95042 	0.292021 	0.666919 	0.0487765 	
1.63	0.0625865 	-0.0807692 	-1.95013 	0.292023 	0.666943 	0.0487704 	
1.635	0.0627863 	-0.0813019 	-1.94993 	0.292616 	0.668404 	0.0495648 	
1.64	0.0627992 	-0.0816156 	-1.94963 	0.292618 	0.668428 	0.0495585 	
1.645	0.0628122 	-0.0819281 	-1.94934 	0.29262 	0.668451 	0.0495521 	
1.65	0.0628251 	-0.0822395 	-1.94905 	0.292621 	0.668475 	0.0495455 	
1.655	0.0630732 	-0.0828221 	-1.94888 	0.29337 	0.670292 	0.0505431 	
1.66	0.0630861 	-0.0831312 	-1.94859 	0.293372 	0.670314 	0.0505364 	
1.665	0.063099 	-0.0834392 	-1.9483 	0.293373 	0.670337 	0.0505297 	
1.67	0.0631119 	-0.083746 	-1.94801 	0.293375 	0.670359 	0.0505229 	
1.675	0.0633635 	-0.0843256 	-1.94784 	0.294139 	0.672185 	0.0515323 	
1.68	0.0633764 	-0.0846301 	-1.94756 	0.294141 	0.672207 	0.0515254 	
1.685	0.0633892 	-0.0849334 	-1.94727 	0.294142 	0.672229 	0.0515183 	
1.69	0.0634021 	-0.0852355 	-1.94699 	0.294143 	0.67225 	0.0515112 	
1.695	0.0636526 	-0.0858064 	-1.94682 	0.294908 	0.67405 	0.0525123 	
1.7	0.0636654 	-0.0861061 	-1.94654 	0.294909 	0.67407 	0.0525051 	
1.705	0.0636782 	-0.0864045 	-1.94626 	0.29491 	0.674091 	0.0524977 	
1.71	0.063691 	-0.0867016 	-1.94598 	0.294911 	0.674111 	0.0524903 	
1.715	0.0639396 	-0.0872631 	-1.94581 	0.295674 	0.67588 	0.0534803 	
1.72	0.0639523 	-0.0875577 	-1.94553 	0.295675 	0.6759 	0.0534728 	
1.725	0.063965 	-0.0878511 	-1.94526 	0.295676 	0.67592 	0.0534653 	
1.73	0.0639777 	-0.0881431 	-1.94498 	0.295677 	0.675939 	0.0534576 	
1.735	0.0642241 	-0.0886948 	-1.94481 	0.296436 	0.677676 	0.0544355 	
1.74	0.0642368 	-0.0889842 	-1.94454 	0.296437 	0.677695 	0.0544277 	
1.745	0.0642494 	-0.0892723 	-1.94427 	0.296438 	0.677713 	0.0544199 	
1.75	0.0642621 	-0.089559 	-1.944 	0.296439 	0.677732 	0.0544121 	
1.755	0.064506 	-0.0901005 	-1.94383 	0.297194 	0.679435 	0.0553771 	
1.76	0.0645186 	-0.0903846 	-1.94356 	0.297194 	0.679453 	0.0553691 	
1.765	0.0645311 	-0.0906673 	-1.94329 	0.297195 	0.679471 	0.055361 	
1.77	0.0645436 	-0.0909486 	-1.94303 	0.297196 	0.679489 	0.055353 	
1.775	0.064785 	-0.0914796 	-1.94286 	0.297946 	0.681158 	0.0563043 	
1.78	0.0647974 	-0.0917581 	-1.9426 	0.297946 	0.681175 	0.0562961 	
1.785	0.0648098 	-0.0920352 	-1.94233 	0.297947 	0.681192 	0.0562879 	
1.79	0.0648222 	-0.0923109 	-1.94207 	0.297947 	0.681209 	0.0562796 	
1.795	0.0650606 	-0.0928311 	-1.94191 	0.298691 	0.682843 	0.0572164 	
1.8	0.0650729 	-0.0931039 	-1.94165 	0.298691 	0.68286 	0.0572081 	
1.805	0.0650851 	-0.0933753 	-1.94139 	0.298692 	0.682876 	0.0571997 	
1.81	0.0650974 	-0.0936452 	-1.94113 	0.298692 	0.682892 	0.0571913 	
1.815	0.0653326 	-0.0941542 	-1.94097 	0.299429 	0.68449 	0.0581128 	
1.82	0.0653448 	-0.0944212 	-1.94072 	0.299429 	0.684505 	0.0581043 	
1.825	0.0653569 	-0.0946867 	-1.94046 	0.299429 	0.684521 	0.0580958 	
1.83	0.065369 	-0.0949506 	-1.94021 	0.299429 	0.684536 	0.0580873 	
1.835	0.0656008 	-0.0954483 	-1.94005 	0.300159 	0.686097 	0.0589928 	
1.84	0.0656128 	-0.0957093 	-1.9398 	0.300159 	0.686112 	0.0589842 	
1.845	0.0656247 	-0.0959687 	-1.93955 	0.300159 	0.686127 	0.0589756 	
1.85	0.0656367 	-0.0962266 	-1.93931 	0.300158 	0.686141 	0.0589669 	
1.855	0.0658648 	-0.0967125 	-1.93915 	0.300879 	0.687665 	0.0598556 	
1.86	0.0658766 	-0.0969673 	-1.93891 	0.300879 	0.687679 	0.0598469 	
1.865	0.0658884 	-0.0972205 	-1.93866 	0.300879 	0.687693 	0.0598382 	
1.87	0.0659001 	-0.0974722 	-1.93842 	0.300878 	0.687706 	0.0598295 	
1.875	0.0661244 	-0.0979462 	-1.93827 	0.301589 	0.689192 	0.0607006 	
1.88	0.066136 	-0.0981947 	-1.93803 	0.301589 	0.689205 	0.0606918 	
1.885	0.0661476 	-0.0984415 	-1.93779 	0.301589 	0.689218 	0.0606831 	
1.89	0.0661591 	-0.0986868 	-1.93756 	0.301588 	0.689231 	0.0606743 	
1.895	0.0663792 	-0.0991486 	-1.9374 	0.302288 	0.690678 	0.0615271 	
1.9	0.0663906 	-0.0993906 	-1.93717 	0.302288 	0.69069 	0.0615183 	
1.905	0.066402 	-0.099631 	-1.93694 	0.302287 	0.690702 	0.0615095 	
1.91	0.0664133 	-0.0998697 	-1.93671 	0.302287 	0.690715 	0.0615006 	
1.915	0.066629 	-0.100319 	-1.93656 	0.302975 	0.692121 	0.0623344 	
1.92	0.0666402 	-0.100554 	-1.93633 	0.302975 	0.692133 	0.0623255 	
1.925	0.0666513 	-0.100788 	-1.93611 	0.302974 	0.692145 	0.0623167 	
1.93	0.0666624 	-0.10102 	-1.93588 	0.302974 	0.692156 	0.0623079 	
1.935	0.0666735 	-0.101251 	-1.93566 	0.302973 	0.692167 	0.0622991 	
1.94	0.0669287 	-0.101731 	-1.93553 	0.303798 	0.693832 	0.0632943 	
1.945	0.0669395 	-0.101958 	-1.93531 	0.303798 	0.693843 	0.0632855 	
1.95	0.0669504 	-0.102183 	-1.9351 	0.303797 	0.693853 	0.0632767 	
1.955	0.0669612 	-0.102407 	-1.93488 	0.303796 	0.693864 	0.0632679 	
1.96	0.0669719 	-0.102628 	-1.93467 	0.303795 	0.693874 	0.0632592 	
1.965	0.0672243 	-0.103095 	-1.93454 	0.304616 	0.695506 	0.0642418 	
1.97	0.0672348 	-0.103314 	-1.93433 	0.304615 	0.695516 	0.064233 	
1.975	0.0672453 	-0.10353 	-1.93412 	0.304614 	0.695526 	0.0642243 	
1.98	0.0672558 	-0.103745 	-1.93391 	0.304613 	0.695536 	0.0642156 	
1.985	0.0672662 	-0.103958 	-1.93371 	0.304612 	0.695546 	0.0642069 	
1.99	0.067511 	-0.104407 	-1.93358 	0.305411 	0.697115 	0.0651578 	
1.995	0.0675212 	-0.104616 	-1.93338 	0.30541 	0.697125 	0.0651491 	
2	0.0675314 	-0.104824 	-1.93318 	0.305409 	0.697134 	0.0651405 	
2.005	0.0675415 	-0.10503 	-1.93298 	0.305408 	0.697143 	0.0651319 	
2.01	0.0675515 	-0.105234 	-1.93278 	0.305407 	0.697152 	0.0651233 	
2.015	0.067788 	-0.105664 	-1.93266 	0.306182 	0.698655 	0.0660393 	
2.02	0.0677978 	-0.105864 	-1.93247 	0.30618 	0.698664 	0.0660308 	
2.025	0.0678076 	-0.106063 	-1.93228 	0.306179 	0.698672 	0.0660223 	
2.03	0.0678174 	-0.10626 	-1.93209 	0.306178 	0.69868 	0.0660139 	
2.035	0.067827 	-0.106455 	-1.9319 	0.306177 	0.698689 	0.0660054 	
2.04	0.0680546 	-0.106865 	-1.93178 	0.306925 	0.700124 	0.0668851 	
2.045	0.0680641 	-0.107056 	-1.9316 	0.306924 	0.700132 	0.0668768 	
2.05	0.0680735 	-0.107246 	-1.93141 	0.306923 	0.70014 	0.0668685 	
2.055	0.0680828 	-0.107433 	-1.93123 	0.306922 	0.700147 	0.0668602 	
2.06	0.0680921 	-0.107619 	-1.93105 	0.306921 	0.700155 	0.066852 	
2.065	0.0683104 	-0.10801 	-1.93094 	0.30764 	0.701521 	0.0676941 	
2.07	0.0683195 	-0.108192 	-1.93076 	0.307639 	0.701528 	0.0676859 	
2.075	0.0683285 	-0.108372 	-1.93059 	0.307638 	0.701535 	0.0676778 	
2.08	0.0683374 	-0.10855 	-1.93041 	0.307637 	0.701542 	0.0676698 	
2.085	0.0683463 	-0.108726 	-1.93024 	0.307636 	0.701549 	0.0676618 	
2.09	0.0683551 	-0.1089 	-1.93007 	0.307634 	0.701556 	0.0676538 	
2.095	0.0685983 	-0.109303 	-1.92998 	0.308444 	0.703076 	0.0685976 	
2.1	0.0686069 	-0.109473 	-1.92981 	0.308443 	0.703082 	0.0685898 	
2.105	0.0686154 	-0.109642 	-1.92965 	0.308442 	0.703089 	0.068582 	
2.11	0.0686238 	-0.109809 	-1.92949 	0.308441 	0.703095 	0.0685743 	
2.115	0.0686321 	-0.109973 	-1.92933 	0.308439 	0.703101 	0.0685666 	
2.12	0.0686404 	-0.110136 	-1.92917 	0.308438 	0.703107 	0.068559 	
2.125	0.0688731 	-0.110515 	-1.92908 	0.309216 	0.70455 	0.0694609 	
2.13	0.0688812 	-0.110674 	-1.92892 	0.309215 	0.704556 	0.0694534 	
2.135	0.0688891 	-0.110831 	-1.92877 	0.309214 	0.704562 	0.069446 	
2.14	0.068897 	-0.110986 	-1.92862 	0.309213 	0.704567 	0.0694386 	
2.145	0.0689048 	-0.111139 	-1.92847 	0.309211 	0.704573 	0.0694313 	
2.15	0.0689125 	-0.11129 	-1.92832 	0.30921 	0.704578 	0.0694241 	
2.155	0.0689201 	-0.111439 	-1.92818 	0.309209 	0.704583 	0.0694169 	
2.16	0.0691681 	-0.111818 	-1.92811 	0.310045 	0.706115 	0.0703815 	
2.165	0.0691755 	-0.111963 	-1.92797 	0.310044 	0.70612 	0.0703744 	
2.17	0.0691828 	-0.112106 	-1.92783 	0.310042 	0.706125 	0.0703675 	
2.175	0.06919 	-0.112247 	-1.92769 	0.310041 	0.70613 	0.0703606 	
2.18	0.0691972 	-0.112385 	-1.92755 	0.31004 	0.706135 	0.0703538 	
2.185	0.0692042 	-0.112522 	-1.92742 	0.310039 	0.706139 	0.0703471 	
2.19	0.0692112 	-0.112657 	-1.92729 	0.310038 	0.706144 	0.0703405 	
2.195	0.0694415 	-0.113004 	-1.92722 	0.310817 	0.707556 	0.0712352 	
2.2	0.0694482 	-0.113135 	-1.92709 	0.310816 	0.70756 	0.0712287 	
2.205	0.0694548 	-0.113264 	-1.92697 	0.310815 	0.707565 	0.0712223 	
2.21	0.0694614 	-0.113391 	-1.92684 	0.310814 	0.707569 	0.071216 	
2.215	0.0694678 	-0.113515 	-1.92672 	0.310812 	0.707573 	0.0712098 	
2.22	0.0694742 	-0.113638 	-1.9266 	0.310811 	0.707577 	0.0712036 	
2.225	0.0694804 	-0.113759 	-1.92648 	0.31081 	0.707581 	0.0711976 	
2.23	0.0694866 	-0.113877 	-1.92637 	0.310809 	0.707585 	0.0711916 	
2.235	0.0697191 	-0.114209 	-1.92632 	0.311602 	0.709004 	0.0720974 	
2.24	0.069725 	-0.114323 	-1.9262 	0.311601 	0.709008 	0.0720916 	
2.245	0.0697309 	-0.114436 	-1.92609 	0.311599 	0.709012 	0.0720859 	
2.25	0.0697366 	-0.114546 	-1.92598 	0.311598 	0.709015 	0.0720803 	
2.255	0.0697422 	-0.114654 	-1.92588 	0.311597 	0.709018 	0.0720748 	
2.26	0.0697477 	-0.11476 	-1.92577 	0.311596 	0.709022 	0.0720693 	
2.265	0.0697532 	-0.114864 	-1.92567 	0.311595 	0.709025 	0.072064 	
2.27	0.0697585 	-0.114966 	-1.92557 	0.311594 	0.709028 	0.0720588 	
2.275	0.0697637 	-0.115066 	-1.92547 	0.311593 	0.709031 	0.0720536 	
2.28	0.0699897 	-0.115372 	-1.92544 	0.312369 	0.710405 	0.0729363 	
2.285	0.0699947 	-0.115468 	-1.92535 	0.312368 	0.710408 	0.0729313 	
2.29	0.0699996 	-0.115562 	-1.92525 	0.312367 	0.710411 	0.0729265 	
2.295	0.0700044 	-0.115653 	-1.92516 	0.312366 	0.710413 	0.0729217 	
2.3	0.0700091 	-0.115743 	-1.92508 	0.312365 	0.710416 	0.0729171 	
2.305	0.0700136 	-0.11583 	-1.92499 	0.312364 	0.710419 	0.0729125 	
2.31	0.0700181 	-0.115915 	-1.92491 	0.312363 	0.710421 	0.072908 	
2.315	0.0700225 	-0.115998 	-1.92482 	0.312362 	0.710424 	0.0729037 	
2.32	0.0700267 	-0.116079 	-1.92474 	0.312362 	0.710426 	0.0728994 	
2.325	0.0700309 	-0.116158 	-1.92467 	0.312361 	0.710428 	0.0728953 	
2.33	0.0700349 	-0.116234 	-1.92459 	0.31236 	0.71043 	0.0728912 	
2.335	0.0702564 	-0.116513 	-1.92458 	0.313126 	0.711774 	0.0737603 	
2.34	0.0702602 	-0.116585 	-1.92451 	0.313125 	0.711776 	0.0737564 	
2.345	0.0702639 	-0.116655 	-1.92444 	0.313125 	0.711778 	0.0737527 	
2.35	0.0702675 	-0.116723 	-1.92437 	0.313124 	0.71178 	0.0737491 	
2.355	0.070271 	-0.116789 	-1.92431 	0.313123 	0.711781 	0.0737456 	
2.36	0.0702743 	-0.116853 	-1.92424 	0.313123 	0.711783 	0.0737422 	
2.365	0.0702776 	-0.116915 	-1.92418 	0.313122 	0.711785 	0.0737389 	
2.37	0.0702807 	-0.116974 	-1.92412 	0.313121 	0.711787 	0.0737357 	
2.375	0.0702838 	-0.117032 	-1.92407 	0.313121 	0.711788 	0.0737327 	
2.38	0.0702867 	-0.117087 	-1.92401 	0.31312 	0.71179 	0.0737297 	
2.385	0.0702895 	-0.11714 	-1.92396 	0.313119 	0.711791 	0.0737269 	
2.39	0.0702922 	-0.117191 	-1.92391 	0.313119 	0.711793 	0.0737241 	
2.395	0.0702948 	-0.11724 	-1.92386 	0.313118 	0.711794 	0.0737215 	
2.4	0.0702972 	-0.117286 	-1.92382 	0.313118 	0.711795 	0.073719 	
2.405	0.0702996 	-0.117331 	-1.92377 	0.313117 	0.711796 	0.0737166 	
2.41	0.0703018 	-0.117373 	-1.92373 	0.313117 	0.711798 	0.0737143 	
2.415	0.070304 	-0.117413 	-1.92369 	0.313116 	0.711799 	0.0737121 	
2.42	0.0705249 	-0.117655 	-1.92371 	0.31389 	0.713139 	0.074587 	
2.425	0.0705267 	-0.117688 	-1.92368 	0.31389 	0.71314 	0.0745852 	
2.43	0.0705284 	-0.117721 	-1.92365 	0.313889 	0.713141 	0.0745834 	
2.435	0.0705301 	-0.117753 	-1.92361 	0.313889 	0.713142 	0.0745817 	
2.44	0.0705317 	-0.117783 	-1.92359 	0.313889 	0.713143 	0.0745801 	
2.445	0.0705331 	-0.11781 	-1.92356 	0.313888 	0.713144 	0.0745786 	
2.45	0.0705345 	-0.117835 	-1.92353 	0.313888 	0.713144 	0.0745772 	
2.455	0.0705357 	-0.117858 	-1.92351 	0.313888 	0.713145 	0.074576 	
2.46	0.0705368 	-0.117879 	-1.92349 	0.313888 	0.713145 	0.0745749 	
2.465	0.0705378 	-0.117898 	-1.92347 	0.313887 	0.713146 	0.0745739 	
2.47	0.0705387 	-0.117914 	-1.92346 	0.313887 	0.713146 	0.074573 	
2.475	0.0705394 	-0.117929 	-1.92344 	0.313887 	0.713147 	0.0745722 	
2.48	0.0705401 	-0.117941 	-1.92343 	0.313887 	0.713147 	0.0745715 	
2.485	0.0705406 	-0.117951 	-1.92342 	0.313887 	0.713147 	0.074571 	
2.49	0.070541 	-0.117959 	-1.92341 	0.313887 	0.713148 	0.0745705 	
2.495	0.0705413 	-0.117964 	-1.92341 	0.313887 	0.713148 	0.0745702 	
2.5	0.0705413 	-0.117964 	-1.92341 	0.313887 	0.713148 	0.0745702 	
2.505	0.0705416 	-0.117969 	-1.9234 	0.313887 	0.713148 	0.07457 	
2.51	0.0705514 	-0.11798 	-1.92338 	0.313882 	0.713145 	0.0745568 	
2.515	0.0705514 	-0.11798 	-1.92338 	0.313882 	0.713145 	0.0745568 	
2.52	0.0705511 	-0.117981 	-1.92338 	0.313881 	0.71314 	0.074555 	
2.525	0.0705499 	-0.11798 	-1.92338 	0.31388 	0.713136 	0.0745545 	
2.53	0.0705483 	-0.117979 	-1.92337 	0.313879 	0.71313 	0.0745539 	
2.535	0.0705463 	-0.117978 	-1.92336 	0.313878 	0.713123 	0.0745533 	
2.54	0.070544 	-0.117977 	-1.92336 	0.313876 	0.713114 	0.0745525 	
2.545	0.0705414 	-0.117975 	-1.92335 	0.313874 	0.713104 	0.0745516 	
2.55	0.0705383 	-0.117974 	-1.92334 	0.313872 	0.713093 	0.0745506 	
2.555	0.0705349 	-0.117972 	-1.92333 	0.31387 	0.713081 	0.0745495 	
2.56	0.0705312 	-0.11797 	-1.92332 	0.313868 	0.713067 	0.0745482 	
2.565	0.070527 	-0.117967 	-1.92331 	0.313865 	0.713052 	0.0745468 	
2.57	0.0705226 	-0.117965 	-1.92329 	0.313862 	0.713035 	0.0745453 	
2.575	0.0705177 	-0.117962 	-1.92328 	0.313859 	0.713018 	0.0745437 	
2.58	0.0705125 	-0.117959 	-1.92326 	0.313855 	0.712999 	0.074542 	
2.585	0.0704999 	-0.117948 	-1.92326 	0.313854 	0.712979 	0.0745493 	
2.59	0.0704933 	-0.117944 	-1.92324 	0.31385 	0.712958 	0.0745483 	
2.595	0.070487 	-0.117941 	-1.92322 	0.313846 	0.712935 	0.0745463 	
2.6	0.0704803 	-0.117937 	-1.9232 	0.313842 	0.712911 	0.074544 	
2.605	0.0704733 	-0.117933 	-1.92318 	0.313837 	0.712885 	0.0745417 	
2.61	0.070466 	-0.117929 	-1.92316 	0.313832 	0.712858 	0.0745392 	
2.615	0.0704583 	-0.117924 	-1.92314 	0.313827 	0.71283 	0.0745367 	
2.62	0.0704502 	-0.11792 	-1.92311 	0.313822 	0.7128 	0.074534 	
2.625	0.0704418 	-0.117915 	-1.92309 	0.313816 	0.712769 	0.0745311 	
2.63	0.070433 	-0.11791 	-1.92306 	0.31381 	0.712737 	0.0745282 	
2.635	0.0704238 	-0.117905 	-1.92303 	0.313804 	0.712703 	0.0745252 	
2.64	0.0704144 	-0.1179 	-1.923 	0.313797 	0.712669 	0.074522 	
2.645	0.0704045 	-0.117894 	-1.92297 	0.313791 	0.712632 	0.0745187 	
2.65	0.0703943 	-0.117889 	-1.92294 	0.313784 	0.712595 	0.0745153 	
2.655	0.0703838 	-0.117883 	-1.92291 	0.313777 	0.712556 	0.0745118 	
2.66	0.0703729 	-0.117877 	-1.92288 	0.31377 	0.712516 	0.0745081 	
2.665	0.0703605 	-0.11787 	-1.92284 	0.313761 	0.712471 	0.074504 	
2.67	0.0703499 	-0.117864 	-1.92281 	0.313754 	0.712432 	0.0745004 	
2.675	0.0703368 	-0.117857 	-1.92277 	0.313745 	0.712384 	0.0744961 	
2.68	0.0703245 	-0.11785 	-1.92273 	0.313737 	0.712339 	0.0744919 	
2.685	0.0703118 	-0.117843 	-1.92269 	0.313729 	0.712292 	0.0744877 	
2.69	0.0702988 	-0.117835 	-1.92266 	0.31372 	0.712245 	0.0744834 	
2.695	0.0702854 	-0.117828 	-1.92262 	0.313711 	0.712196 	0.0744789 	
2.7	0.0702717 	-0.11782 	-1.92257 	0.313702 	0.712145 	0.0744743 	
2.705	0.0702576 	-0.117812 	-1.92253 	0.313692 	0.712094 	0.0744696 	
2.71	0.0702432 	-0.117804 	-1.92249 	0.313683 	0.712041 	0.0744648 	
2.715	0.0702284 	-0.117796 	-1.92244 	0.313673 	0.711986 	0.0744599 	
2.72	0.0702133 	-0.117788 	-1.9224 	0.313663 	0.711931 	0.0744548 	
2.725	0.0701979 	-0.117779 	-1.92235 	0.313652 	0.711874 	0.0744497 	
2.73	0.0701821 	-0.11777 	-1.9223 	0.313642 	0.711816 	0.0744444 	
2.735	0.0701659 	-0.117761 	-1.92226 	0.313631 	0.711757 	0.074439 	
2.74	0.0701495 	-0.117752 	-1.92221 	0.31362 	0.711697 	0.0744336 	
2.745	0.0701327 	-0.117743 	-1.92216 	0.313609 	0.711635 	0.074428 	
2.75	0.0701156 	-0.117733 	-1.9221 	0.313597 	0.711572 	0.0744222 	
2.755	0.0700283 	-0.117406 	-1.92197 	0.313639 	0.709801 	0.0746317 	
2.76	0.0700104 	-0.117396 	-1.92192 	0.313627 	0.709736 	0.0746258 	
2.765	0.0699923 	-0.117386 	-1.92187 	0.313615 	0.709669 	0.0746198 	
2.77	0.0699738 	-0.117376 	-1.92181 	0.313603 	0.709601 	0.0746136 	
2.775	0.069955 	-0.117365 	-1.92175 	0.31359 	0.709532 	0.0746074 	
2.78	0.0699359 	-0.117355 	-1.9217 	0.313577 	0.709462 	0.074601 	
2.785	0.0699164 	-0.117344 	-1.92164 	0.313564 	0.709391 	0.0745946 	
2.79	0.0698967 	-0.117333 	-1.92158 	0.313551 	0.709318 	0.074588 	
2.795	0.0698766 	-0.117322 	-1.92152 	0.313538 	0.709244 	0.0745813 	
2.8	0.0698561 	-0.117311 	-1.92145 	0.313524 	0.709169 	0.0745745 	
2.805	0.0698354 	-0.117299 	-1.92139 	0.31351 	0.709093 	0.0745676 	
2.81	0.0698143 	-0.117288 	-1.92133 	0.313496 	0.709016 	0.0745606 	
2.815	0.0697929 	-0.117276 	-1.92126 	0.313482 	0.708937 	0.0745535 	
2.82	0.0697712 	-0.117264 	-1.9212 	0.313467 	0.708857 	0.0745463 	
2.825	0.0697491 	-0.117252 	-1.92113 	0.313453 	0.708777 	0.074539 	
2.83	0.0696131 	-0.116939 	-1.92099 	0.313269 	0.707009 	0.0744606 	
2.835	0.0695904 	-0.116927 	-1.92092 	0.313254 	0.706926 	0.0744531 	
2.84	0.0695674 	-0.116914 	-1.92085 	0.313238 	0.706841 	0.0744455 	
2.845	0.0695442 	-0.116902 	-1.92078 	0.313223 	0.706756 	0.0744378 	
2.85	0.0695206 	-0.116889 	-1.92071 	0.313207 	0.706669 	0.07443 	
2.855	0.0694967 	-0.116875 	-1.92064 	0.313191 	0.706581 	0.0744221 	
2.86	0.0694725 	-0.116862 	-1.92056 	0.313175 	0.706492 	0.0744141 	
2.865	0.0694479 	-0.116849 	-1.92049 	0.313159 	0.706402 	0.074406 	
2.87	0.0694231 	-0.116835 	-1.92041 	0.313143 	0.706311 	0.0743979 	
2.875	0.069398 	-0.116821 	-1.92034 	0.313126 	0.706219 	0.0743896 	
2.88	0.0693726 	-0.116807 	-1.92026 	0.313109 	0.706125 	0.0743812 	
2.885	0.0693468 	-0.116793 	-1.92018 	0.313092 	0.706031 	0.0743727 	
2.89	0.0693208 	-0.116779 	-1.9201 	0.313075 	0.705935 	0.0743642 	
2.895	0.0691704 	-0.116452 	-1.91994 	0.312857 	0.704068 	0.0742517 	
2.9	0.0691438 	-0.116438 	-1.91986 	0.31284 	0.70397 	0.0742429 	
2.905	0.0691169 	-0.116423 	-1.91978 	0.312822 	0.703871 	0.0742341 	
2.91	0.0690897 	-0.116408 	-1.9197 	0.312804 	0.703771 	0.0742252 	
2.915	0.0690623 	-0.116393 	-1.91961 	0.312786 	0.70367 	0.0742162 	
2.92	0.0690391 	-0.116383 	-1.91952 	0.312766 	0.703567 	0.0742011 	
2.925	0.0690111 	-0.116368 	-1.91944 	0.312747 	0.703464 	0.0741918 	
2.93	0.0689827 	-0.116352 	-1.91935 	0.312728 	0.70336 	0.0741826 	
2.935	0.0689541 	-0.116337 	-1.91926 	0.312709 	0.703254 	0.0741732 	
2.94	0.0689252 	-0.116321 	-1.91918 	0.31269 	0.703148 	0.0741638 	
2.945	0.0688961 	-0.116305 	-1.91909 	0.312671 	0.703041 	0.0741542 	
2.95	0.0687451 	-0.115985 	-1.91892 	0.312455 	0.701203 	0.0740413 	
2.955	0.0687154 	-0.115969 	-1.91883 	0.312436 	0.701093 	0.0740316 	
2.96	0.0686854 	-0.115953 	-1.91874 	0.312416 	0.700983 	0.0740219 	
2.965	0.0686551 	-0.115936 	-1.91864 	0.312396 	0.700871 	0.074012 	
2.97	0.0686246 	-0.11592 	-1.91855 	0.312376 	0.700759 	0.0740021 	
2.975	0.0685938 	-0.115903 	-1.91846 	0.312356 	0.700646 	0.0739921 	
2.98	0.0685627 	-0.115887 	-1.91836 	0.312335 	0.700531 	0.073982 	
2.985	0.0685314 	-0.11587 	-1.91827 	0.312315 	0.700416 	0.0739718 	
2.99	0.0684998 	-0.115853 	-1.91817 	0.312294 	0.7003 	0.0739616 	
2.995	0.0684679 	-0.115836 	-1.91807 	0.312273 	0.700183 	0.0739512 	
3	0.0683143 	-0.115515 	-1.91789 	0.312056 	0.698333 	0.073838 	
3.005	0.0682819 	-0.115498 	-1.91779 	0.312035 	0.698214 	0.0738276 	
3.01	0.0682493 	-0.11548 	-1.9177 	0.312014 	0.698094 	0.073817 	
3.015	0.0682164 	-0.115463 	-1.9176 	0.311993 	0.697973 	0.0738064 	
3.02	0.0681833 	-0.115445 	-1.91749 	0.311971 	0.697851 	0.0737957 	
3.025	0.06815 	-0.115427 	-1.91739 	0.311949 	0.697728 	0.073785 	
3.03	0.0681164 	-0.115409 	-1.91729 	0.311927 	0.697604 	0.0737741 	
3.035	0.0680825 	-0.115391 	-1.91719 	0.311905 	0.69748 	0.0737632 	
3.04	0.0680484 	-0.115373 	-1.91708 	0.311883 	0.697354 	0.0737522 	
3.045	0.0678958 	-0.11506 	-1.9169 	0.311671 	0.695541 	0.0736418 	
3.05	0.0678612 	-0.115041 	-1.91679 	0.311648 	0.695414 	0.0736308 	
3.055	0.0678264 	-0.115023 	-1.91668 	0.311626 	0.695286 	0.0736196 	
3.06	0.0677914 	-0.115004 	-1.91658 	0.311603 	0.695157 	0.0736084 	
3.065	0.0677562 	-0.114986 	-1.91647 	0.31158 	0.695027 	0.0735971 	
3.07	0.0677207 	-0.114967 	-1.91636 	0.311557 	0.694896 	0.0735857 	
3.075	0.067685 	-0.114948 	-1.91625 	0.311534 	0.694764 	0.0735743 	
3.08	0.0676491 	-0.114929 	-1.91614 	0.31151 	0.694632 	0.0735628 	
3.085	0.067613 	-0.11491 	-1.91603 	0.311487 	0.694499 	0.0735512 	
3.09	0.0674518 	-0.114581 	-1.91583 	0.311264 	0.692585 	0.0734356 	
3.095	0.0674152 	-0.114562 	-1.91572 	0.311241 	0.69245 	0.073424 	
3.1	0.0673785 	-0.114542 	-1.91561 	0.311217 	0.692314 	0.0734123 	
3.105	0.0673415 	-0.114523 	-1.91549 	0.311193 	0.692178 	0.0734005 	
3.11	0.0673043 	-0.114503 	-1.91538 	0.311169 	0.692041 	0.0733887 	
3.115	0.0672669 	-0.114484 	-1.91527 	0.311145 	0.691903 	0.0733768 	
3.12	0.0672293 	-0.114464 	-1.91515 	0.31112 	0.691764 	0.0733648 	
3.125	0.0671915 	-0.114444 	-1.91504 	0.311096 	0.691625 	0.0733528 	
3.13	0.0670354 	-0.114132 	-1.91483 	0.310884 	0.689799 	0.0732431 	
3.135	0.0669972 	-0.114112 	-1.91472 	0.310859 	0.689658 	0.073231 	
3.14	0.0669588 	-0.114092 	-1.9146 	0.310835 	0.689516 	0.0732189 	
3.145	0.0669202 	-0.114072 	-1.91448 	0.31081 	0.689374 	0.0732067 	
3.15	0.0668814 	-0.114051 	-1.91436 	0.310785 	0.689231 	0.0731945 	
3.155	0.0668425 	-0.114031 	-1.91424 	0.31076 	0.689087 	0.0731822 	
3.16	0.0668033 	-0.114011 	-1.91412 	0.310735 	0.688942 	0.0731698 	
3.165	0.066764 	-0.11399 	-1.914 	0.310709 	0.688797 	0.0731574 	
3.17	0.0666026 	-0.113669 	-1.91379 	0.310491 	0.686911 	0.0730449 	
3.175	0.0665629 	-0.113648 	-1.91367 	0.310466 	0.686764 	0.0730325 	
3.18	0.0665231 	-0.113628 	-1.91354 	0.31044 	0.686617 	0.07302 	
3.185	0.0664831 	-0.113607 	-1.91342 	0.310415 	0.686469 	0.0730074 	
3.19	0.0664429 	-0.113586 	-1.9133 	0.310389 	0.68632 	0.0729948 	
3.195	0.0664025 	-0.113566 	-1.91317 	0.310363 	0.686171 	0.0729822 	
3.2	0.066362 	-0.113545 	-1.91305 	0.310337 	0.686022 	0.0729695 	
3.205	0.0663213 	-0.113524 	-1.91292 	0.310311 	0.685871 	0.0729568 	
3.21	0.0661542 	-0.113192 	-1.9127 	0.310087 	0.683916 	0.0728411 	
3.215	0.0661132 	-0.113171 	-1.91258 	0.31006 	0.683764 	0.0728284 	
3.22	0.0660721 	-0.11315 	-1.91245 	0.310034 	0.683612 	0.0728156 	
3.225	0.0660308 	-0.113129 	-1.91232 	0.310008 	0.683459 	0.0728027 	
3.23	0.0659893 	-0.113108 	-1.9122 	0.309982 	0.683306 	0.0727898 	
3.235	0.0659477 	-0.113086 	-1.91207 	0.309955 	0.683152 	0.0727769 	
3.24	0.065906 	-0.113065 	-1.91194 	0.309929 	0.682998 	0.0727639 	
3.245	0.0658641 	-0.113044 	-1.91181 	0.309902 	0.682843 	0.0727509 	
3.25	0.0656921 	-0.112703 	-1.91158 	0.309671 	0.680824 	0.0726323 	
3.255	0.0656499 	-0.112681 	-1.91145 	0.309645 	0.680668 	0.0726193 	
3.26	0.0656076 	-0.11266 	-1.91132 	0.309618 	0.680512 	0.0726062 	
3.265	0.0655652 	-0.112639 	-1.91119 	0.309591 	0.680355 	0.0725931 	
3.27	0.0655227 	-0.112617 	-1.91106 	0.309564 	0.680197 	0.07258 	
3.275	0.06548 	-0.112595 	-1.91092 	0.309537 	0.68004 	0.0725668 	
3.28	0.0654372 	-0.112574 	-1.91079 	0.30951 	0.679881 	0.0725537 	
3.285	0.0652759 	-0.112262 	-1.91057 	0.309298 	0.678026 	0.0724455 	
3.29	0.0652328 	-0.112241 	-1.91043 	0.309271 	0.677867 	0.0724323 	
3.295	0.0651897 	-0.112219 	-1.9103 	0.309244 	0.677707 	0.0724191 	
3.3	0.0651465 	-0.112197 	-1.91017 	0.309217 	0.677547 	0.0724058 	
3.305	0.0651031 	-0.112175 	-1.91003 	0.30919 	0.677387 	0.0723925 	
3.31	0.0650597 	-0.112154 	-1.9099 	0.309162 	0.677226 	0.0723792 	
3.315	0.0650161 	-0.112132 	-1.90976 	0.309135 	0.677064 	0.0723659 	
3.32	0.0648531 	-0.111819 	-1.90953 	0.308922 	0.675193 	0.0722575 	
3.325	0.0648093 	-0.111797 	-1.9094 	0.308895 	0.675031 	0.0722442 	
3.33	0.0647655 	-0.111775 	-1.90926 	0.308867 	0.674868 	0.0722309 	
3.335	0.0647215 	-0.111753 	-1.90912 	0.30884 	0.674705 	0.0722175 	
3.34	0.0646775 	-0.111731 	-1.90899 	0.308812 	0.674542 	0.0722041 	
3.345	0.0646334 	-0.11171 	-1.90885 	0.308785 	0.674379 	0.0721907 	
3.35	0.0645892 	-0.111688 	-1.90871 	0.308757 	0.674215 	0.0721773 	
3.355	0.0644238 	-0.111371 	-1.90848 	0.308542 	0.672314 	0.0720681 	
3.36	0.0643794 	-0.111349 	-1.90834 	0.308515 	0.67215 	0.0720547 	
3.365	0.064335 	-0.111327 	-1.9082 	0.308487 	0.671985 	0.0720413 	
3.37	0.0642905 	-0.111305 	-1.90806 	0.308459 	0.67182 	0.0720279 	
3.375	0.0642459 	-0.111283 	-1.90793 	0.308432 	0.671655 	0.0720144 	
3.38	0.0642013 	-0.111261 	-1.90779 	0.308404 	0.671489 	0.0720009 	
3.385	0.0641566 	-0.11124 	-1.90765 	0.308376 	0.671323 	0.0719874 	
3.39	0.0639891 	-0.11092 	-1.90741 	0.308159 	0.669397 	0.0718778 	
3.395	0.0639443 	-0.110898 	-1.90727 	0.308132 	0.669231 	0.0718643 	
3.4	0.0638994 	-0.110876 	-1.90713 	0.308104 	0.669064 	0.0718509 	
3.405	0.0638545 	-0.110854 	-1.90699 	0.308076 	0.668898 	0.0718374 	
3.41	0.0638095 	-0.110832 	-1.90685 	0.308048 	0.668731 	0.0718239 	
3.415	0.0637645 	-0.11081 	-1.90671 	0.30802 	0.668564 	0.0718104 	
