0	0.310429 	-0.173769 	0.537008 	0.180534 	-1.45468 	-0.24872 	
0.005	0.310429 	-0.173769 	0.537008 	0.180534 	-1.45468 	-0.24872 	
0.01	0.310429 	-0.173769 	0.537008 	0.180534 	-1.45468 	-0.24872 	
0.015	0.31043 	-0.173769 	0.537008 	0.180534 	-1.45468 	-0.24872 	
0.02	0.310431 	-0.173769 	0.537008 	0.180534 	-1.45468 	-0.24872 	
0.025	0.310433 	-0.173769 	0.537009 	0.180534 	-1.45468 	-0.24872 	
0.03	0.310435 	-0.173769 	0.537009 	0.180534 	-1.45468 	-0.24872 	
0.035	0.310438 	-0.173769 	0.53701 	0.180534 	-1.45468 	-0.24872 	
0.04	0.310441 	-0.173769 	0.53701 	0.180534 	-1.45468 	-0.24872 	
0.045	0.310445 	-0.173769 	0.537011 	0.180534 	-1.45468 	-0.24872 	
0.05	0.31045 	-0.173769 	0.537012 	0.180534 	-1.45468 	-0.24872 	
0.055	0.310455 	-0.17377 	0.537013 	0.180534 	-1.45468 	-0.24872 	
0.06	0.310461 	-0.17377 	0.537014 	0.180534 	-1.45468 	-0.24872 	
0.065	0.310467 	-0.17377 	0.537015 	0.180534 	-1.45468 	-0.24872 	
0.07	0.310473 	-0.17377 	0.537016 	0.180534 	-1.45468 	-0.24872 	
0.075	0.310481 	-0.17377 	0.537018 	0.180534 	-1.45468 	-0.24872 	
0.08	0.310488 	-0.17377 	0.537019 	0.180534 	-1.45468 	-0.24872 	
0.085	0.310497 	-0.17377 	0.537021 	0.180534 	-1.45468 	-0.24872 	
0.09	0.310505 	-0.173771 	0.537022 	0.180534 	-1.45468 	-0.24872 	
0.095	0.310516 	-0.173771 	0.537024 	0.180534 	-1.45468 	-0.24872 	
0.1	0.310526 	-0.173771 	0.537026 	0.180534 	-1.45468 	-0.24872 	
0.105	0.310536 	-0.173771 	0.537028 	0.180534 	-1.45468 	-0.24872 	
0.11	0.310547 	-0.173771 	0.53703 	0.180534 	-1.45468 	-0.24872 	
0.115	0.310559 	-0.173772 	0.537032 	0.180534 	-1.45468 	-0.24872 	
0.12	0.310571 	-0.173772 	0.537034 	0.180534 	-1.45468 	-0.24872 	
0.125	0.310583 	-0.173772 	0.537037 	0.180534 	-1.45468 	-0.24872 	
0.13	0.310597 	-0.173772 	0.537039 	0.180534 	-1.45468 	-0.24872 	
0.135	0.31061 	-0.173773 	0.537042 	0.180534 	-1.45468 	-0.24872 	
0.14	0.310624 	-0.173773 	0.537044 	0.180534 	-1.45468 	-0.24872 	
0.145	0.310639 	-0.173773 	0.537047 	0.180534 	-1.45468 	-0.24872 	
0.15	0.310654 	-0.173774 	0.53705 	0.180534 	-1.45468 	-0.24872 	
0.155	0.31067 	-0.173774 	0.537053 	0.180534 	-1.45468 	-0.24872 	
0.16	0.310687 	-0.173774 	0.537056 	0.180534 	-1.45468 	-0.24872 	
0.165	0.310641 	-0.173759 	0.53704 	0.178912 	-1.45354 	-0.246485 	
0.17	0.310658 	-0.173759 	0.537043 	0.178912 	-1.45354 	-0.246485 	
0.175	0.310676 	-0.17376 	0.537047 	0.178912 	-1.45354 	-0.246485 	
0.18	0.310695 	-0.17376 	0.53705 	0.178912 	-1.45354 	-0.246485 	
0.185	0.310714 	-0.17376 	0.537054 	0.178912 	-1.45354 	-0.246485 	
0.19	0.310733 	-0.173761 	0.537057 	0.178912 	-1.45354 	-0.246485 	
0.195	0.310753 	-0.173761 	0.537061 	0.178912 	-1.45354 	-0.246485 	
0.2	0.310774 	-0.173762 	0.537065 	0.178912 	-1.45354 	-0.246485 	
0.205	0.310795 	-0.173762 	0.537069 	0.178912 	-1.45354 	-0.246485 	
0.21	0.310816 	-0.173762 	0.537073 	0.178912 	-1.45354 	-0.246485 	
0.215	0.310839 	-0.173763 	0.537077 	0.178912 	-1.45354 	-0.246485 	
0.22	0.310861 	-0.173763 	0.537081 	0.178912 	-1.45354 	-0.246485 	
0.225	0.310823 	-0.173749 	0.537066 	0.177313 	-1.45242 	-0.244282 	
0.23	0.310846 	-0.173749 	0.537071 	0.177313 	-1.45242 	-0.244282 	
0.235	0.310871 	-0.173749 	0.537075 	0.177313 	-1.45242 	-0.244282 	
0.24	0.310895 	-0.17375 	0.53708 	0.177313 	-1.45242 	-0.244282 	
0.245	0.310921 	-0.17375 	0.537085 	0.177313 	-1.45242 	-0.244282 	
0.25	0.310946 	-0.173751 	0.537089 	0.177313 	-1.45242 	-0.244282 	
0.255	0.310973 	-0.173751 	0.537094 	0.177313 	-1.45242 	-0.244282 	
0.26	0.310999 	-0.173752 	0.537099 	0.177313 	-1.45242 	-0.244282 	
0.265	0.311027 	-0.173752 	0.537104 	0.177313 	-1.45242 	-0.244282 	
0.27	0.311054 	-0.173753 	0.537109 	0.177313 	-1.45242 	-0.244282 	
0.275	0.311017 	-0.173738 	0.537095 	0.175618 	-1.45123 	-0.241947 	
0.28	0.311046 	-0.173738 	0.5371 	0.175618 	-1.45123 	-0.241947 	
0.285	0.311076 	-0.173739 	0.537106 	0.175618 	-1.45123 	-0.241947 	
0.29	0.311105 	-0.173739 	0.537111 	0.175618 	-1.45123 	-0.241947 	
0.295	0.311136 	-0.17374 	0.537117 	0.175618 	-1.45123 	-0.241947 	
0.3	0.311167 	-0.17374 	0.537122 	0.175618 	-1.45123 	-0.241947 	
0.305	0.311198 	-0.173741 	0.537128 	0.175618 	-1.45123 	-0.241947 	
0.31	0.31123 	-0.173741 	0.537134 	0.175618 	-1.45123 	-0.241947 	
0.315	0.3112 	-0.173727 	0.537121 	0.174005 	-1.4501 	-0.239725 	
0.32	0.311233 	-0.173728 	0.537127 	0.174005 	-1.4501 	-0.239725 	
0.325	0.311266 	-0.173728 	0.537134 	0.174005 	-1.4501 	-0.239725 	
0.33	0.3113 	-0.173729 	0.53714 	0.174005 	-1.4501 	-0.239725 	
0.335	0.311334 	-0.173729 	0.537146 	0.174005 	-1.4501 	-0.239725 	
0.34	0.311369 	-0.17373 	0.537153 	0.174005 	-1.4501 	-0.239725 	
0.345	0.311404 	-0.17373 	0.537159 	0.174005 	-1.4501 	-0.239725 	
0.35	0.311379 	-0.173717 	0.537147 	0.172425 	-1.44899 	-0.237548 	
0.355	0.311416 	-0.173717 	0.537154 	0.172425 	-1.44899 	-0.237548 	
0.36	0.311452 	-0.173718 	0.537161 	0.172425 	-1.44899 	-0.237548 	
0.365	0.31149 	-0.173719 	0.537168 	0.172425 	-1.44899 	-0.237548 	
0.37	0.311527 	-0.173719 	0.537175 	0.172425 	-1.44899 	-0.237548 	
0.375	0.311566 	-0.17372 	0.537182 	0.172425 	-1.44899 	-0.237548 	
0.38	0.311604 	-0.17372 	0.537189 	0.172425 	-1.44899 	-0.237548 	
0.385	0.311577 	-0.173706 	0.537176 	0.170708 	-1.44779 	-0.235182 	
0.39	0.311617 	-0.173706 	0.537184 	0.170708 	-1.44779 	-0.235182 	
0.395	0.311657 	-0.173707 	0.537191 	0.170708 	-1.44779 	-0.235182 	
0.4	0.311698 	-0.173707 	0.537198 	0.170708 	-1.44779 	-0.235182 	
0.405	0.311739 	-0.173708 	0.537206 	0.170708 	-1.44779 	-0.235182 	
0.41	0.311781 	-0.173708 	0.537214 	0.170708 	-1.44779 	-0.235182 	
0.415	0.31176 	-0.173695 	0.537203 	0.169088 	-1.44665 	-0.232951 	
0.42	0.311803 	-0.173696 	0.537211 	0.169088 	-1.44665 	-0.232951 	
0.425	0.311846 	-0.173696 	0.537218 	0.169089 	-1.44665 	-0.232951 	
0.43	0.311889 	-0.173697 	0.537226 	0.169089 	-1.44665 	-0.232951 	
0.435	0.311933 	-0.173697 	0.537235 	0.169089 	-1.44665 	-0.232951 	
0.44	0.311978 	-0.173698 	0.537243 	0.169089 	-1.44665 	-0.232951 	
0.445	0.311956 	-0.173684 	0.537231 	0.16738 	-1.44546 	-0.230597 	
0.45	0.312002 	-0.173685 	0.53724 	0.16738 	-1.44546 	-0.230597 	
0.455	0.312047 	-0.173685 	0.537248 	0.16738 	-1.44546 	-0.230597 	
0.46	0.312094 	-0.173686 	0.537257 	0.16738 	-1.44546 	-0.230597 	
0.465	0.312141 	-0.173686 	0.537265 	0.16738 	-1.44546 	-0.230597 	
0.47	0.312188 	-0.173687 	0.537274 	0.16738 	-1.44546 	-0.230597 	
0.475	0.312165 	-0.173672 	0.537262 	0.165564 	-1.44418 	-0.228096 	
0.48	0.312213 	-0.173673 	0.537271 	0.165564 	-1.44418 	-0.228096 	
0.485	0.312262 	-0.173673 	0.537279 	0.165564 	-1.44418 	-0.228096 	
0.49	0.312311 	-0.173674 	0.537288 	0.165564 	-1.44418 	-0.228096 	
0.495	0.31236 	-0.173674 	0.537297 	0.165564 	-1.44418 	-0.228096 	
0.5	0.312347 	-0.173662 	0.537288 	0.163939 	-1.44304 	-0.225857 	
0.505	0.312397 	-0.173662 	0.537297 	0.163939 	-1.44304 	-0.225857 	
0.51	0.312448 	-0.173663 	0.537307 	0.163939 	-1.44304 	-0.225857 	
0.515	0.312499 	-0.173663 	0.537316 	0.163939 	-1.44304 	-0.225857 	
0.52	0.312551 	-0.173664 	0.537325 	0.163939 	-1.44304 	-0.225857 	
0.525	0.312538 	-0.173651 	0.537316 	0.162268 	-1.44187 	-0.223555 	
0.53	0.312591 	-0.173651 	0.537325 	0.162268 	-1.44187 	-0.223555 	
0.535	0.312643 	-0.173652 	0.537335 	0.162268 	-1.44187 	-0.223555 	
0.54	0.312697 	-0.173652 	0.537345 	0.162268 	-1.44187 	-0.223555 	
0.545	0.312751 	-0.173653 	0.537355 	0.162268 	-1.44187 	-0.223555 	
0.55	0.312737 	-0.17364 	0.537345 	0.16053 	-1.44065 	-0.22116 	
0.555	0.312792 	-0.17364 	0.537355 	0.16053 	-1.44065 	-0.22116 	
0.56	0.312847 	-0.17364 	0.537365 	0.16053 	-1.44065 	-0.22116 	
0.565	0.312902 	-0.173641 	0.537375 	0.16053 	-1.44065 	-0.22116 	
0.57	0.312958 	-0.173641 	0.537385 	0.16053 	-1.44065 	-0.22116 	
0.575	0.312944 	-0.173628 	0.537375 	0.158723 	-1.43939 	-0.21867 	
0.58	0.313001 	-0.173628 	0.537385 	0.158723 	-1.43939 	-0.21867 	
0.585	0.313058 	-0.173629 	0.537396 	0.158723 	-1.43939 	-0.21867 	
0.59	0.313116 	-0.173629 	0.537406 	0.158723 	-1.43939 	-0.21867 	
0.595	0.313174 	-0.173629 	0.537417 	0.158723 	-1.43939 	-0.21867 	
0.6	0.313159 	-0.173616 	0.537406 	0.156849 	-1.43807 	-0.216089 	
0.605	0.313218 	-0.173616 	0.537417 	0.156849 	-1.43807 	-0.216089 	
0.61	0.313277 	-0.173616 	0.537428 	0.156849 	-1.43807 	-0.216089 	
0.615	0.313336 	-0.173617 	0.537439 	0.156849 	-1.43807 	-0.216089 	
0.62	0.313335 	-0.173605 	0.537432 	0.155264 	-1.43696 	-0.213905 	
0.625	0.313395 	-0.173606 	0.537443 	0.155264 	-1.43696 	-0.213905 	
0.63	0.313456 	-0.173606 	0.537454 	0.155264 	-1.43696 	-0.213905 	
0.635	0.313517 	-0.173606 	0.537465 	0.155264 	-1.43696 	-0.213905 	
0.64	0.313516 	-0.173595 	0.537458 	0.153672 	-1.43585 	-0.211712 	
0.645	0.313578 	-0.173595 	0.537469 	0.153672 	-1.43585 	-0.211712 	
0.65	0.31364 	-0.173595 	0.537481 	0.153672 	-1.43585 	-0.211712 	
0.655	0.313703 	-0.173596 	0.537492 	0.153672 	-1.43585 	-0.211712 	
0.66	0.313702 	-0.173585 	0.537485 	0.152044 	-1.4347 	-0.209469 	
0.665	0.313766 	-0.173585 	0.537497 	0.152044 	-1.4347 	-0.209469 	
0.67	0.313829 	-0.173585 	0.537508 	0.152044 	-1.4347 	-0.209469 	
0.675	0.313893 	-0.173585 	0.53752 	0.152044 	-1.4347 	-0.209469 	
0.68	0.313893 	-0.173574 	0.537513 	0.150377 	-1.43353 	-0.207173 	
0.685	0.313958 	-0.173574 	0.537525 	0.150377 	-1.43353 	-0.207173 	
0.69	0.314023 	-0.173574 	0.537536 	0.150377 	-1.43353 	-0.207173 	
0.695	0.314088 	-0.173574 	0.537548 	0.150377 	-1.43353 	-0.207173 	
0.7	0.314088 	-0.173563 	0.537541 	0.148673 	-1.43234 	-0.204825 	
0.705	0.314154 	-0.173563 	0.537553 	0.148673 	-1.43234 	-0.204825 	
0.71	0.314221 	-0.173562 	0.537565 	0.148673 	-1.43234 	-0.204825 	
0.715	0.314288 	-0.173562 	0.537577 	0.148673 	-1.43234 	-0.204825 	
0.72	0.314287 	-0.173551 	0.53757 	0.146932 	-1.43112 	-0.202427 	
0.725	0.314354 	-0.173551 	0.537582 	0.146932 	-1.43112 	-0.202427 	
0.73	0.314422 	-0.173551 	0.537595 	0.146932 	-1.43112 	-0.202427 	
0.735	0.314491 	-0.173551 	0.537607 	0.146932 	-1.43112 	-0.202427 	
0.74	0.31449 	-0.17354 	0.5376 	0.145156 	-1.42987 	-0.199979 	
0.745	0.314559 	-0.17354 	0.537612 	0.145156 	-1.42987 	-0.199979 	
0.75	0.314628 	-0.173539 	0.537625 	0.145156 	-1.42987 	-0.199979 	
0.755	0.314698 	-0.173539 	0.537637 	0.145156 	-1.42987 	-0.199979 	
0.76	0.314697 	-0.173528 	0.53763 	0.143345 	-1.4286 	-0.197485 	
0.765	0.314767 	-0.173528 	0.537642 	0.143345 	-1.4286 	-0.197485 	
0.77	0.314837 	-0.173527 	0.537655 	0.143345 	-1.4286 	-0.197485 	
0.775	0.314908 	-0.173527 	0.537668 	0.143345 	-1.4286 	-0.197485 	
0.78	0.314907 	-0.173516 	0.53766 	0.141501 	-1.42731 	-0.194944 	
0.785	0.314979 	-0.173516 	0.537673 	0.141501 	-1.42731 	-0.194944 	
0.79	0.315051 	-0.173515 	0.537686 	0.141501 	-1.42731 	-0.194944 	
0.795	0.315123 	-0.173515 	0.537699 	0.141501 	-1.42731 	-0.194944 	
0.8	0.315122 	-0.173504 	0.537692 	0.139625 	-1.426 	-0.19236 	
0.805	0.315194 	-0.173503 	0.537705 	0.139625 	-1.426 	-0.19236 	
0.81	0.315267 	-0.173503 	0.537718 	0.139625 	-1.426 	-0.19236 	
0.815	0.315341 	-0.173502 	0.537731 	0.139625 	-1.426 	-0.19236 	
0.82	0.315339 	-0.173491 	0.537723 	0.137718 	-1.42466 	-0.189732 	
0.825	0.315413 	-0.173491 	0.537737 	0.137718 	-1.42466 	-0.189732 	
0.83	0.315488 	-0.17349 	0.53775 	0.137718 	-1.42466 	-0.189732 	
0.835	0.315562 	-0.17349 	0.537763 	0.137718 	-1.42466 	-0.189732 	
0.84	0.315561 	-0.173479 	0.537756 	0.135781 	-1.4233 	-0.187064 	
0.845	0.315636 	-0.173478 	0.537769 	0.135781 	-1.4233 	-0.187064 	
0.85	0.315711 	-0.173477 	0.537782 	0.135781 	-1.4233 	-0.187064 	
0.855	0.315787 	-0.173477 	0.537796 	0.135781 	-1.4233 	-0.187064 	
0.86	0.315785 	-0.173466 	0.537788 	0.133816 	-1.42192 	-0.184357 	
0.865	0.315861 	-0.173465 	0.537802 	0.133816 	-1.42192 	-0.184357 	
0.87	0.315938 	-0.173464 	0.537815 	0.133816 	-1.42192 	-0.184357 	
0.875	0.316014 	-0.173464 	0.537829 	0.133816 	-1.42192 	-0.184357 	
0.88	0.316013 	-0.173453 	0.537821 	0.131824 	-1.42053 	-0.181612 	
0.885	0.31609 	-0.173452 	0.537835 	0.131824 	-1.42053 	-0.181612 	
0.89	0.316167 	-0.173451 	0.537849 	0.131824 	-1.42053 	-0.181612 	
0.895	0.316183 	-0.173443 	0.537846 	0.130261 	-1.41943 	-0.179459 	
0.9	0.316261 	-0.173442 	0.53786 	0.130261 	-1.41943 	-0.179459 	
0.905	0.316339 	-0.173441 	0.537873 	0.130261 	-1.41943 	-0.179459 	
0.91	0.316418 	-0.17344 	0.537887 	0.130261 	-1.41943 	-0.179459 	
0.915	0.316418 	-0.17343 	0.53788 	0.12827 	-1.41803 	-0.176715 	
0.92	0.316496 	-0.173429 	0.537894 	0.12827 	-1.41803 	-0.176715 	
0.925	0.316575 	-0.173428 	0.537908 	0.12827 	-1.41803 	-0.176715 	
0.93	0.316592 	-0.17342 	0.537905 	0.126678 	-1.41692 	-0.174523 	
0.935	0.316671 	-0.173419 	0.537919 	0.126678 	-1.41692 	-0.174523 	
0.94	0.316751 	-0.173417 	0.537933 	0.126678 	-1.41692 	-0.174523 	
0.945	0.316769 	-0.17341 	0.537931 	0.125116 	-1.41582 	-0.172371 	
0.95	0.316849 	-0.173408 	0.537945 	0.125116 	-1.41582 	-0.172371 	
0.955	0.31693 	-0.173407 	0.537959 	0.125116 	-1.41582 	-0.172371 	
0.96	0.316948 	-0.173399 	0.537957 	0.123547 	-1.41472 	-0.170209 	
0.965	0.317029 	-0.173398 	0.537971 	0.123547 	-1.41472 	-0.170209 	
0.97	0.31711 	-0.173397 	0.537986 	0.123547 	-1.41472 	-0.170209 	
0.975	0.317129 	-0.173389 	0.537983 	0.121966 	-1.41361 	-0.168031 	
0.98	0.31721 	-0.173388 	0.537998 	0.121966 	-1.41361 	-0.168031 	
0.985	0.317292 	-0.173386 	0.538012 	0.121966 	-1.41361 	-0.168031 	
0.99	0.31731 	-0.173379 	0.53801 	0.120373 	-1.4125 	-0.165837 	
0.995	0.317392 	-0.173377 	0.538024 	0.120373 	-1.4125 	-0.165837 	
1	0.317474 	-0.173376 	0.538039 	0.120373 	-1.4125 	-0.165837 	
1.005	0.317493 	-0.173368 	0.538036 	0.118771 	-1.41137 	-0.163629 	
1.01	0.317576 	-0.173367 	0.538051 	0.118771 	-1.41137 	-0.163629 	
1.015	0.317658 	-0.173365 	0.538065 	0.118771 	-1.41137 	-0.163629 	
1.02	0.317677 	-0.173358 	0.538063 	0.117158 	-1.41024 	-0.161407 	
1.025	0.31776 	-0.173356 	0.538078 	0.117158 	-1.41024 	-0.161407 	
1.03	0.317843 	-0.173354 	0.538092 	0.117158 	-1.41024 	-0.161407 	
1.035	0.317862 	-0.173347 	0.53809 	0.115535 	-1.40911 	-0.159172 	
1.04	0.317946 	-0.173346 	0.538105 	0.115535 	-1.40911 	-0.159172 	
1.045	0.318029 	-0.173344 	0.538119 	0.115535 	-1.40911 	-0.159172 	
1.05	0.318048 	-0.173337 	0.538117 	0.113904 	-1.40796 	-0.156924 	
1.055	0.318132 	-0.173335 	0.538132 	0.113904 	-1.40796 	-0.156924 	
1.06	0.318216 	-0.173333 	0.538146 	0.113904 	-1.40796 	-0.156924 	
1.065	0.318235 	-0.173326 	0.538144 	0.112264 	-1.40681 	-0.154665 	
1.07	0.318319 	-0.173324 	0.538159 	0.112264 	-1.40681 	-0.154665 	
1.075	0.318404 	-0.173322 	0.538174 	0.112264 	-1.40681 	-0.154665 	
1.08	0.318423 	-0.173316 	0.538172 	0.110617 	-1.40566 	-0.152396 	
1.085	0.318508 	-0.173313 	0.538186 	0.110617 	-1.40566 	-0.152396 	
1.09	0.318592 	-0.173311 	0.538201 	0.110617 	-1.40566 	-0.152396 	
1.095	0.318612 	-0.173305 	0.538199 	0.108963 	-1.4045 	-0.150116 	
1.1	0.318697 	-0.173302 	0.538214 	0.108963 	-1.4045 	-0.150116 	
1.105	0.318782 	-0.1733 	0.538229 	0.108963 	-1.4045 	-0.150116 	
1.11	0.318801 	-0.173294 	0.538227 	0.107301 	-1.40333 	-0.147828 	
1.115	0.318886 	-0.173292 	0.538241 	0.107301 	-1.40333 	-0.147828 	
1.12	0.318972 	-0.173289 	0.538256 	0.107301 	-1.40333 	-0.147828 	
1.125	0.318991 	-0.173283 	0.538254 	0.105634 	-1.40216 	-0.145531 	
1.13	0.319077 	-0.173281 	0.538269 	0.105634 	-1.40216 	-0.145531 	
1.135	0.319162 	-0.173278 	0.538284 	0.105634 	-1.40216 	-0.145531 	
1.14	0.319182 	-0.173272 	0.538282 	0.103962 	-1.40099 	-0.143227 	
1.145	0.319268 	-0.17327 	0.538297 	0.103962 	-1.40099 	-0.143227 	
1.15	0.319354 	-0.173267 	0.538312 	0.103962 	-1.40099 	-0.143227 	
1.155	0.319373 	-0.173261 	0.53831 	0.102284 	-1.39981 	-0.140916 	
1.16	0.319459 	-0.173259 	0.538325 	0.102284 	-1.39981 	-0.140916 	
1.165	0.319545 	-0.173256 	0.538339 	0.102284 	-1.39981 	-0.140916 	
1.17	0.319565 	-0.17325 	0.538338 	0.100603 	-1.39864 	-0.138599 	
1.175	0.319651 	-0.173248 	0.538352 	0.100603 	-1.39864 	-0.138599 	
1.18	0.319737 	-0.173245 	0.538367 	0.100603 	-1.39864 	-0.138599 	
1.185	0.319757 	-0.17324 	0.538366 	0.0989176 	-1.39745 	-0.136278 	
1.19	0.319843 	-0.173237 	0.53838 	0.0989176 	-1.39745 	-0.136278 	
1.195	0.31993 	-0.173234 	0.538395 	0.0989176 	-1.39745 	-0.136278 	
1.2	0.319949 	-0.173229 	0.538393 	0.0972293 	-1.39627 	-0.133952 	
1.205	0.320036 	-0.173225 	0.538408 	0.0972293 	-1.39627 	-0.133952 	
1.21	0.320122 	-0.173222 	0.538423 	0.0972293 	-1.39627 	-0.133952 	
1.215	0.320142 	-0.173218 	0.538422 	0.0955386 	-1.39508 	-0.131622 	
1.22	0.320229 	-0.173214 	0.538436 	0.0955386 	-1.39508 	-0.131622 	
1.225	0.320315 	-0.173211 	0.538451 	0.0955386 	-1.39508 	-0.131622 	
1.23	0.320335 	-0.173207 	0.53845 	0.093846 	-1.3939 	-0.12929 	
1.235	0.320422 	-0.173203 	0.538464 	0.093846 	-1.3939 	-0.12929 	
1.24	0.320508 	-0.1732 	0.538479 	0.093846 	-1.3939 	-0.12929 	
1.245	0.320528 	-0.173196 	0.538478 	0.0921521 	-1.39271 	-0.126957 	
1.25	0.320615 	-0.173192 	0.538492 	0.0921521 	-1.39271 	-0.126957 	
1.255	0.320702 	-0.173189 	0.538507 	0.0921521 	-1.39271 	-0.126957 	
1.26	0.320721 	-0.173185 	0.538506 	0.0904576 	-1.39152 	-0.124622 	
1.265	0.320808 	-0.173181 	0.538521 	0.0904576 	-1.39152 	-0.124622 	
1.27	0.320895 	-0.173178 	0.538535 	0.0904576 	-1.39152 	-0.124622 	
1.275	0.320914 	-0.173174 	0.538534 	0.088763 	-1.39033 	-0.122288 	
1.28	0.321001 	-0.17317 	0.538549 	0.088763 	-1.39033 	-0.122288 	
1.285	0.321088 	-0.173166 	0.538563 	0.088763 	-1.39033 	-0.122288 	
1.29	0.321107 	-0.173163 	0.538562 	0.0870689 	-1.38915 	-0.119954 	
1.295	0.321194 	-0.173159 	0.538577 	0.0870689 	-1.38915 	-0.119954 	
1.3	0.321281 	-0.173155 	0.538591 	0.0870689 	-1.38915 	-0.119954 	
1.305	0.3213 	-0.173152 	0.53859 	0.085376 	-1.38796 	-0.117621 	
1.31	0.321387 	-0.173148 	0.538605 	0.085376 	-1.38796 	-0.117621 	
1.315	0.321473 	-0.173144 	0.538619 	0.085376 	-1.38796 	-0.117621 	
1.32	0.321493 	-0.173141 	0.538618 	0.0836848 	-1.38677 	-0.115291 	
1.325	0.321579 	-0.173137 	0.538633 	0.0836848 	-1.38677 	-0.115291 	
1.33	0.321666 	-0.173133 	0.538647 	0.0836848 	-1.38677 	-0.115291 	
1.335	0.321685 	-0.17313 	0.538646 	0.0819959 	-1.38559 	-0.112965 	
1.34	0.321772 	-0.173126 	0.538661 	0.0819959 	-1.38559 	-0.112965 	
1.345	0.321858 	-0.173122 	0.538675 	0.0819959 	-1.38559 	-0.112965 	
1.35	0.321877 	-0.173119 	0.538674 	0.0803099 	-1.38441 	-0.110642 	
1.355	0.321963 	-0.173115 	0.538688 	0.0803099 	-1.38441 	-0.110642 	
1.36	0.32205 	-0.17311 	0.538703 	0.0803099 	-1.38441 	-0.110642 	
1.365	0.322069 	-0.173108 	0.538702 	0.0786274 	-1.38323 	-0.108324 	
1.37	0.322155 	-0.173104 	0.538716 	0.0786274 	-1.38323 	-0.108324 	
1.375	0.322241 	-0.173099 	0.538731 	0.0786274 	-1.38323 	-0.108324 	
1.38	0.32226 	-0.173097 	0.538729 	0.076949 	-1.38205 	-0.106012 	
1.385	0.322346 	-0.173093 	0.538744 	0.076949 	-1.38205 	-0.106012 	
1.39	0.322432 	-0.173088 	0.538758 	0.076949 	-1.38205 	-0.106012 	
1.395	0.322451 	-0.173086 	0.538757 	0.0752753 	-1.38088 	-0.103706 	
1.4	0.322536 	-0.173082 	0.538772 	0.0752753 	-1.38088 	-0.103706 	
1.405	0.322622 	-0.173077 	0.538786 	0.0752753 	-1.38088 	-0.103706 	
1.41	0.322641 	-0.173075 	0.538785 	0.0736069 	-1.37971 	-0.101407 	
1.415	0.322726 	-0.173071 	0.538799 	0.0736069 	-1.37971 	-0.101407 	
1.42	0.322811 	-0.173066 	0.538813 	0.0736069 	-1.37971 	-0.101407 	
1.425	0.32283 	-0.173064 	0.538812 	0.0719444 	-1.37854 	-0.0991169 	
1.43	0.322915 	-0.17306 	0.538827 	0.0719444 	-1.37854 	-0.0991169 	
1.435	0.323 	-0.173055 	0.538841 	0.0719444 	-1.37854 	-0.0991169 	
1.44	0.323019 	-0.173054 	0.53884 	0.0702883 	-1.37738 	-0.0968353 	
1.445	0.323103 	-0.173049 	0.538854 	0.0702883 	-1.37738 	-0.0968353 	
1.45	0.323188 	-0.173044 	0.538868 	0.0702883 	-1.37738 	-0.0968353 	
1.455	0.323206 	-0.173043 	0.538867 	0.0686393 	-1.37622 	-0.0945635 	
1.46	0.323291 	-0.173038 	0.538881 	0.0686393 	-1.37622 	-0.0945635 	
1.465	0.323375 	-0.173034 	0.538895 	0.0686393 	-1.37622 	-0.0945635 	
1.47	0.323393 	-0.173032 	0.538894 	0.0669979 	-1.37507 	-0.0923021 	
1.475	0.323477 	-0.173028 	0.538908 	0.0669979 	-1.37507 	-0.0923021 	
1.48	0.323561 	-0.173023 	0.538922 	0.0669979 	-1.37507 	-0.0923021 	
1.485	0.323579 	-0.173022 	0.538921 	0.0653647 	-1.37393 	-0.0900521 	
1.49	0.323663 	-0.173017 	0.538935 	0.0653647 	-1.37393 	-0.0900521 	
1.495	0.323746 	-0.173012 	0.538949 	0.0653647 	-1.37393 	-0.0900521 	
1.5	0.323764 	-0.173011 	0.538948 	0.0637403 	-1.37279 	-0.0878141 	
1.505	0.323847 	-0.173006 	0.538962 	0.0637403 	-1.37279 	-0.0878141 	
1.51	0.32393 	-0.173001 	0.538976 	0.0637403 	-1.37279 	-0.0878141 	
1.515	0.323948 	-0.173001 	0.538975 	0.0621252 	-1.37166 	-0.085589 	
1.52	0.32403 	-0.172996 	0.538989 	0.0621252 	-1.37166 	-0.085589 	
1.525	0.324113 	-0.172991 	0.539002 	0.0621252 	-1.37166 	-0.085589 	
1.53	0.324131 	-0.17299 	0.539001 	0.06052 	-1.37053 	-0.0833776 	
1.535	0.324213 	-0.172985 	0.539015 	0.06052 	-1.37053 	-0.0833776 	
1.54	0.324294 	-0.17298 	0.539029 	0.06052 	-1.37053 	-0.0833776 	
1.545	0.324312 	-0.17298 	0.539028 	0.0589253 	-1.36941 	-0.0811806 	
1.55	0.324394 	-0.172975 	0.539041 	0.0589253 	-1.36941 	-0.0811806 	
1.555	0.324475 	-0.17297 	0.539055 	0.0589253 	-1.36941 	-0.0811806 	
1.56	0.324493 	-0.17297 	0.539054 	0.0573417 	-1.3683 	-0.0789989 	
1.565	0.324573 	-0.172965 	0.539067 	0.0573417 	-1.3683 	-0.0789989 	
1.57	0.324654 	-0.172959 	0.539081 	0.0573417 	-1.3683 	-0.0789989 	
1.575	0.324671 	-0.172959 	0.53908 	0.0557697 	-1.3672 	-0.0768331 	
1.58	0.324752 	-0.172954 	0.539093 	0.0557697 	-1.3672 	-0.0768331 	
1.585	0.324832 	-0.172949 	0.539106 	0.0557697 	-1.3672 	-0.0768331 	
1.59	0.324849 	-0.172949 	0.539106 	0.0542098 	-1.36611 	-0.0746841 	
1.595	0.324929 	-0.172944 	0.539119 	0.0542098 	-1.36611 	-0.0746841 	
1.6	0.325008 	-0.172939 	0.539132 	0.0542098 	-1.36611 	-0.0746841 	
1.605	0.325025 	-0.172939 	0.539131 	0.0526626 	-1.36502 	-0.0725526 	
1.61	0.325104 	-0.172934 	0.539144 	0.0526626 	-1.36502 	-0.0725526 	
1.615	0.325182 	-0.172929 	0.539157 	0.0526626 	-1.36502 	-0.0725526 	
1.62	0.3252 	-0.172929 	0.539157 	0.0511287 	-1.36395 	-0.0704394 	
1.625	0.325278 	-0.172924 	0.53917 	0.0511287 	-1.36395 	-0.0704394 	
1.63	0.325356 	-0.172919 	0.539182 	0.0511287 	-1.36395 	-0.0704394 	
1.635	0.325433 	-0.172914 	0.539195 	0.0511287 	-1.36395 	-0.0704394 	
1.64	0.325432 	-0.172916 	0.539191 	0.0491571 	-1.36256 	-0.067723 	
1.645	0.325509 	-0.172911 	0.539203 	0.0491571 	-1.36256 	-0.067723 	
1.65	0.325586 	-0.172905 	0.539216 	0.0491571 	-1.36256 	-0.067723 	
1.655	0.325601 	-0.172906 	0.539215 	0.0476095 	-1.36148 	-0.0655909 	
1.66	0.325677 	-0.172901 	0.539228 	0.0476095 	-1.36148 	-0.0655909 	
1.665	0.325753 	-0.172896 	0.53924 	0.0476095 	-1.36148 	-0.0655909 	
1.67	0.325829 	-0.17289 	0.539252 	0.0476095 	-1.36148 	-0.0655909 	
1.675	0.325828 	-0.172893 	0.539248 	0.0456779 	-1.36012 	-0.0629297 	
1.68	0.325903 	-0.172888 	0.539261 	0.0456779 	-1.36012 	-0.0629297 	
1.685	0.325978 	-0.172883 	0.539273 	0.0456779 	-1.36012 	-0.0629297 	
1.69	0.326053 	-0.172877 	0.539285 	0.0456779 	-1.36012 	-0.0629297 	
1.695	0.32605 	-0.172881 	0.539281 	0.0437322 	-1.35876 	-0.0602491 	
1.7	0.326124 	-0.172875 	0.539293 	0.0437322 	-1.35876 	-0.0602491 	
1.705	0.326198 	-0.17287 	0.539305 	0.0437322 	-1.35876 	-0.0602491 	
1.71	0.326271 	-0.172865 	0.539317 	0.0437322 	-1.35876 	-0.0602491 	
1.715	0.326268 	-0.172868 	0.539312 	0.0418113 	-1.35741 	-0.0576027 	
1.72	0.326341 	-0.172863 	0.539324 	0.0418113 	-1.35741 	-0.0576027 	
1.725	0.326414 	-0.172858 	0.539336 	0.0418113 	-1.35741 	-0.0576027 	
1.73	0.326486 	-0.172852 	0.539348 	0.0418113 	-1.35741 	-0.0576027 	
1.735	0.326483 	-0.172856 	0.539344 	0.0399204 	-1.35609 	-0.0549976 	
1.74	0.326555 	-0.172851 	0.539355 	0.0399204 	-1.35609 	-0.0549976 	
1.745	0.326626 	-0.172845 	0.539367 	0.0399204 	-1.35609 	-0.0549976 	
1.75	0.326698 	-0.17284 	0.539378 	0.0399204 	-1.35609 	-0.0549976 	
1.755	0.326694 	-0.172844 	0.539374 	0.0380609 	-1.35478 	-0.0524358 	
1.76	0.326765 	-0.172839 	0.539386 	0.0380609 	-1.35478 	-0.0524358 	
1.765	0.326835 	-0.172833 	0.539397 	0.0380609 	-1.35478 	-0.0524358 	
1.77	0.326905 	-0.172828 	0.539408 	0.0380609 	-1.35478 	-0.0524358 	
1.775	0.326902 	-0.172832 	0.539404 	0.0362341 	-1.3535 	-0.0499191 	
1.78	0.326971 	-0.172827 	0.539416 	0.0362341 	-1.3535 	-0.0499191 	
1.785	0.32704 	-0.172821 	0.539427 	0.0362341 	-1.3535 	-0.0499191 	
1.79	0.327109 	-0.172816 	0.539438 	0.0362341 	-1.3535 	-0.0499191 	
1.795	0.327106 	-0.172821 	0.539434 	0.0344412 	-1.35225 	-0.0474491 	
1.8	0.327174 	-0.172815 	0.539445 	0.0344412 	-1.35225 	-0.0474491 	
1.805	0.327241 	-0.17281 	0.539456 	0.0344412 	-1.35225 	-0.0474491 	
1.81	0.327308 	-0.172805 	0.539467 	0.0344412 	-1.35225 	-0.0474491 	
1.815	0.327305 	-0.172809 	0.539463 	0.0326833 	-1.35101 	-0.0450272 	
1.82	0.327372 	-0.172804 	0.539474 	0.0326833 	-1.35101 	-0.0450272 	
1.825	0.327438 	-0.172799 	0.539484 	0.0326833 	-1.35101 	-0.0450272 	
1.83	0.327504 	-0.172793 	0.539495 	0.0326833 	-1.35101 	-0.0450272 	
1.835	0.327501 	-0.172798 	0.539492 	0.0309615 	-1.34981 	-0.0426551 	
1.84	0.327566 	-0.172793 	0.539502 	0.0309615 	-1.34981 	-0.0426551 	
1.845	0.327631 	-0.172788 	0.539512 	0.0309615 	-1.34981 	-0.0426551 	
1.85	0.327695 	-0.172782 	0.539523 	0.0309615 	-1.34981 	-0.0426551 	
1.855	0.327692 	-0.172787 	0.539519 	0.0292768 	-1.34863 	-0.0403341 	
1.86	0.327756 	-0.172782 	0.53953 	0.0292768 	-1.34863 	-0.0403341 	
1.865	0.327819 	-0.172777 	0.53954 	0.0292768 	-1.34863 	-0.0403341 	
1.87	0.327882 	-0.172771 	0.53955 	0.0292768 	-1.34863 	-0.0403341 	
1.875	0.327879 	-0.172777 	0.539547 	0.0276303 	-1.34747 	-0.0380658 	
1.88	0.327941 	-0.172771 	0.539556 	0.0276303 	-1.34747 	-0.0380658 	
1.885	0.328003 	-0.172766 	0.539566 	0.0276303 	-1.34747 	-0.0380658 	
1.89	0.328065 	-0.172761 	0.539576 	0.0276303 	-1.34747 	-0.0380658 	
1.895	0.328062 	-0.172766 	0.539573 	0.0260231 	-1.34634 	-0.0358516 	
1.9	0.328122 	-0.172761 	0.539583 	0.0260231 	-1.34634 	-0.0358516 	
1.905	0.328183 	-0.172756 	0.539592 	0.0260231 	-1.34634 	-0.0358516 	
1.91	0.328242 	-0.172751 	0.539602 	0.0260231 	-1.34634 	-0.0358516 	
1.915	0.32824 	-0.172756 	0.539599 	0.0244562 	-1.34525 	-0.0336928 	
1.92	0.328299 	-0.172751 	0.539608 	0.0244562 	-1.34525 	-0.0336928 	
1.925	0.328357 	-0.172746 	0.539618 	0.0244562 	-1.34525 	-0.0336928 	
1.93	0.328415 	-0.172741 	0.539627 	0.0244562 	-1.34525 	-0.0336928 	
1.935	0.328413 	-0.172746 	0.539624 	0.0229304 	-1.34418 	-0.0315909 	
1.94	0.32847 	-0.172741 	0.539633 	0.0229304 	-1.34418 	-0.0315909 	
1.945	0.328527 	-0.172736 	0.539642 	0.0229304 	-1.34418 	-0.0315909 	
1.95	0.328584 	-0.172731 	0.539651 	0.0229304 	-1.34418 	-0.0315909 	
1.955	0.32864 	-0.172726 	0.53966 	0.0229304 	-1.34418 	-0.0315909 	
1.96	0.328624 	-0.172734 	0.539655 	0.0211211 	-1.34291 	-0.0290981 	
1.965	0.328679 	-0.172729 	0.539664 	0.0211211 	-1.34291 	-0.0290981 	
1.97	0.328734 	-0.172724 	0.539672 	0.0211211 	-1.34291 	-0.0290981 	
1.975	0.328789 	-0.172719 	0.539681 	0.0211211 	-1.34291 	-0.0290981 	
1.98	0.328843 	-0.172715 	0.53969 	0.0211211 	-1.34291 	-0.0290981 	
1.985	0.328826 	-0.172723 	0.539684 	0.0193437 	-1.34166 	-0.0266494 	
1.99	0.328879 	-0.172718 	0.539693 	0.0193437 	-1.34166 	-0.0266494 	
1.995	0.328932 	-0.172713 	0.539701 	0.0193437 	-1.34166 	-0.0266494 	
2	0.328984 	-0.172708 	0.539709 	0.0193437 	-1.34166 	-0.0266494 	
2.005	0.329036 	-0.172704 	0.539717 	0.0193437 	-1.34166 	-0.0266494 	
2.01	0.32902 	-0.172712 	0.539712 	0.017632 	-1.34046 	-0.0242913 	
2.015	0.329071 	-0.172707 	0.53972 	0.017632 	-1.34046 	-0.0242913 	
2.02	0.329121 	-0.172702 	0.539728 	0.017632 	-1.34046 	-0.0242913 	
2.025	0.329172 	-0.172698 	0.539736 	0.017632 	-1.34046 	-0.0242913 	
2.03	0.329221 	-0.172693 	0.539744 	0.017632 	-1.34046 	-0.0242913 	
2.035	0.329206 	-0.172701 	0.539739 	0.0159911 	-1.33931 	-0.0220306 	
2.04	0.329254 	-0.172697 	0.539747 	0.0159911 	-1.33931 	-0.0220306 	
2.045	0.329303 	-0.172692 	0.539755 	0.0159911 	-1.33931 	-0.0220306 	
2.05	0.329351 	-0.172688 	0.539762 	0.0159911 	-1.33931 	-0.0220306 	
2.055	0.329398 	-0.172683 	0.53977 	0.0159911 	-1.33931 	-0.0220306 	
2.06	0.329383 	-0.172691 	0.539765 	0.0144229 	-1.33821 	-0.0198701 	
2.065	0.32943 	-0.172687 	0.539772 	0.0144229 	-1.33821 	-0.0198701 	
2.07	0.329476 	-0.172682 	0.53978 	0.0144229 	-1.33821 	-0.0198701 	
2.075	0.329521 	-0.172678 	0.539787 	0.0144229 	-1.33821 	-0.0198701 	
2.08	0.329566 	-0.172674 	0.539794 	0.0144229 	-1.33821 	-0.0198701 	
2.085	0.329611 	-0.17267 	0.539801 	0.0144229 	-1.33821 	-0.0198701 	
2.09	0.329586 	-0.172679 	0.539795 	0.0126703 	-1.33698 	-0.0174556 	
2.095	0.32963 	-0.172675 	0.539802 	0.0126703 	-1.33698 	-0.0174556 	
2.1	0.329673 	-0.172671 	0.539808 	0.0126703 	-1.33698 	-0.0174556 	
2.105	0.329716 	-0.172667 	0.539815 	0.0126703 	-1.33698 	-0.0174556 	
2.11	0.329758 	-0.172663 	0.539822 	0.0126703 	-1.33698 	-0.0174556 	
2.115	0.3298 	-0.172659 	0.539828 	0.0126703 	-1.33698 	-0.0174556 	
2.12	0.329775 	-0.172668 	0.539822 	0.0109973 	-1.33581 	-0.0151507 	
2.125	0.329816 	-0.172665 	0.539829 	0.0109973 	-1.33581 	-0.0151507 	
2.13	0.329857 	-0.172661 	0.539835 	0.0109973 	-1.33581 	-0.0151507 	
2.135	0.329897 	-0.172657 	0.539841 	0.0109973 	-1.33581 	-0.0151507 	
2.14	0.329936 	-0.172653 	0.539847 	0.0109973 	-1.33581 	-0.0151507 	
2.145	0.329975 	-0.172649 	0.539854 	0.0109973 	-1.33581 	-0.0151507 	
2.15	0.329952 	-0.172659 	0.539848 	0.00943304 	-1.33471 	-0.0129956 	
2.155	0.32999 	-0.172655 	0.539854 	0.00943304 	-1.33471 	-0.0129956 	
2.16	0.330027 	-0.172651 	0.53986 	0.00943304 	-1.33471 	-0.0129956 	
2.165	0.330064 	-0.172648 	0.539865 	0.00943304 	-1.33471 	-0.0129956 	
2.17	0.330101 	-0.172644 	0.539871 	0.00943304 	-1.33471 	-0.0129956 	
2.175	0.330137 	-0.172641 	0.539877 	0.00943304 	-1.33471 	-0.0129956 	
2.18	0.330172 	-0.172637 	0.539882 	0.00943304 	-1.33471 	-0.0129956 	
2.185	0.330142 	-0.172648 	0.539876 	0.00777741 	-1.33355 	-0.0107147 	
2.19	0.330176 	-0.172644 	0.539881 	0.00777741 	-1.33355 	-0.0107147 	
2.195	0.33021 	-0.172641 	0.539886 	0.00777741 	-1.33355 	-0.0107147 	
2.2	0.330244 	-0.172638 	0.539891 	0.00777741 	-1.33355 	-0.0107147 	
2.205	0.330277 	-0.172634 	0.539897 	0.00777741 	-1.33355 	-0.0107147 	
2.21	0.33031 	-0.172631 	0.539902 	0.00777741 	-1.33355 	-0.0107147 	
2.215	0.330342 	-0.172628 	0.539907 	0.00777741 	-1.33355 	-0.0107147 	
2.22	0.330313 	-0.172638 	0.5399 	0.00625483 	-1.33248 	-0.00861705 	
2.225	0.330344 	-0.172635 	0.539905 	0.00625483 	-1.33248 	-0.00861705 	
2.23	0.330375 	-0.172632 	0.53991 	0.00625483 	-1.33248 	-0.00861705 	
2.235	0.330405 	-0.172629 	0.539915 	0.00625483 	-1.33248 	-0.00861705 	
2.24	0.330434 	-0.172626 	0.539919 	0.00625483 	-1.33248 	-0.00861705 	
2.245	0.330463 	-0.172623 	0.539924 	0.00625483 	-1.33248 	-0.00861705 	
2.25	0.330492 	-0.17262 	0.539928 	0.00625483 	-1.33248 	-0.00861705 	
2.255	0.33052 	-0.172617 	0.539933 	0.00625483 	-1.33248 	-0.00861705 	
2.26	0.330487 	-0.172628 	0.539926 	0.00473024 	-1.33141 	-0.00651664 	
2.265	0.330514 	-0.172625 	0.53993 	0.00473024 	-1.33141 	-0.00651664 	
2.27	0.33054 	-0.172623 	0.539934 	0.00473024 	-1.33141 	-0.00651664 	
2.275	0.330566 	-0.17262 	0.539938 	0.00473024 	-1.33141 	-0.00651664 	
2.28	0.330592 	-0.172618 	0.539942 	0.00473024 	-1.33141 	-0.00651664 	
2.285	0.330616 	-0.172615 	0.539946 	0.00473024 	-1.33141 	-0.00651664 	
2.29	0.330641 	-0.172613 	0.53995 	0.00473024 	-1.33141 	-0.00651664 	
2.295	0.330665 	-0.17261 	0.539953 	0.00473024 	-1.33141 	-0.00651664 	
2.3	0.330688 	-0.172608 	0.539957 	0.00473024 	-1.33141 	-0.00651664 	
2.305	0.330711 	-0.172606 	0.53996 	0.00473024 	-1.33141 	-0.00651664 	
2.31	0.33067 	-0.172618 	0.539952 	0.00313474 	-1.3303 	-0.00431852 	
2.315	0.330692 	-0.172615 	0.539956 	0.00313474 	-1.3303 	-0.00431852 	
2.32	0.330713 	-0.172613 	0.539959 	0.00313474 	-1.3303 	-0.00431852 	
2.325	0.330734 	-0.172611 	0.539962 	0.00313474 	-1.3303 	-0.00431852 	
2.33	0.330754 	-0.172609 	0.539965 	0.00313474 	-1.3303 	-0.00431852 	
2.335	0.330773 	-0.172607 	0.539968 	0.00313474 	-1.3303 	-0.00431852 	
2.34	0.330792 	-0.172605 	0.539971 	0.00313474 	-1.3303 	-0.00431852 	
2.345	0.330811 	-0.172603 	0.539974 	0.00313474 	-1.3303 	-0.00431852 	
2.35	0.330829 	-0.172601 	0.539977 	0.00313474 	-1.3303 	-0.00431852 	
2.355	0.330847 	-0.1726 	0.53998 	0.00313474 	-1.3303 	-0.00431852 	
2.36	0.330864 	-0.172598 	0.539982 	0.00313474 	-1.3303 	-0.00431852 	
2.365	0.33088 	-0.172596 	0.539985 	0.00313474 	-1.3303 	-0.00431852 	
2.37	0.330896 	-0.172595 	0.539987 	0.00313474 	-1.3303 	-0.00431852 	
2.375	0.330849 	-0.172607 	0.539978 	0.00155958 	-1.32919 	-0.00214844 	
2.38	0.330864 	-0.172606 	0.539981 	0.00155958 	-1.32919 	-0.00214844 	
2.385	0.330878 	-0.172604 	0.539983 	0.00155958 	-1.32919 	-0.00214844 	
2.39	0.330892 	-0.172603 	0.539985 	0.00155958 	-1.32919 	-0.00214844 	
2.395	0.330905 	-0.172602 	0.539987 	0.00155958 	-1.32919 	-0.00214844 	
2.4	0.330918 	-0.1726 	0.539989 	0.00155958 	-1.32919 	-0.00214844 	
2.405	0.33093 	-0.172599 	0.539991 	0.00155958 	-1.32919 	-0.00214844 	
2.41	0.330942 	-0.172598 	0.539993 	0.00155958 	-1.32919 	-0.00214844 	
2.415	0.330953 	-0.172597 	0.539994 	0.00155958 	-1.32919 	-0.00214844 	
2.42	0.330963 	-0.172596 	0.539996 	0.00155958 	-1.32919 	-0.00214844 	
2.425	0.330973 	-0.172595 	0.539998 	0.00155958 	-1.32919 	-0.00214844 	
2.43	0.330982 	-0.172594 	0.539999 	0.00155958 	-1.32919 	-0.00214844 	
2.435	0.330992 	-0.172593 	0.54 	0.00155958 	-1.32919 	-0.00214844 	
2.44	0.330999 	-0.172592 	0.540002 	0.00155958 	-1.32919 	-0.00214844 	
2.445	0.331007 	-0.172591 	0.540003 	0.00155958 	-1.32919 	-0.00214844 	
2.45	0.331015 	-0.17259 	0.540004 	0.00155958 	-1.32919 	-0.00214844 	
2.455	0.331021 	-0.17259 	0.540005 	0.00155958 	-1.32919 	-0.00214844 	
2.46	0.331028 	-0.172589 	0.540006 	0.00155958 	-1.32919 	-0.00214844 	
2.465	0.331034 	-0.172588 	0.540007 	0.00155958 	-1.32919 	-0.00214844 	
2.47	0.331039 	-0.172588 	0.540008 	0.00155958 	-1.32919 	-0.00214844 	
2.475	0.331043 	-0.172587 	0.540008 	0.00155958 	-1.32919 	-0.00214844 	
2.48	0.331048 	-0.172587 	0.540009 	0.00155958 	-1.32919 	-0.00214844 	
2.485	0.331051 	-0.172587 	0.54001 	0.00155958 	-1.32919 	-0.00214844 	
2.49	0.331054 	-0.172586 	0.54001 	0.00155958 	-1.32919 	-0.00214844 	
2.495	0.331057 	-0.172586 	0.540011 	0.00155958 	-1.32919 	-0.00214844 	
2.5	0.331059 	-0.172586 	0.540011 	0.00155958 	-1.32919 	-0.00214844 	
2.505	0.33106 	-0.172586 	0.540011 	0.00155958 	-1.32919 	-0.00214844 	
2.51	0.33106 	-0.172586 	0.540011 	0.00155958 	-1.32919 	-0.00214844 	
2.515	0.331061 	-0.172586 	0.540011 	0.00155958 	-1.32919 	-0.00214844 	
2.52	0.331061 	-0.172586 	0.540011 	0.00155958 	-1.32919 	-0.00214844 	
2.525	0.331061 	-0.172586 	0.540011 	0.00155958 	-1.32919 	-0.00214844 	
2.53	0.331061 	-0.172586 	0.54001 	0.00155958 	-1.32919 	-0.00214844 	
2.535	0.331061 	-0.172586 	0.540009 	0.00155958 	-1.32919 	-0.00214844 	
2.54	0.331061 	-0.172586 	0.540008 	0.00155958 	-1.32919 	-0.00214844 	
2.545	0.331062 	-0.172586 	0.540006 	0.00155958 	-1.32919 	-0.00214844 	
2.55	0.331062 	-0.172586 	0.540004 	0.00155958 	-1.32919 	-0.00214844 	
2.555	0.331062 	-0.172586 	0.540002 	0.00155958 	-1.32919 	-0.00214844 	
2.56	0.331063 	-0.172586 	0.54 	0.00155958 	-1.32919 	-0.00214844 	
2.565	0.331063 	-0.172586 	0.539997 	0.00155958 	-1.32919 	-0.00214844 	
2.57	0.331063 	-0.172586 	0.539994 	0.00155958 	-1.32919 	-0.00214844 	
2.575	0.331064 	-0.172586 	0.53999 	0.00155958 	-1.32919 	-0.00214844 	
2.58	0.331064 	-0.172586 	0.539987 	0.00155958 	-1.32919 	-0.00214845 	
2.585	0.331065 	-0.172586 	0.539983 	0.00155959 	-1.32919 	-0.00214845 	
2.59	0.331065 	-0.172586 	0.539979 	0.00155959 	-1.32919 	-0.00214845 	
2.595	0.331066 	-0.172586 	0.539974 	0.00155959 	-1.32919 	-0.00214845 	
2.6	0.331067 	-0.172586 	0.539969 	0.00155959 	-1.32919 	-0.00214845 	
2.605	0.331067 	-0.172586 	0.539964 	0.00155959 	-1.32919 	-0.00214845 	
2.61	0.331068 	-0.172586 	0.539959 	0.00155959 	-1.32919 	-0.00214845 	
2.615	0.331069 	-0.172586 	0.539953 	0.00155959 	-1.32919 	-0.00214845 	
2.62	0.33107 	-0.172586 	0.539947 	0.00155959 	-1.32919 	-0.00214845 	
2.625	0.33107 	-0.172586 	0.539941 	0.00155959 	-1.32919 	-0.00214845 	
2.63	0.331071 	-0.172586 	0.539934 	0.00155959 	-1.32919 	-0.00214845 	
2.635	0.331072 	-0.172586 	0.539927 	0.00155959 	-1.32919 	-0.00214845 	
2.64	0.331073 	-0.172586 	0.53992 	0.00155959 	-1.32919 	-0.00214845 	
2.645	0.331074 	-0.172586 	0.539913 	0.00155959 	-1.32919 	-0.00214845 	
2.65	0.331075 	-0.172586 	0.539905 	0.00155959 	-1.32919 	-0.00214845 	
2.655	0.331076 	-0.172586 	0.539897 	0.0015596 	-1.32919 	-0.00214846 	
2.66	0.331077 	-0.172586 	0.539889 	0.0015596 	-1.32919 	-0.00214846 	
2.665	0.331078 	-0.172586 	0.53988 	0.0015596 	-1.32919 	-0.00214846 	
2.67	0.33108 	-0.172586 	0.539871 	0.0015596 	-1.32919 	-0.00214846 	
2.675	0.331081 	-0.172586 	0.539861 	0.0015596 	-1.32919 	-0.00214846 	
2.68	0.331082 	-0.172586 	0.539852 	0.0015596 	-1.32919 	-0.00214846 	
2.685	0.331083 	-0.172586 	0.539842 	0.0015596 	-1.32919 	-0.00214847 	
2.69	0.331085 	-0.172586 	0.539832 	0.00155961 	-1.32919 	-0.00214847 	
2.695	0.331086 	-0.172586 	0.539821 	0.00155961 	-1.32919 	-0.00214847 	
2.7	0.331088 	-0.172586 	0.539811 	0.00155961 	-1.32919 	-0.00214847 	
2.705	0.331089 	-0.172586 	0.5398 	0.00155961 	-1.32919 	-0.00214847 	
2.71	0.33109 	-0.172586 	0.539789 	0.00155961 	-1.32919 	-0.00214847 	
2.715	0.331092 	-0.172586 	0.539777 	0.00155961 	-1.32919 	-0.00214848 	
2.72	0.331094 	-0.172586 	0.539765 	0.00155962 	-1.32919 	-0.00214848 	
2.725	0.331095 	-0.172586 	0.539753 	0.00155962 	-1.32919 	-0.00214848 	
2.73	0.331097 	-0.172586 	0.539741 	0.00155962 	-1.32919 	-0.00214848 	
2.735	0.331098 	-0.172586 	0.539728 	0.00155962 	-1.32919 	-0.00214849 	
2.74	0.3311 	-0.172586 	0.539715 	0.00155963 	-1.32919 	-0.00214849 	
2.745	0.331102 	-0.172586 	0.539702 	0.00155963 	-1.32919 	-0.00214849 	
2.75	0.331104 	-0.172586 	0.539689 	0.00155963 	-1.32919 	-0.0021485 	
2.755	0.331105 	-0.172586 	0.539675 	0.00155963 	-1.32919 	-0.0021485 	
2.76	0.331107 	-0.172586 	0.539661 	0.00155964 	-1.32919 	-0.0021485 	
2.765	0.331109 	-0.172586 	0.539647 	0.00155964 	-1.32919 	-0.0021485 	
2.77	0.331111 	-0.172586 	0.539632 	0.00155964 	-1.32919 	-0.00214851 	
2.775	0.331113 	-0.172586 	0.539618 	0.00155965 	-1.32919 	-0.00214851 	
2.78	0.331115 	-0.172586 	0.539603 	0.00155965 	-1.32919 	-0.00214852 	
2.785	0.331117 	-0.172586 	0.539587 	0.00155965 	-1.32919 	-0.00214852 	
2.79	0.331179 	-0.172599 	0.539582 	0.000155022 	-1.3303 	-0.000213488 	
2.795	0.331181 	-0.172599 	0.539566 	0.000155026 	-1.3303 	-0.000213492 	
2.8	0.331183 	-0.172599 	0.53955 	0.00015503 	-1.3303 	-0.000213497 	
2.805	0.331185 	-0.172599 	0.539533 	0.000155034 	-1.3303 	-0.000213501 	
2.81	0.331187 	-0.172599 	0.539516 	0.000155039 	-1.3303 	-0.000213506 	
2.815	0.33119 	-0.172599 	0.5395 	0.000155043 	-1.3303 	-0.000213511 	
2.82	0.331192 	-0.172599 	0.539482 	0.000155048 	-1.3303 	-0.000213515 	
2.825	0.331194 	-0.172599 	0.539465 	0.000155052 	-1.3303 	-0.00021352 	
2.83	0.331196 	-0.172599 	0.539447 	0.000155057 	-1.3303 	-0.000213526 	
2.835	0.331202 	-0.172596 	0.539429 	0.000155063 	-1.3303 	-0.000213532 	
2.84	0.331204 	-0.172596 	0.539411 	0.000155068 	-1.3303 	-0.000213537 	
2.845	0.331207 	-0.172596 	0.539392 	0.000155073 	-1.3303 	-0.000213543 	
2.85	0.331209 	-0.172596 	0.539374 	0.000155079 	-1.3303 	-0.000213549 	
2.855	0.331212 	-0.172596 	0.539355 	0.000155084 	-1.3303 	-0.000213555 	
2.86	0.331284 	-0.172597 	0.539348 	1.61402e-05 	-1.33158 	-2.20664e-05 	
2.865	0.331287 	-0.172597 	0.539328 	1.61461e-05 	-1.33158 	-2.20727e-05 	
2.87	0.33129 	-0.172597 	0.539308 	1.61521e-05 	-1.33158 	-2.20792e-05 	
2.875	0.331292 	-0.172597 	0.539288 	1.61583e-05 	-1.33158 	-2.20858e-05 	
2.88	0.331295 	-0.172597 	0.539268 	1.61646e-05 	-1.33158 	-2.20925e-05 	
2.885	0.331298 	-0.172597 	0.539248 	1.61711e-05 	-1.33158 	-2.20995e-05 	
2.89	0.3313 	-0.172597 	0.539227 	1.61778e-05 	-1.33158 	-2.21066e-05 	
2.895	0.331303 	-0.172597 	0.539206 	1.61846e-05 	-1.33158 	-2.21139e-05 	
2.9	0.331306 	-0.172597 	0.539184 	1.61915e-05 	-1.33158 	-2.21213e-05 	
2.905	0.331309 	-0.172597 	0.539163 	1.61987e-05 	-1.33158 	-2.21289e-05 	
2.91	0.331312 	-0.172597 	0.539141 	1.62059e-05 	-1.33158 	-2.21367e-05 	
2.915	0.331315 	-0.172597 	0.539119 	1.62134e-05 	-1.33158 	-2.21446e-05 	
2.92	0.33139 	-0.172597 	0.53911 	2.47169e-06 	-1.33289 	-3.20598e-06 	
2.925	0.331393 	-0.172597 	0.539087 	2.47949e-06 	-1.33289 	-3.21431e-06 	
2.93	0.331396 	-0.172597 	0.539065 	2.48745e-06 	-1.33289 	-3.22281e-06 	
2.935	0.331399 	-0.172597 	0.539042 	2.49557e-06 	-1.33289 	-3.23149e-06 	
2.94	0.331402 	-0.172597 	0.539019 	2.50386e-06 	-1.33289 	-3.24035e-06 	
2.945	0.331405 	-0.172597 	0.538995 	2.51231e-06 	-1.33289 	-3.24937e-06 	
2.95	0.331408 	-0.172597 	0.538972 	2.52092e-06 	-1.33289 	-3.25858e-06 	
2.955	0.331411 	-0.172597 	0.538948 	2.52971e-06 	-1.33289 	-3.26796e-06 	
2.96	0.331414 	-0.172597 	0.538924 	2.53865e-06 	-1.33289 	-3.27753e-06 	
2.965	0.331418 	-0.172597 	0.538899 	2.54777e-06 	-1.33289 	-3.28726e-06 	
2.97	0.331421 	-0.172597 	0.538875 	2.55705e-06 	-1.33289 	-3.29718e-06 	
2.975	0.331499 	-0.172597 	0.538863 	1.19667e-06 	-1.33426 	-1.42861e-06 	
2.98	0.331502 	-0.172597 	0.538838 	1.20634e-06 	-1.33426 	-1.43892e-06 	
2.985	0.331506 	-0.172597 	0.538813 	1.21616e-06 	-1.33426 	-1.44942e-06 	
2.99	0.331509 	-0.172597 	0.538788 	1.22616e-06 	-1.33426 	-1.46009e-06 	
2.995	0.331512 	-0.172597 	0.538762 	1.23632e-06 	-1.33426 	-1.47094e-06 	
3	0.331516 	-0.172597 	0.538736 	1.24665e-06 	-1.33426 	-1.48198e-06 	
3.005	0.331519 	-0.172597 	0.53871 	1.25715e-06 	-1.33426 	-1.49319e-06 	
3.01	0.331523 	-0.172597 	0.538684 	1.26782e-06 	-1.33426 	-1.50459e-06 	
3.015	0.331526 	-0.172597 	0.538657 	1.27866e-06 	-1.33426 	-1.51617e-06 	
3.02	0.33153 	-0.172597 	0.538631 	1.28967e-06 	-1.33426 	-1.52792e-06 	
3.025	0.331608 	-0.172597 	0.538617 	1.08962e-06 	-1.33562 	-1.27351e-06 	
3.03	0.331612 	-0.172597 	0.53859 	1.10102e-06 	-1.33562 	-1.28568e-06 	
3.035	0.331616 	-0.172597 	0.538563 	1.11258e-06 	-1.33562 	-1.29802e-06 	
3.04	0.331619 	-0.172597 	0.538535 	1.12431e-06 	-1.33562 	-1.31054e-06 	
3.045	0.331623 	-0.172597 	0.538508 	1.13621e-06 	-1.33562 	-1.32324e-06 	
3.05	0.331627 	-0.172597 	0.53848 	1.14828e-06 	-1.33562 	-1.33612e-06 	
3.055	0.33163 	-0.172597 	0.538452 	1.16051e-06 	-1.33562 	-1.34919e-06 	
3.06	0.331634 	-0.172597 	0.538423 	1.17291e-06 	-1.33562 	-1.36243e-06 	
3.065	0.331638 	-0.172597 	0.538395 	1.18548e-06 	-1.33562 	-1.37584e-06 	
3.07	0.331714 	-0.172597 	0.538379 	1.0416e-06 	-1.33695 	-1.21291e-06 	
3.075	0.331718 	-0.172597 	0.53835 	1.05456e-06 	-1.33695 	-1.22674e-06 	
3.08	0.331722 	-0.172597 	0.538321 	1.06768e-06 	-1.33695 	-1.24074e-06 	
3.085	0.331726 	-0.172597 	0.538292 	1.08097e-06 	-1.33695 	-1.25491e-06 	
3.09	0.33173 	-0.172597 	0.538262 	1.09442e-06 	-1.33695 	-1.26926e-06 	
3.095	0.331734 	-0.172597 	0.538233 	1.10803e-06 	-1.33695 	-1.28379e-06 	
3.1	0.331738 	-0.172597 	0.538203 	1.12181e-06 	-1.33695 	-1.29849e-06 	
3.105	0.331742 	-0.172597 	0.538173 	1.13575e-06 	-1.33695 	-1.31336e-06 	
3.11	0.331746 	-0.172597 	0.538143 	1.14985e-06 	-1.33695 	-1.32841e-06 	
3.115	0.331826 	-0.172597 	0.538126 	1.13698e-06 	-1.33835 	-1.32276e-06 	
3.12	0.33183 	-0.172597 	0.538096 	1.15147e-06 	-1.33835 	-1.33821e-06 	
3.125	0.331834 	-0.172597 	0.538065 	1.16611e-06 	-1.33835 	-1.35382e-06 	
3.13	0.331839 	-0.172597 	0.538034 	1.18091e-06 	-1.33835 	-1.36961e-06 	
3.135	0.331843 	-0.172597 	0.538003 	1.19587e-06 	-1.33835 	-1.38556e-06 	
3.14	0.331847 	-0.172597 	0.537972 	1.21098e-06 	-1.33835 	-1.40168e-06 	
3.145	0.331851 	-0.172597 	0.537941 	1.22625e-06 	-1.33835 	-1.41796e-06 	
3.15	0.331855 	-0.172597 	0.537909 	1.24167e-06 	-1.33835 	-1.43441e-06 	
3.155	0.331932 	-0.172597 	0.537891 	1.05585e-06 	-1.33966 	-1.22645e-06 	
3.16	0.331936 	-0.172597 	0.537859 	1.07164e-06 	-1.33966 	-1.24329e-06 	
3.165	0.33194 	-0.172597 	0.537827 	1.08758e-06 	-1.33966 	-1.26028e-06 	
3.17	0.331944 	-0.172597 	0.537795 	1.10367e-06 	-1.33966 	-1.27743e-06 	
3.175	0.331949 	-0.172597 	0.537762 	1.11991e-06 	-1.33966 	-1.29475e-06 	
3.18	0.331953 	-0.172597 	0.53773 	1.1363e-06 	-1.33966 	-1.31221e-06 	
3.185	0.331957 	-0.172597 	0.537697 	1.15283e-06 	-1.33966 	-1.32984e-06 	
3.19	0.331962 	-0.172597 	0.537664 	1.16951e-06 	-1.33966 	-1.34761e-06 	
3.195	0.33204 	-0.172597 	0.537645 	1.10751e-06 	-1.34102 	-1.28553e-06 	
3.2	0.332045 	-0.172597 	0.537612 	1.12454e-06 	-1.34102 	-1.30369e-06 	
3.205	0.332049 	-0.172597 	0.537579 	1.14171e-06 	-1.34102 	-1.32198e-06 	
3.21	0.332054 	-0.172597 	0.537546 	1.15902e-06 	-1.34102 	-1.34042e-06 	
3.215	0.332058 	-0.172597 	0.537512 	1.17646e-06 	-1.34102 	-1.35901e-06 	
3.22	0.332062 	-0.172597 	0.537479 	1.19404e-06 	-1.34102 	-1.37774e-06 	
3.225	0.332062 	-0.172602 	0.537445 	1.20959e-06 	-1.34102 	-1.39399e-06 	
3.23	0.332067 	-0.172602 	0.537411 	1.22741e-06 	-1.34102 	-1.41298e-06 	
3.235	0.332148 	-0.172602 	0.537392 	1.18219e-06 	-1.34243 	-1.37148e-06 	
3.24	0.332153 	-0.172602 	0.537357 	1.20037e-06 	-1.34243 	-1.39085e-06 	
3.245	0.332157 	-0.172602 	0.537323 	1.21868e-06 	-1.34243 	-1.41034e-06 	
3.25	0.332162 	-0.172602 	0.537289 	1.23711e-06 	-1.34243 	-1.42997e-06 	
3.255	0.332166 	-0.172602 	0.537254 	1.25566e-06 	-1.34243 	-1.44973e-06 	
3.26	0.332171 	-0.172602 	0.53722 	1.27434e-06 	-1.34243 	-1.46962e-06 	
3.265	0.332176 	-0.172602 	0.537185 	1.29313e-06 	-1.34243 	-1.48964e-06 	
3.27	0.33225 	-0.172602 	0.537163 	1.037e-06 	-1.34371 	-1.20093e-06 	
3.275	0.332255 	-0.172602 	0.537128 	1.05611e-06 	-1.34371 	-1.22127e-06 	
3.28	0.33226 	-0.172602 	0.537093 	1.07532e-06 	-1.34371 	-1.24172e-06 	
3.285	0.332264 	-0.172602 	0.537058 	1.09464e-06 	-1.34371 	-1.26229e-06 	
3.29	0.332269 	-0.172602 	0.537023 	1.11408e-06 	-1.34371 	-1.28298e-06 	
3.295	0.332274 	-0.172602 	0.536987 	1.13362e-06 	-1.34371 	-1.30379e-06 	
3.3	0.332278 	-0.172602 	0.536952 	1.15326e-06 	-1.34371 	-1.3247e-06 	
3.305	0.332354 	-0.172602 	0.53693 	1.04423e-06 	-1.34501 	-1.20837e-06 	
3.31	0.332359 	-0.172602 	0.536894 	1.06416e-06 	-1.34501 	-1.22959e-06 	
3.315	0.332364 	-0.172602 	0.536858 	1.08419e-06 	-1.34501 	-1.2509e-06 	
3.32	0.332368 	-0.172602 	0.536823 	1.10431e-06 	-1.34501 	-1.27231e-06 	
3.325	0.332373 	-0.172602 	0.536787 	1.12452e-06 	-1.34501 	-1.29382e-06 	
3.33	0.332378 	-0.172602 	0.536751 	1.14483e-06 	-1.34501 	-1.31543e-06 	
3.335	0.332383 	-0.172602 	0.536714 	1.16522e-06 	-1.34501 	-1.33713e-06 	
3.34	0.33246 	-0.172602 	0.536692 	1.07876e-06 	-1.34632 	-1.24766e-06 	
3.345	0.332464 	-0.172602 	0.536656 	1.09941e-06 	-1.34632 	-1.26963e-06 	
3.35	0.332469 	-0.172602 	0.536619 	1.12015e-06 	-1.34632 	-1.29169e-06 	
3.355	0.332474 	-0.172602 	0.536583 	1.14096e-06 	-1.34632 	-1.31383e-06 	
3.36	0.332479 	-0.172602 	0.536546 	1.16185e-06 	-1.34632 	-1.33605e-06 	
3.365	0.332484 	-0.172602 	0.53651 	1.18281e-06 	-1.34632 	-1.35835e-06 	
3.37	0.332489 	-0.172602 	0.536473 	1.20385e-06 	-1.34632 	-1.38072e-06 	
3.375	0.332567 	-0.172602 	0.536451 	1.11238e-06 	-1.34766 	-1.2859e-06 	
3.38	0.332572 	-0.172602 	0.536414 	1.13365e-06 	-1.34766 	-1.30851e-06 	
3.385	0.332577 	-0.172602 	0.536377 	1.15498e-06 	-1.34766 	-1.33119e-06 	
3.39	0.332581 	-0.172602 	0.53634 	1.17637e-06 	-1.34766 	-1.35393e-06 	
3.395	0.332586 	-0.172602 	0.536303 	1.19782e-06 	-1.34766 	-1.37674e-06 	
3.4	0.332591 	-0.172602 	0.536266 	1.21933e-06 	-1.34766 	-1.39961e-06 	
3.405	0.332596 	-0.172602 	0.536229 	1.24089e-06 	-1.34766 	-1.42253e-06 	
3.41	0.332675 	-0.172602 	0.536206 	1.14038e-06 	-1.34902 	-1.31758e-06 	
3.415	0.33268 	-0.172602 	0.536169 	1.16215e-06 	-1.34902 	-1.34071e-06 	
3.42	0.332685 	-0.172602 	0.536132 	1.18395e-06 	-1.34902 	-1.36389e-06 	
3.425	0.33269 	-0.172602 	0.536095 	1.2058e-06 	-1.34902 	-1.38711e-06 	
3.43	0.332695 	-0.172602 	0.536057 	1.22768e-06 	-1.34902 	-1.41037e-06 	
3.435	0.3327 	-0.172602 	0.53602 	1.24961e-06 	-1.34902 	-1.43367e-06 	
3.44	0.332707 	-0.1726 	0.535982 	1.2724e-06 	-1.34902 	-1.45802e-06 	
3.445	0.332787 	-0.1726 	0.53596 	1.16222e-06 	-1.35039 	-1.34208e-06 	
3.45	0.332791 	-0.1726 	0.535922 	1.18435e-06 	-1.35039 	-1.36559e-06 	
3.455	0.332796 	-0.1726 	0.535885 	1.20651e-06 	-1.35039 	-1.38912e-06 	
3.46	0.332801 	-0.1726 	0.535847 	1.22868e-06 	-1.35039 	-1.41268e-06 	
3.465	0.332806 	-0.1726 	0.53581 	1.25088e-06 	-1.35039 	-1.43626e-06 	
3.47	0.332811 	-0.1726 	0.535772 	1.2731e-06 	-1.35039 	-1.45986e-06 	
3.475	0.332816 	-0.1726 	0.535734 	1.29533e-06 	-1.35039 	-1.48348e-06 	
3.48	0.332897 	-0.1726 	0.535712 	1.17639e-06 	-1.35176 	-1.35775e-06 	
3.485	0.332902 	-0.1726 	0.535674 	1.19876e-06 	-1.35176 	-1.3815e-06 	
3.49	0.332907 	-0.1726 	0.535636 	1.22112e-06 	-1.35176 	-1.40526e-06 	
3.495	0.332912 	-0.1726 	0.535599 	1.2435e-06 	-1.35176 	-1.42901e-06 	
3.5	0.332917 	-0.1726 	0.535561 	1.26588e-06 	-1.35176 	-1.45278e-06 	
3.505	0.332922 	-0.1726 	0.535523 	1.28825e-06 	-1.35176 	-1.47654e-06 	
3.51	0.332927 	-0.1726 	0.535486 	1.31063e-06 	-1.35176 	-1.50029e-06 	
3.515	0.333007 	-0.1726 	0.535463 	1.18384e-06 	-1.35314 	-1.36563e-06 	
3.52	0.333012 	-0.1726 	0.535425 	1.20631e-06 	-1.35314 	-1.38948e-06 	
3.525	0.333017 	-0.1726 	0.535388 	1.22876e-06 	-1.35314 	-1.41331e-06 	
3.53	0.333022 	-0.1726 	0.53535 	1.2512e-06 	-1.35314 	-1.43713e-06 	
3.535	0.333027 	-0.1726 	0.535312 	1.27362e-06 	-1.35314 	-1.46092e-06 	
3.54	0.333032 	-0.1726 	0.535275 	1.29602e-06 	-1.35314 	-1.4847e-06 	
3.545	0.333042 	-0.172595 	0.535237 	1.32068e-06 	-1.35314 	-1.51125e-06 	
3.55	0.333122 	-0.172595 	0.535215 	1.18528e-06 	-1.35452 	-1.36646e-06 	
3.555	0.333127 	-0.172595 	0.535177 	1.20772e-06 	-1.35452 	-1.39026e-06 	
3.56	0.333132 	-0.172595 	0.53514 	1.23012e-06 	-1.35452 	-1.41403e-06 	
3.565	0.333137 	-0.172595 	0.535102 	1.25248e-06 	-1.35452 	-1.43776e-06 	
3.57	0.333142 	-0.172595 	0.535064 	1.27481e-06 	-1.35452 	-1.46144e-06 	
3.575	0.333147 	-0.172595 	0.535027 	1.2971e-06 	-1.35452 	-1.48509e-06 	
3.58	0.333152 	-0.172595 	0.534989 	1.31935e-06 	-1.35452 	-1.50869e-06 	
3.585	0.333232 	-0.172595 	0.534967 	1.17731e-06 	-1.3559 	-1.35664e-06 	
3.59	0.333237 	-0.172595 	0.53493 	1.19958e-06 	-1.3559 	-1.38025e-06 	
3.595	0.333242 	-0.172595 	0.534892 	1.22179e-06 	-1.3559 	-1.40381e-06 	
3.6	0.333247 	-0.172595 	0.534855 	1.24395e-06 	-1.3559 	-1.4273e-06 	
3.605	0.333252 	-0.172595 	0.534818 	1.26605e-06 	-1.3559 	-1.45074e-06 	
3.61	0.333257 	-0.172595 	0.53478 	1.2881e-06 	-1.3559 	-1.47412e-06 	
3.615	0.333262 	-0.172595 	0.534743 	1.31008e-06 	-1.3559 	-1.49743e-06 	
3.62	0.333342 	-0.172595 	0.534721 	1.16326e-06 	-1.35727 	-1.33975e-06 	
3.625	0.333347 	-0.172595 	0.534684 	1.18523e-06 	-1.35727 	-1.36304e-06 	
3.63	0.333352 	-0.172595 	0.534647 	1.20712e-06 	-1.35727 	-1.38624e-06 	
3.635	0.333357 	-0.172595 	0.53461 	1.22893e-06 	-1.35727 	-1.40936e-06 	
3.64	0.333361 	-0.172595 	0.534573 	1.25068e-06 	-1.35727 	-1.43241e-06 	
3.645	0.333366 	-0.172595 	0.534536 	1.27234e-06 	-1.35727 	-1.45537e-06 	
3.65	0.333371 	-0.172595 	0.534499 	1.29393e-06 	-1.35727 	-1.47826e-06 	
3.655	0.33345 	-0.172595 	0.534478 	1.14239e-06 	-1.35862 	-1.31503e-06 	
3.66	0.333455 	-0.172595 	0.534441 	1.16392e-06 	-1.35862 	-1.33784e-06 	
3.665	0.33346 	-0.172595 	0.534404 	1.18536e-06 	-1.35862 	-1.36055e-06 	
3.67	0.333465 	-0.172595 	0.534368 	1.2067e-06 	-1.35862 	-1.38317e-06 	
3.675	0.33347 	-0.172595 	0.534331 	1.22796e-06 	-1.35862 	-1.40569e-06 	
3.68	0.333474 	-0.172595 	0.534295 	1.24912e-06 	-1.35862 	-1.42811e-06 	
3.685	0.333479 	-0.172595 	0.534258 	1.27018e-06 	-1.35862 	-1.45042e-06 	
3.69	0.333557 	-0.172595 	0.534237 	1.11485e-06 	-1.35996 	-1.28266e-06 	
3.695	0.333562 	-0.172595 	0.534201 	1.13582e-06 	-1.35996 	-1.30487e-06 	
3.7	0.333567 	-0.172595 	0.534165 	1.15667e-06 	-1.35996 	-1.32696e-06 	
3.705	0.333572 	-0.172595 	0.534129 	1.17743e-06 	-1.35996 	-1.34894e-06 	
3.71	0.333576 	-0.172595 	0.534093 	1.19807e-06 	-1.35996 	-1.3708e-06 	
3.715	0.333581 	-0.172595 	0.534057 	1.2186e-06 	-1.35996 	-1.39254e-06 	
3.72	0.333586 	-0.172595 	0.534021 	1.23902e-06 	-1.35996 	-1.41416e-06 	
3.725	0.33366 	-0.172598 	0.534 	1.02239e-06 	-1.36128 	-1.18214e-06 	
3.73	0.333664 	-0.172598 	0.533965 	1.04266e-06 	-1.36128 	-1.2036e-06 	
3.735	0.333669 	-0.172598 	0.533929 	1.06282e-06 	-1.36128 	-1.22494e-06 	
3.74	0.333674 	-0.172598 	0.533894 	1.08286e-06 	-1.36128 	-1.24615e-06 	
3.745	0.333678 	-0.172598 	0.533859 	1.10278e-06 	-1.36128 	-1.26723e-06 	
3.75	0.333683 	-0.172598 	0.533824 	1.12256e-06 	-1.36128 	-1.28817e-06 	
3.755	0.333688 	-0.172598 	0.533789 	1.14222e-06 	-1.36128 	-1.30898e-06 	
3.76	0.333763 	-0.172598 	0.533768 	1.03533e-06 	-1.36257 	-1.19064e-06 	
3.765	0.333767 	-0.172598 	0.533734 	1.05482e-06 	-1.36257 	-1.21126e-06 	
3.77	0.333772 	-0.172598 	0.533699 	1.07417e-06 	-1.36257 	-1.23174e-06 	
3.775	0.333777 	-0.172598 	0.533664 	1.09339e-06 	-1.36257 	-1.25207e-06 	
3.78	0.333781 	-0.172598 	0.53363 	1.11246e-06 	-1.36257 	-1.27226e-06 	
3.785	0.333786 	-0.172598 	0.533595 	1.1314e-06 	-1.36257 	-1.29229e-06 	
3.79	0.33379 	-0.172598 	0.533561 	1.15019e-06 	-1.36257 	-1.31218e-06 	
3.795	0.333795 	-0.172598 	0.533527 	1.16884e-06 	-1.36257 	-1.33191e-06 	
3.8	0.333877 	-0.172598 	0.53351 	1.20025e-06 	-1.36399 	-1.38076e-06 	
3.805	0.333882 	-0.172598 	0.533476 	1.21871e-06 	-1.36399 	-1.40028e-06 	
3.81	0.333886 	-0.172598 	0.533442 	1.23701e-06 	-1.36399 	-1.41964e-06 	
3.815	0.33389 	-0.172598 	0.533408 	1.25516e-06 	-1.36399 	-1.43883e-06 	
3.82	0.333895 	-0.172598 	0.533375 	1.27316e-06 	-1.36399 	-1.45787e-06 	
3.825	0.333899 	-0.172598 	0.533342 	1.291e-06 	-1.36399 	-1.47674e-06 	
3.83	0.333904 	-0.172598 	0.533309 	1.30869e-06 	-1.36399 	-1.49544e-06 	
3.835	0.333908 	-0.172598 	0.533275 	1.32622e-06 	-1.36399 	-1.51398e-06 	
3.84	0.333989 	-0.172598 	0.533259 	1.17277e-06 	-1.36539 	-1.34867e-06 	
3.845	0.333993 	-0.172598 	0.533226 	1.19007e-06 	-1.36539 	-1.36696e-06 	
3.85	0.333997 	-0.172598 	0.533193 	1.20721e-06 	-1.36539 	-1.38508e-06 	
3.855	0.334002 	-0.172598 	0.533161 	1.22418e-06 	-1.36539 	-1.40302e-06 	
3.86	0.334006 	-0.172598 	0.533129 	1.24099e-06 	-1.36539 	-1.42079e-06 	
3.865	0.33401 	-0.172598 	0.533097 	1.25763e-06 	-1.36539 	-1.43838e-06 	
3.87	0.334014 	-0.172598 	0.533065 	1.2741e-06 	-1.36539 	-1.45579e-06 	
3.875	0.334019 	-0.172598 	0.533033 	1.29041e-06 	-1.36539 	-1.47303e-06 	
3.88	0.334096 	-0.172598 	0.533017 	1.09943e-06 	-1.36674 	-1.26371e-06 	
3.885	0.334101 	-0.172598 	0.532986 	1.11547e-06 	-1.36674 	-1.28067e-06 	
3.89	0.334105 	-0.172598 	0.532954 	1.13135e-06 	-1.36674 	-1.29744e-06 	
3.895	0.334109 	-0.172598 	0.532923 	1.14705e-06 	-1.36674 	-1.31403e-06 	
3.9	0.334113 	-0.172598 	0.532892 	1.16257e-06 	-1.36674 	-1.33043e-06 	
3.905	0.334117 	-0.172598 	0.532861 	1.17792e-06 	-1.36674 	-1.34665e-06 	
3.91	0.334121 	-0.172598 	0.532831 	1.19309e-06 	-1.36674 	-1.36268e-06 	
3.915	0.334125 	-0.172598 	0.5328 	1.20808e-06 	-1.36674 	-1.37853e-06 	
3.92	0.3342 	-0.172598 	0.532785 	1.01454e-06 	-1.36803 	-1.16558e-06 	
3.925	0.334204 	-0.172598 	0.532755 	1.02926e-06 	-1.36803 	-1.18112e-06 	
3.93	0.334208 	-0.172598 	0.532725 	1.04379e-06 	-1.36803 	-1.19647e-06 	
3.935	0.334212 	-0.172598 	0.532695 	1.05814e-06 	-1.36803 	-1.21162e-06 	
3.94	0.334216 	-0.172598 	0.532666 	1.0723e-06 	-1.36803 	-1.22659e-06 	
3.945	0.33422 	-0.172598 	0.532636 	1.08629e-06 	-1.36803 	-1.24136e-06 	
3.95	0.334223 	-0.172598 	0.532607 	1.10009e-06 	-1.36803 	-1.25594e-06 	
3.955	0.334227 	-0.172598 	0.532578 	1.11371e-06 	-1.36803 	-1.27032e-06 	
3.96	0.334231 	-0.172598 	0.532549 	1.12715e-06 	-1.36803 	-1.28452e-06 	
3.965	0.33431 	-0.172598 	0.532537 	1.08849e-06 	-1.3694 	-1.25128e-06 	
3.97	0.334313 	-0.172598 	0.532509 	1.10164e-06 	-1.3694 	-1.26515e-06 	
3.975	0.334317 	-0.172598 	0.53248 	1.11459e-06 	-1.3694 	-1.27883e-06 	
3.98	0.334321 	-0.172598 	0.532452 	1.12735e-06 	-1.3694 	-1.29231e-06 	
3.985	0.334325 	-0.172598 	0.532425 	1.13994e-06 	-1.3694 	-1.30559e-06 	
3.99	0.334328 	-0.172598 	0.532397 	1.15233e-06 	-1.3694 	-1.31868e-06 	
3.995	0.334332 	-0.172598 	0.53237 	1.16454e-06 	-1.3694 	-1.33157e-06 	
4	0.334335 	-0.172598 	0.532342 	1.17656e-06 	-1.3694 	-1.34426e-06 	
4.005	0.334339 	-0.172598 	0.532315 	1.1884e-06 	-1.3694 	-1.35676e-06 	
4.01	0.334414 	-0.172598 	0.532304 	9.98642e-07 	-1.3707 	-1.14766e-06 	
4.015	0.334417 	-0.172598 	0.532277 	1.01017e-06 	-1.3707 	-1.15982e-06 	
4.02	0.334421 	-0.172598 	0.532251 	1.0215e-06 	-1.3707 	-1.17179e-06 	
4.025	0.334424 	-0.172598 	0.532225 	1.03265e-06 	-1.3707 	-1.18355e-06 	
4.03	0.334428 	-0.172598 	0.532199 	1.04362e-06 	-1.3707 	-1.19512e-06 	
4.035	0.334431 	-0.172598 	0.532173 	1.0544e-06 	-1.3707 	-1.2065e-06 	
4.04	0.334434 	-0.172598 	0.532148 	1.06499e-06 	-1.3707 	-1.21767e-06 	
4.045	0.334438 	-0.172598 	0.532123 	1.07539e-06 	-1.3707 	-1.22866e-06 	
4.05	0.334437 	-0.172602 	0.532098 	1.08436e-06 	-1.3707 	-1.23796e-06 	
4.055	0.334441 	-0.172602 	0.532073 	1.09439e-06 	-1.3707 	-1.24853e-06 	
4.06	0.334516 	-0.172602 	0.532064 	1.00902e-06 	-1.37203 	-1.16012e-06 	
4.065	0.33452 	-0.172602 	0.53204 	1.01874e-06 	-1.37203 	-1.17038e-06 	
4.07	0.334523 	-0.172602 	0.532015 	1.02828e-06 	-1.37203 	-1.18044e-06 	
4.075	0.334526 	-0.172602 	0.531992 	1.03763e-06 	-1.37203 	-1.1903e-06 	
4.08	0.334529 	-0.172602 	0.531968 	1.0468e-06 	-1.37203 	-1.19998e-06 	
4.085	0.334532 	-0.172602 	0.531944 	1.05579e-06 	-1.37203 	-1.20946e-06 	
4.09	0.334535 	-0.172602 	0.531921 	1.0646e-06 	-1.37203 	-1.21875e-06 	
4.095	0.334538 	-0.172602 	0.531898 	1.07322e-06 	-1.37203 	-1.22785e-06 	
4.1	0.334541 	-0.172602 	0.531876 	1.08167e-06 	-1.37203 	-1.23676e-06 	
4.105	0.334544 	-0.172602 	0.531853 	1.08994e-06 	-1.37203 	-1.24548e-06 	
4.11	0.334547 	-0.172602 	0.531831 	1.09803e-06 	-1.37203 	-1.25401e-06 	
4.115	0.334623 	-0.172602 	0.531825 	9.91009e-07 	-1.37336 	-1.13995e-06 	
4.12	0.334626 	-0.172602 	0.531803 	9.9879e-07 	-1.37336 	-1.14815e-06 	
4.125	0.334628 	-0.172602 	0.531781 	1.00639e-06 	-1.37336 	-1.15617e-06 	
4.13	0.334631 	-0.172602 	0.53176 	1.01382e-06 	-1.37336 	-1.164e-06 	
4.135	0.334634 	-0.172602 	0.531739 	1.02108e-06 	-1.37336 	-1.17165e-06 	
4.14	0.334637 	-0.172602 	0.531718 	1.02816e-06 	-1.37336 	-1.17912e-06 	
4.145	0.33464 	-0.172602 	0.531698 	1.03507e-06 	-1.37336 	-1.18641e-06 	
4.15	0.334642 	-0.172602 	0.531678 	1.04181e-06 	-1.37336 	-1.19352e-06 	
4.155	0.334645 	-0.172602 	0.531658 	1.04839e-06 	-1.37336 	-1.20045e-06 	
4.16	0.334648 	-0.172602 	0.531638 	1.0548e-06 	-1.37336 	-1.20721e-06 	
4.165	0.33465 	-0.172602 	0.531618 	1.06104e-06 	-1.37336 	-1.21379e-06 	
4.17	0.334653 	-0.172602 	0.531599 	1.06712e-06 	-1.37336 	-1.2202e-06 	
4.175	0.334725 	-0.172602 	0.531595 	9.09638e-07 	-1.37464 	-1.04676e-06 	
4.18	0.334727 	-0.172602 	0.531577 	9.15423e-07 	-1.37464 	-1.05286e-06 	
4.185	0.33473 	-0.172602 	0.531558 	9.21045e-07 	-1.37464 	-1.05879e-06 	
4.19	0.334732 	-0.172602 	0.53154 	9.26509e-07 	-1.37464 	-1.06455e-06 	
