0	0.0376573 	-0.00181872 	-0.0286108 	1.34793e-05 	-0.00181693 	7.0262e-05 	
0.005	0.18517 	-0.00850025 	-0.140459 	3.04192e-05 	-0.00890565 	0.000396311 	
0.01	0.321887 	-0.0146928 	-0.24412 	4.61193e-05 	-0.0154756 	0.000698496 	
0.015	0.448598 	-0.020432 	-0.340195 	6.06702e-05 	-0.0215646 	0.000978564 	
0.02	0.566034 	-0.0257512 	-0.429238 	7.41557e-05 	-0.027208 	0.00123813 	
0.025	0.674876 	-0.0306811 	-0.511763 	8.66535e-05 	-0.0324384 	0.0014787 	
0.03	0.775751 	-0.0352501 	-0.588248 	9.82354e-05 	-0.037286 	0.00170166 	
0.035	0.869244 	-0.0394847 	-0.659134 	0.000108968 	-0.0417788 	0.0019083 	
0.04	0.955895 	-0.0434093 	-0.724831 	0.000118914 	-0.0459428 	0.00209982 	
0.045	1.0362 	-0.0470466 	-0.785719 	0.000128129 	-0.0498022 	0.00227731 	
0.05	1.11064 	-0.0504176 	-0.842149 	0.000136667 	-0.0533791 	0.0024418 	
0.055	1.17962 	-0.0535418 	-0.894448 	0.000144577 	-0.0566943 	0.00259426 	
0.06	1.24356 	-0.0564373 	-0.942918 	0.000151905 	-0.0597669 	0.00273555 	
0.065	1.30282 	-0.0591208 	-0.987839 	0.000158693 	-0.0626147 	0.00286649 	
0.07	1.35774 	-0.0616078 	-1.02947 	0.00016498 	-0.0652541 	0.00298784 	
0.075	1.40864 	-0.0639127 	-1.06805 	0.000170802 	-0.0677005 	0.00310031 	
0.08	1.45582 	-0.0660488 	-1.10381 	0.000176193 	-0.0699679 	0.00320453 	
0.085	1.49955 	-0.0680284 	-1.13695 	0.000181185 	-0.0720695 	0.00330112 	
0.09	1.54007 	-0.0698631 	-1.16766 	0.000185805 	-0.0740174 	0.00339063 	
0.095	1.57764 	-0.0715633 	-1.19612 	0.000190082 	-0.0758228 	0.00347358 	
0.1	1.61265 	-0.073394 	-1.22277 	0.00021398 	-0.0775218 	0.00352267 	
0.105	1.64492 	-0.0748541 	-1.24721 	0.000217641 	-0.0790729 	0.0035939 	
0.11	1.67483 	-0.0762073 	-1.26986 	0.000221026 	-0.0805106 	0.00365991 	
0.115	1.70255 	-0.0774613 	-1.29085 	0.000224156 	-0.0818433 	0.00372107 	
0.12	1.72824 	-0.0786233 	-1.3103 	0.000227049 	-0.0830786 	0.00377775 	
0.125	1.75206 	-0.0797001 	-1.32832 	0.000229722 	-0.0842236 	0.00383026 	
0.13	1.77413 	-0.080698 	-1.34502 	0.000232191 	-0.085285 	0.00387892 	
0.135	1.79459 	-0.0816226 	-1.3605 	0.00023447 	-0.0862689 	0.00392401 	
0.14	1.81356 	-0.0824793 	-1.37483 	0.000236574 	-0.087181 	0.00396578 	
0.145	1.83114 	-0.0832732 	-1.38812 	0.000238513 	-0.0880266 	0.00400448 	
0.15	1.84744 	-0.0840087 	-1.40043 	0.000240301 	-0.0888104 	0.00404033 	
0.155	1.86254 	-0.0846902 	-1.41183 	0.000241948 	-0.0895371 	0.00407354 	
0.16	1.87654 	-0.0853216 	-1.4224 	0.000243464 	-0.0902109 	0.0041043 	
0.165	1.88801 	-0.0846066 	-1.43441 	0.000305483 	-0.0908389 	0.00412356 	
0.17	1.90035 	-0.08521 	-1.44365 	0.000303613 	-0.0914306 	0.00414895 	
0.175	1.91173 	-0.0857825 	-1.45213 	0.000301017 	-0.0919783 	0.004172 	
0.18	1.9222 	-0.0863049 	-1.45993 	0.000298936 	-0.0924834 	0.00419331 	
0.185	1.9319 	-0.0867888 	-1.46716 	0.000296995 	-0.0929518 	0.00421304 	
0.19	1.9409 	-0.0872371 	-1.47385 	0.000295183 	-0.0933861 	0.00423131 	
0.195	1.94924 	-0.0876522 	-1.48005 	0.000293491 	-0.093789 	0.00424822 	
0.2	1.95698 	-0.0880367 	-1.48579 	0.000291909 	-0.0941626 	0.00426388 	
0.205	1.96415 	-0.0883928 	-1.4911 	0.00029043 	-0.0945092 	0.00427837 	
0.21	1.9708 	-0.0887225 	-1.49602 	0.000289045 	-0.0948307 	0.00429177 	
0.215	1.97697 	-0.0890278 	-1.50057 	0.000287747 	-0.095129 	0.00430417 	
0.22	1.98269 	-0.0893104 	-1.50478 	0.000286529 	-0.0954058 	0.00431564 	
0.225	1.98642 	-0.08823 	-1.51098 	0.000348313 	-0.0956659 	0.00431707 	
0.23	1.99165 	-0.0885378 	-1.51475 	0.000343886 	-0.0959167 	0.00432592 	
0.235	1.99644 	-0.0888363 	-1.51817 	0.000338925 	-0.0961484 	0.00433362 	
0.24	2.0008 	-0.0891046 	-1.52127 	0.000334647 	-0.0963608 	0.0043407 	
0.245	2.00485 	-0.0893529 	-1.52414 	0.000330665 	-0.096558 	0.00434723 	
0.25	2.00861 	-0.0895827 	-1.52679 	0.000326959 	-0.0967411 	0.00435327 	
0.255	2.01209 	-0.0897953 	-1.52924 	0.000323507 	-0.0969112 	0.00435883 	
0.26	2.01533 	-0.0899919 	-1.5315 	0.000320291 	-0.0970692 	0.00436396 	
0.265	2.01833 	-0.0901738 	-1.53359 	0.000317293 	-0.097216 	0.00436869 	
0.27	2.02112 	-0.090342 	-1.53553 	0.000314497 	-0.0973524 	0.00437304 	
0.275	2.022 	-0.0890565 	-1.53979 	0.000379816 	-0.0974829 	0.00436756 	
0.28	2.02474 	-0.0892726 	-1.54161 	0.000373695 	-0.0976143 	0.00437023 	
0.285	2.02722 	-0.0894864 	-1.54321 	0.000367122 	-0.0977353 	0.00437216 	
0.29	2.02943 	-0.0896753 	-1.54462 	0.000361381 	-0.0978448 	0.00437387 	
0.295	2.03149 	-0.0898499 	-1.54592 	0.000356042 	-0.0979466 	0.00437543 	
0.3	2.0334 	-0.0900114 	-1.54712 	0.000351074 	-0.0980415 	0.00437685 	
0.305	2.03502 	-0.0899648 	-1.54801 	0.000331152 	-0.0981103 	0.00439955 	
0.31	2.03667 	-0.0901026 	-1.54902 	0.000326847 	-0.0981926 	0.00440071 	
0.315	2.03657 	-0.088854 	-1.55233 	0.000388065 	-0.0982727 	0.00439307 	
0.32	2.03831 	-0.0890409 	-1.55334 	0.000380784 	-0.0983569 	0.00439303 	
0.325	2.03987 	-0.0892272 	-1.5542 	0.000373161 	-0.0984344 	0.00439245 	
0.33	2.04124 	-0.0893912 	-1.55493 	0.000366424 	-0.0985038 	0.00439184 	
0.335	2.04252 	-0.0895426 	-1.5556 	0.00036016 	-0.0985686 	0.00439124 	
0.34	2.0437 	-0.0896825 	-1.5562 	0.000354333 	-0.0986291 	0.00439065 	
0.345	2.04481 	-0.0898116 	-1.55676 	0.000348911 	-0.0986857 	0.00439006 	
0.35	2.04423 	-0.0885846 	-1.5596 	0.000408015 	-0.0987419 	0.00438134 	
0.355	2.0455 	-0.0887628 	-1.56022 	0.000399818 	-0.0988039 	0.00437981 	
0.36	2.04663 	-0.0889409 	-1.56071 	0.000391354 	-0.0988608 	0.00437785 	
0.365	2.04759 	-0.0890973 	-1.56109 	0.00038383 	-0.0989112 	0.00437595 	
0.37	2.0485 	-0.0892418 	-1.56144 	0.000376834 	-0.0989585 	0.00437416 	
0.375	2.04934 	-0.0893751 	-1.56175 	0.000370328 	-0.0990029 	0.00437245 	
0.38	2.05013 	-0.0894981 	-1.56203 	0.000364275 	-0.0990445 	0.00437083 	
0.385	2.04911 	-0.088151 	-1.56483 	0.000428618 	-0.0990873 	0.00436084 	
0.39	2.05015 	-0.0883312 	-1.56523 	0.000419507 	-0.099138 	0.00435833 	
0.395	2.05105 	-0.0885116 	-1.56551 	0.000410136 	-0.0991842 	0.0043554 	
0.4	2.05179 	-0.0886691 	-1.56569 	0.000401817 	-0.0992243 	0.00435258 	
0.405	2.05249 	-0.0888145 	-1.56585 	0.000394082 	-0.0992621 	0.00434993 	
0.41	2.05315 	-0.0889486 	-1.56598 	0.00038689 	-0.0992977 	0.00434743 	
0.415	2.05209 	-0.0877 	-1.56851 	0.000446318 	-0.0993346 	0.00433752 	
0.42	2.05299 	-0.087885 	-1.56876 	0.000436445 	-0.0993791 	0.00433429 	
0.425	2.05377 	-0.0880696 	-1.56892 	0.000426401 	-0.0994199 	0.00433071 	
0.43	2.05441 	-0.0882315 	-1.56898 	0.000417428 	-0.0994553 	0.0043273 	
0.435	2.05501 	-0.0883809 	-1.56904 	0.000409088 	-0.0994887 	0.00432409 	
0.44	2.05558 	-0.0885187 	-1.56907 	0.000401334 	-0.0995202 	0.00432107 	
0.445	2.05435 	-0.0872025 	-1.57165 	0.000464037 	-0.0995537 	0.00431068 	
0.45	2.05519 	-0.0873954 	-1.57184 	0.000453432 	-0.0995959 	0.00430695 	
0.455	2.05592 	-0.0875877 	-1.57192 	0.000442668 	-0.0996343 	0.00430285 	
0.46	2.0565 	-0.0877559 	-1.57191 	0.00043306 	-0.0996672 	0.00429893 	
0.465	2.05705 	-0.0879112 	-1.5719 	0.000424129 	-0.0996984 	0.00429526 	
0.47	2.05757 	-0.0880543 	-1.57187 	0.000415827 	-0.0997279 	0.00429181 	
0.475	2.05618 	-0.0866595 	-1.57455 	0.000482505 	-0.0997598 	0.00428104 	
0.48	2.05702 	-0.0868626 	-1.5747 	0.000471135 	-0.0998016 	0.00427686 	
0.485	2.05773 	-0.0870648 	-1.57474 	0.000459614 	-0.0998393 	0.00427228 	
0.49	2.05829 	-0.0872413 	-1.57468 	0.000449341 	-0.0998713 	0.00426792 	
0.495	2.05881 	-0.0874042 	-1.57462 	0.000439794 	-0.0999016 	0.00426382 	
0.5	2.05762 	-0.0861934 	-1.57697 	0.000497625 	-0.0999337 	0.00425368 	
0.505	2.05841 	-0.0864039 	-1.57706 	0.000485645 	-0.0999741 	0.00424904 	
0.51	2.05909 	-0.0866121 	-1.57705 	0.000473628 	-0.100011 	0.0042441 	
0.515	2.05965 	-0.0867956 	-1.57697 	0.000462836 	-0.100043 	0.0042394 	
0.52	2.0604 	-0.0872626 	-1.57721 	0.000476036 	-0.100103 	0.00420206 	
0.525	2.05915 	-0.0860252 	-1.57961 	0.000535368 	-0.100135 	0.00419184 	
0.53	2.05995 	-0.0862436 	-1.57968 	0.000522839 	-0.100176 	0.0041869 	
0.535	2.06064 	-0.0864594 	-1.57966 	0.000510289 	-0.100213 	0.00418164 	
0.54	2.06119 	-0.0866495 	-1.57955 	0.000499019 	-0.100246 	0.00417663 	
0.545	2.06171 	-0.0868249 	-1.57944 	0.000488549 	-0.100276 	0.00417194 	
0.55	2.0604 	-0.0855428 	-1.58193 	0.000550356 	-0.100309 	0.00416168 	
0.555	2.06122 	-0.08577 	-1.58199 	0.000537254 	-0.100351 	0.00415644 	
0.56	2.06192 	-0.0859943 	-1.58195 	0.000524138 	-0.100389 	0.00415086 	
0.565	2.06248 	-0.0861917 	-1.58183 	0.000512368 	-0.100422 	0.00414555 	
0.57	2.063 	-0.0863737 	-1.5817 	0.000501434 	-0.100453 	0.00414057 	
0.575	2.06162 	-0.0850479 	-1.58428 	0.000565737 	-0.100486 	0.00413031 	
0.58	2.06247 	-0.0852845 	-1.58434 	0.000552038 	-0.100529 	0.00412478 	
0.585	2.06319 	-0.0855178 	-1.58429 	0.000538335 	-0.100568 	0.00411887 	
0.59	2.06376 	-0.085723 	-1.58415 	0.000526046 	-0.100602 	0.00411325 	
0.595	2.0643 	-0.0859122 	-1.58401 	0.000514632 	-0.100634 	0.00410798 	
0.6	2.06285 	-0.0845451 	-1.58668 	0.000581362 	-0.100668 	0.00409779 	
0.605	2.06374 	-0.0847914 	-1.58674 	0.000567052 	-0.100713 	0.00409195 	
0.61	2.06448 	-0.0850342 	-1.58668 	0.000552749 	-0.100753 	0.00408571 	
0.615	2.06506 	-0.0852474 	-1.58653 	0.00053993 	-0.100787 	0.00407977 	
0.62	2.06395 	-0.0841466 	-1.58876 	0.000593513 	-0.100823 	0.0040702 	
0.625	2.06478 	-0.084399 	-1.58876 	0.000578726 	-0.100867 	0.00406394 	
0.63	2.06551 	-0.0846459 	-1.58868 	0.000564096 	-0.100907 	0.00405742 	
0.635	2.06611 	-0.0848652 	-1.58852 	0.000550881 	-0.100942 	0.00405124 	
0.64	2.065 	-0.0837692 	-1.59075 	0.000604488 	-0.100979 	0.00404183 	
0.645	2.06585 	-0.0840272 	-1.59075 	0.000589325 	-0.101023 	0.00403534 	
0.65	2.06659 	-0.0842795 	-1.59066 	0.000574337 	-0.101064 	0.0040286 	
0.655	2.06719 	-0.0845036 	-1.5905 	0.000560795 	-0.1011 	0.00402221 	
0.66	2.06606 	-0.0833882 	-1.59278 	0.000615692 	-0.101137 	0.00401294 	
0.665	2.06693 	-0.0836523 	-1.59278 	0.000600137 	-0.101183 	0.00400624 	
0.67	2.06768 	-0.0839104 	-1.59269 	0.000584765 	-0.101225 	0.00399927 	
0.675	2.0683 	-0.0841396 	-1.59252 	0.00057088 	-0.101261 	0.00399266 	
0.68	2.06714 	-0.0830038 	-1.59486 	0.000627141 	-0.101299 	0.00398356 	
0.685	2.06803 	-0.0832743 	-1.59486 	0.000611174 	-0.101346 	0.00397663 	
0.69	2.0688 	-0.0835386 	-1.59476 	0.000595397 	-0.101389 	0.00396942 	
0.695	2.06944 	-0.0837732 	-1.59459 	0.000581152 	-0.101426 	0.00396258 	
0.7	2.06824 	-0.0826183 	-1.59698 	0.000638736 	-0.101465 	0.00395366 	
0.705	2.06915 	-0.0828955 	-1.59698 	0.000622343 	-0.101513 	0.0039465 	
0.71	2.06994 	-0.0831663 	-1.59688 	0.000606148 	-0.101556 	0.00393904 	
0.715	2.07059 	-0.0834065 	-1.5967 	0.00059153 	-0.101594 	0.00393196 	
0.72	2.06936 	-0.082234 	-1.59915 	0.000650391 	-0.101634 	0.00392325 	
0.725	2.0703 	-0.082518 	-1.59915 	0.000633562 	-0.101683 	0.00391586 	
0.73	2.07111 	-0.0827953 	-1.59905 	0.000616941 	-0.101728 	0.00390814 	
0.735	2.07176 	-0.0830413 	-1.59886 	0.000601943 	-0.101766 	0.0039008 	
0.74	2.07051 	-0.0818526 	-1.60136 	0.000662034 	-0.101807 	0.00389234 	
0.745	2.07147 	-0.0821435 	-1.60137 	0.000644763 	-0.101857 	0.0038847 	
0.75	2.07229 	-0.0824274 	-1.60126 	0.000627711 	-0.101902 	0.00387672 	
0.755	2.07296 	-0.0826792 	-1.60107 	0.000612328 	-0.101942 	0.00386913 	
0.76	2.07168 	-0.0814757 	-1.60362 	0.000673606 	-0.101983 	0.00386093 	
0.765	2.07231 	-0.0813153 	-1.60311 	0.000620302 	-0.101988 	0.0039046 	
0.77	2.07315 	-0.0816058 	-1.603 	0.000602817 	-0.102035 	0.00389635 	
0.775	2.07383 	-0.0818634 	-1.60281 	0.000587047 	-0.102075 	0.0038885 	
0.78	2.07252 	-0.0806467 	-1.6054 	0.000649504 	-0.102117 	0.00388065 	
0.785	2.07353 	-0.0809513 	-1.60541 	0.000631347 	-0.102169 	0.00387252 	
0.79	2.07438 	-0.0812485 	-1.6053 	0.000613429 	-0.102216 	0.00386399 	
0.795	2.07508 	-0.0815118 	-1.6051 	0.000597272 	-0.102257 	0.00385589 	
0.8	2.07375 	-0.0802829 	-1.60774 	0.000660834 	-0.1023 	0.00384837 	
0.805	2.07477 	-0.0805944 	-1.60775 	0.000642235 	-0.102353 	0.00383998 	
0.81	2.07564 	-0.0808981 	-1.60764 	0.000623885 	-0.102401 	0.00383118 	
0.815	2.07635 	-0.0811671 	-1.60743 	0.000607344 	-0.102443 	0.00382281 	
0.82	2.07499 	-0.0799274 	-1.61012 	0.000671968 	-0.102486 	0.00381565 	
0.825	2.07604 	-0.0802455 	-1.61013 	0.00065293 	-0.102541 	0.00380701 	
0.83	2.07693 	-0.0805557 	-1.61002 	0.000634153 	-0.10259 	0.00379794 	
0.835	2.07764 	-0.0808304 	-1.60981 	0.000617228 	-0.102632 	0.0037893 	
0.84	2.07626 	-0.079581 	-1.61254 	0.000682875 	-0.102676 	0.00378253 	
0.845	2.07733 	-0.0799058 	-1.61255 	0.000663403 	-0.102731 	0.00377363 	
0.85	2.07823 	-0.0802223 	-1.61244 	0.000644202 	-0.102781 	0.00376428 	
0.855	2.07896 	-0.0805026 	-1.61222 	0.000626898 	-0.102824 	0.00375538 	
0.86	2.07755 	-0.0792449 	-1.61499 	0.000693526 	-0.102868 	0.00374903 	
0.865	2.07864 	-0.0795761 	-1.61501 	0.000673624 	-0.102925 	0.00373988 	
0.87	2.07955 	-0.0798989 	-1.61489 	0.000654004 	-0.102975 	0.00373025 	
0.875	2.08029 	-0.0801846 	-1.61467 	0.000636325 	-0.103019 	0.00372108 	
0.88	2.07886 	-0.0789199 	-1.61748 	0.000703894 	-0.103064 	0.00371518 	
0.885	2.07997 	-0.0792574 	-1.6175 	0.000683569 	-0.103121 	0.00370577 	
0.89	2.0809 	-0.0795863 	-1.61738 	0.000663535 	-0.103173 	0.00369586 	
0.895	2.07997 	-0.0786857 	-1.61953 	0.000711424 	-0.10322 	0.00368898 	
0.9	2.08099 	-0.0790267 	-1.61947 	0.000690736 	-0.103274 	0.00367898 	
0.905	2.08189 	-0.0793562 	-1.61931 	0.000670565 	-0.103325 	0.0036688 	
0.91	2.08265 	-0.0796513 	-1.61909 	0.000652245 	-0.103369 	0.00365918 	
0.915	2.08123 	-0.0784114 	-1.6219 	0.000719448 	-0.103415 	0.00365405 	
0.92	2.08235 	-0.0787573 	-1.62191 	0.000698529 	-0.103474 	0.00364423 	
0.925	2.0833 	-0.0790939 	-1.62179 	0.000677928 	-0.103526 	0.0036339 	
0.93	2.08235 	-0.0781915 	-1.62398 	0.00072671 	-0.103574 	0.00362764 	
0.935	2.08339 	-0.078541 	-1.62392 	0.000705423 	-0.10363 	0.00361723 	
0.94	2.08431 	-0.0788786 	-1.62377 	0.000684672 	-0.103681 	0.00360662 	
0.945	2.0834 	-0.0780075 	-1.62591 	0.000732041 	-0.103729 	0.00360051 	
0.95	2.08445 	-0.0783593 	-1.62585 	0.000710563 	-0.103785 	0.00358993 	
0.955	2.08537 	-0.078699 	-1.62569 	0.000689643 	-0.103837 	0.00357918 	
0.96	2.08445 	-0.0778294 	-1.62785 	0.000737281 	-0.103885 	0.00357337 	
0.965	2.0855 	-0.0781837 	-1.62779 	0.000715612 	-0.103941 	0.00356265 	
0.97	2.08644 	-0.0785256 	-1.62763 	0.000694508 	-0.103993 	0.00355174 	
0.975	2.08551 	-0.0776554 	-1.62981 	0.000742548 	-0.104042 	0.00354626 	
0.98	2.08657 	-0.0780123 	-1.62975 	0.000720677 	-0.104099 	0.00353539 	
0.985	2.08751 	-0.0783569 	-1.62959 	0.000699373 	-0.104151 	0.00352433 	
0.99	2.08657 	-0.0774864 	-1.63179 	0.0007478 	-0.1042 	0.00351918 	
0.995	2.08764 	-0.0778462 	-1.63172 	0.000725715 	-0.104257 	0.00350815 	
1	2.08859 	-0.0781935 	-1.63157 	0.000704202 	-0.10431 	0.00349692 	
1.005	2.08764 	-0.0773235 	-1.63378 	0.000752986 	-0.104359 	0.0034921 	
1.01	2.08872 	-0.0776862 	-1.63372 	0.00073068 	-0.104416 	0.00348091 	
1.015	2.08967 	-0.0780364 	-1.63356 	0.00070895 	-0.104469 	0.00346951 	
1.02	2.08872 	-0.0771674 	-1.63579 	0.000758063 	-0.104519 	0.00346502 	
1.025	2.08981 	-0.0775332 	-1.63573 	0.00073553 	-0.104577 	0.00345366 	
1.03	2.09076 	-0.0778863 	-1.63557 	0.000713579 	-0.10463 	0.00344209 	
1.035	2.0898 	-0.077019 	-1.63781 	0.000762994 	-0.10468 	0.00343793 	
1.04	2.0909 	-0.0773878 	-1.63775 	0.000740232 	-0.104738 	0.00342641 	
1.045	2.09186 	-0.0777438 	-1.63759 	0.000718058 	-0.104792 	0.00341466 	
1.05	2.09092 	-0.0769189 	-1.63989 	0.000770837 	-0.104846 	0.00340624 	
1.055	2.09202 	-0.0772908 	-1.63983 	0.000747844 	-0.104904 	0.00339455 	
1.06	2.09299 	-0.0776497 	-1.63967 	0.000725446 	-0.104958 	0.00338262 	
1.065	2.09202 	-0.0767875 	-1.64194 	0.00077539 	-0.105008 	0.00337915 	
1.07	2.09312 	-0.0771624 	-1.64188 	0.000752167 	-0.105067 	0.00336728 	
1.075	2.0941 	-0.0775243 	-1.64172 	0.000729546 	-0.105121 	0.00335518 	
1.08	2.09312 	-0.0766654 	-1.644 	0.000779721 	-0.105172 	0.00335206 	
1.085	2.09423 	-0.0770433 	-1.64394 	0.00075627 	-0.105231 	0.00334002 	
1.09	2.09521 	-0.077408 	-1.64378 	0.000733427 	-0.105285 	0.00332774 	
1.095	2.09422 	-0.0765529 	-1.64607 	0.000783813 	-0.105336 	0.00332498 	
1.1	2.09534 	-0.0769337 	-1.64601 	0.000760136 	-0.105395 	0.00331277 	
1.105	2.09632 	-0.0773012 	-1.64585 	0.000737074 	-0.10545 	0.00330031 	
1.11	2.09533 	-0.0764503 	-1.64815 	0.000787648 	-0.1055 	0.00329791 	
1.115	2.09645 	-0.076834 	-1.64809 	0.000763749 	-0.10556 	0.00328554 	
1.12	2.09744 	-0.0772043 	-1.64793 	0.000740472 	-0.105615 	0.0032729 	
1.125	2.09644 	-0.0763581 	-1.65024 	0.000791214 	-0.105666 	0.00327087 	
1.13	2.09757 	-0.0767446 	-1.65018 	0.000767097 	-0.105726 	0.00325833 	
1.135	2.09856 	-0.0771175 	-1.65001 	0.000743608 	-0.105781 	0.00324552 	
1.14	2.09756 	-0.0762764 	-1.65233 	0.000794499 	-0.105832 	0.00324386 	
1.145	2.09869 	-0.0766656 	-1.65227 	0.000770169 	-0.105892 	0.00323115 	
1.15	2.09968 	-0.0770411 	-1.65211 	0.000746473 	-0.105947 	0.00321817 	
1.155	2.09867 	-0.0762056 	-1.65443 	0.000797492 	-0.105998 	0.00321689 	
1.16	2.09981 	-0.0765973 	-1.65437 	0.000772954 	-0.106059 	0.00320402 	
1.165	2.10081 	-0.0769753 	-1.65421 	0.000749056 	-0.106114 	0.00319087 	
1.17	2.09979 	-0.0761457 	-1.65654 	0.000800184 	-0.106165 	0.00318998 	
1.175	2.10093 	-0.0765399 	-1.65648 	0.000775443 	-0.106226 	0.00317694 	
1.18	2.10193 	-0.0769203 	-1.65631 	0.000751349 	-0.106281 	0.00316363 	
1.185	2.10092 	-0.076097 	-1.65865 	0.000802566 	-0.106332 	0.00316312 	
1.19	2.10206 	-0.0764936 	-1.65859 	0.000777629 	-0.106393 	0.00314993 	
1.195	2.10306 	-0.0768763 	-1.65842 	0.000753345 	-0.106448 	0.00313645 	
1.2	2.10204 	-0.0760597 	-1.66076 	0.000804632 	-0.1065 	0.00313634 	
1.205	2.10318 	-0.0764585 	-1.6607 	0.000779504 	-0.106561 	0.00312299 	
1.21	2.10419 	-0.0768433 	-1.66053 	0.000755036 	-0.106616 	0.00310936 	
1.215	2.10316 	-0.0760338 	-1.66288 	0.000806373 	-0.106668 	0.00310964 	
1.22	2.10431 	-0.0764348 	-1.66282 	0.000781063 	-0.106729 	0.00309614 	
1.225	2.10532 	-0.0768217 	-1.66265 	0.000756417 	-0.106784 	0.00308235 	
1.23	2.10429 	-0.0760195 	-1.665 	0.000807785 	-0.106836 	0.00308303 	
1.235	2.10543 	-0.0764226 	-1.66493 	0.000782298 	-0.106897 	0.00306938 	
1.24	2.10644 	-0.0768114 	-1.66477 	0.000757482 	-0.106952 	0.00305544 	
1.245	2.10541 	-0.0760169 	-1.66711 	0.000808862 	-0.107004 	0.00305652 	
1.25	2.10656 	-0.0764219 	-1.66705 	0.000783206 	-0.107065 	0.00304273 	
1.255	2.10757 	-0.0768125 	-1.66689 	0.000758226 	-0.10712 	0.00302863 	
1.26	2.10653 	-0.0760261 	-1.66924 	0.0008096 	-0.107172 	0.00303012 	
1.265	2.10768 	-0.0764328 	-1.66917 	0.000783782 	-0.107233 	0.00301619 	
1.27	2.10869 	-0.0768252 	-1.669 	0.000758644 	-0.107288 	0.00300195 	
1.275	2.10766 	-0.0760471 	-1.67135 	0.000809993 	-0.10734 	0.00300385 	
1.28	2.1088 	-0.0764555 	-1.67129 	0.000784021 	-0.107401 	0.00298978 	
1.285	2.10982 	-0.0768494 	-1.67112 	0.000758734 	-0.107456 	0.0029754 	
1.29	2.10878 	-0.07608 	-1.67347 	0.000810037 	-0.107508 	0.0029777 	
1.295	2.10993 	-0.0764899 	-1.67341 	0.00078392 	-0.107569 	0.0029635 	
1.3	2.11094 	-0.0768852 	-1.67324 	0.000758492 	-0.107624 	0.00294899 	
1.305	2.1099 	-0.0761248 	-1.67559 	0.000809731 	-0.107676 	0.0029517 	
1.31	2.11104 	-0.076536 	-1.67553 	0.000783475 	-0.107737 	0.00293737 	
1.315	2.11205 	-0.0769327 	-1.67536 	0.000757914 	-0.107792 	0.00292273 	
1.32	2.11101 	-0.0761815 	-1.6777 	0.00080907 	-0.107843 	0.00292584 	
1.325	2.11216 	-0.076594 	-1.67764 	0.000782685 	-0.107904 	0.00291139 	
1.33	2.11317 	-0.0769918 	-1.67747 	0.000756998 	-0.10796 	0.00289663 	
1.335	2.11213 	-0.0762501 	-1.67981 	0.000808053 	-0.108011 	0.00290015 	
1.34	2.11327 	-0.0766636 	-1.67975 	0.000781547 	-0.108072 	0.00288558 	
1.345	2.11428 	-0.0770625 	-1.67957 	0.000755742 	-0.108127 	0.0028707 	
1.35	2.11324 	-0.0763305 	-1.68191 	0.000806676 	-0.108178 	0.00287462 	
1.355	2.11438 	-0.076745 	-1.68185 	0.000780058 	-0.108239 	0.00285994 	
1.36	2.11539 	-0.0771448 	-1.68168 	0.000754145 	-0.108294 	0.00284495 	
1.365	2.11435 	-0.0764228 	-1.68401 	0.00080494 	-0.108345 	0.00284927 	
1.37	2.11549 	-0.0768382 	-1.68395 	0.000778218 	-0.108405 	0.00283448 	
1.375	2.11618 	-0.0768377 	-1.6833 	0.000721713 	-0.10842 	0.00286649 	
1.38	2.11514 	-0.076126 	-1.68563 	0.00077238 	-0.108471 	0.00287123 	
1.385	2.11628 	-0.076542 	-1.68557 	0.000745564 	-0.108531 	0.00285635 	
1.39	2.11728 	-0.0769432 	-1.68539 	0.000719459 	-0.108586 	0.00284115 	
1.395	2.11624 	-0.0762419 	-1.68771 	0.000769949 	-0.108637 	0.00284629 	
1.4	2.11738 	-0.0766585 	-1.68765 	0.000743048 	-0.108697 	0.00283131 	
1.405	2.11837 	-0.0770601 	-1.68748 	0.000716861 	-0.108751 	0.00281601 	
1.41	2.11734 	-0.0763695 	-1.68979 	0.000767156 	-0.108802 	0.00282154 	
1.415	2.11847 	-0.0767864 	-1.68972 	0.000740179 	-0.108862 	0.00280647 	
1.42	2.11946 	-0.0771884 	-1.68955 	0.000713919 	-0.108916 	0.00279109 	
1.425	2.11843 	-0.0765085 	-1.69186 	0.000764 	-0.108966 	0.00279701 	
1.43	2.11955 	-0.0769257 	-1.69179 	0.000736957 	-0.109026 	0.00278185 	
1.435	2.12054 	-0.0773279 	-1.69162 	0.000710633 	-0.10908 	0.00276639 	
1.44	2.11951 	-0.076659 	-1.69391 	0.000760482 	-0.10913 	0.00277268 	
1.445	2.12063 	-0.0770762 	-1.69385 	0.000733382 	-0.109189 	0.00275745 	
1.45	2.12162 	-0.0774785 	-1.69367 	0.000707004 	-0.109243 	0.00274191 	
1.455	2.12059 	-0.0768208 	-1.69596 	0.000756602 	-0.109293 	0.00274858 	
1.46	2.1217 	-0.0772379 	-1.69589 	0.000729456 	-0.109352 	0.00273328 	
1.465	2.12269 	-0.0776401 	-1.69572 	0.000703033 	-0.109406 	0.00271767 	
1.47	2.12166 	-0.0769937 	-1.69799 	0.000752362 	-0.109456 	0.00272471 	
1.475	2.12277 	-0.0774106 	-1.69793 	0.00072518 	-0.109514 	0.00270934 	
1.48	2.12375 	-0.0778125 	-1.69775 	0.000698722 	-0.109568 	0.00269367 	
1.485	2.12273 	-0.0771775 	-1.70002 	0.000747764 	-0.109617 	0.00270107 	
1.49	2.12383 	-0.077594 	-1.69995 	0.000720556 	-0.109675 	0.00268564 	
1.495	2.1248 	-0.0779957 	-1.69978 	0.000694073 	-0.109728 	0.00266992 	
1.5	2.12378 	-0.0773722 	-1.70203 	0.000742809 	-0.109778 	0.00267767 	
1.505	2.12488 	-0.0777882 	-1.70196 	0.000715586 	-0.109836 	0.00266219 	
1.51	2.12585 	-0.0781893 	-1.70179 	0.000689088 	-0.109888 	0.00264642 	
1.515	2.12483 	-0.0775775 	-1.70402 	0.000737501 	-0.109937 	0.00265452 	
1.52	2.12592 	-0.0779928 	-1.70395 	0.000710273 	-0.109995 	0.00263899 	
1.525	2.12689 	-0.0783932 	-1.70378 	0.00068377 	-0.110047 	0.00262318 	
1.53	2.12588 	-0.0777932 	-1.706 	0.000731842 	-0.110096 	0.00263162 	
1.535	2.12696 	-0.0782076 	-1.70593 	0.000704619 	-0.110153 	0.00261605 	
1.54	2.12792 	-0.0786072 	-1.70576 	0.000678123 	-0.110205 	0.00260021 	
1.545	2.12691 	-0.0780191 	-1.70797 	0.000725836 	-0.110253 	0.00260897 	
1.55	2.12799 	-0.0784325 	-1.7079 	0.000698629 	-0.11031 	0.00259338 	
1.555	2.12894 	-0.0788311 	-1.70773 	0.000672149 	-0.110362 	0.0025775 	
1.56	2.12794 	-0.0782549 	-1.70992 	0.000719486 	-0.110409 	0.00258659 	
1.565	2.12901 	-0.0786672 	-1.70985 	0.000692307 	-0.110466 	0.00257097 	
1.57	2.12995 	-0.0790646 	-1.70968 	0.000665853 	-0.110517 	0.00255508 	
1.575	2.12896 	-0.0785005 	-1.71185 	0.000712796 	-0.110565 	0.00256447 	
1.58	2.13002 	-0.0789114 	-1.71178 	0.000685655 	-0.110621 	0.00254883 	
1.585	2.13095 	-0.0793076 	-1.71161 	0.00065924 	-0.110671 	0.00253293 	
1.59	2.12997 	-0.0787555 	-1.71377 	0.000705772 	-0.110719 	0.00254261 	
1.595	2.13102 	-0.0791649 	-1.71369 	0.00067868 	-0.110774 	0.00252697 	
1.6	2.13195 	-0.0795597 	-1.71352 	0.000652314 	-0.110824 	0.00251106 	
1.605	2.13097 	-0.0790198 	-1.71566 	0.000698417 	-0.110871 	0.00252103 	
1.61	2.13201 	-0.0794275 	-1.71559 	0.000671387 	-0.110926 	0.00250539 	
1.615	2.13293 	-0.0798206 	-1.71542 	0.00064508 	-0.110976 	0.00248949 	
1.62	2.13196 	-0.0792929 	-1.71754 	0.000690738 	-0.111022 	0.00249973 	
1.625	2.13299 	-0.0796988 	-1.71747 	0.00066378 	-0.111077 	0.00248409 	
1.63	2.1339 	-0.0800902 	-1.7173 	0.000637544 	-0.111126 	0.0024682 	
1.635	2.13468 	-0.0804404 	-1.71705 	0.000613746 	-0.11117 	0.00245325 	
1.64	2.13317 	-0.0796399 	-1.71986 	0.00068128 	-0.111215 	0.00247254 	
1.645	2.13428 	-0.0800444 	-1.71987 	0.000654529 	-0.111272 	0.00245763 	
1.65	2.13522 	-0.0804382 	-1.71974 	0.000628159 	-0.111323 	0.00244186 	
1.655	2.13422 	-0.0799136 	-1.72187 	0.000674768 	-0.111368 	0.00245342 	
1.66	2.13523 	-0.0803181 	-1.7218 	0.000647813 	-0.111422 	0.00243773 	
1.665	2.13613 	-0.0807085 	-1.72164 	0.000621554 	-0.11147 	0.00242176 	
1.67	2.13689 	-0.0810575 	-1.72139 	0.000597747 	-0.111513 	0.00240673 	
1.675	2.13541 	-0.0802958 	-1.72413 	0.000663749 	-0.111557 	0.00242665 	
1.68	2.13649 	-0.0806977 	-1.72414 	0.000637068 	-0.111613 	0.00241166 	
1.685	2.13741 	-0.0810889 	-1.72401 	0.000610771 	-0.111662 	0.00239585 	
1.69	2.13816 	-0.0814354 	-1.72376 	0.000587078 	-0.111704 	0.00238084 	
1.695	2.13665 	-0.0806734 	-1.72652 	0.000653981 	-0.111747 	0.00240181 	
1.7	2.13772 	-0.0810744 	-1.72653 	0.000627311 	-0.111803 	0.00238681 	
1.705	2.13863 	-0.0814651 	-1.7264 	0.000601004 	-0.111852 	0.00237096 	
1.71	2.13938 	-0.0818109 	-1.72616 	0.000577311 	-0.111893 	0.00235591 	
1.715	2.13788 	-0.0810716 	-1.72888 	0.000643243 	-0.111936 	0.00237716 	
1.72	2.13893 	-0.081471 	-1.72888 	0.000616626 	-0.111991 	0.00236213 	
1.725	2.13983 	-0.08186 	-1.72875 	0.000590375 	-0.112039 	0.00234626 	
1.73	2.14057 	-0.0822045 	-1.72851 	0.000566727 	-0.11208 	0.00233121 	
1.735	2.13909 	-0.0814895 	-1.73118 	0.000631494 	-0.112122 	0.00235265 	
1.74	2.14013 	-0.0818864 	-1.73119 	0.000604987 	-0.112175 	0.00233761 	
1.745	2.14101 	-0.0822729 	-1.73105 	0.00057885 	-0.112223 	0.00232177 	
1.75	2.14174 	-0.0826154 	-1.73081 	0.000555299 	-0.112263 	0.00230675 	
1.755	2.14029 	-0.0819245 	-1.73344 	0.000618868 	-0.112305 	0.00232835 	
1.76	2.1413 	-0.082318 	-1.73344 	0.000592523 	-0.112357 	0.00231334 	
1.765	2.14237 	-0.0829653 	-1.73362 	0.000586243 	-0.11243 	0.00226596 	
1.77	2.14309 	-0.0833051 	-1.73338 	0.000562833 	-0.11247 	0.00225101 	
1.775	2.14166 	-0.0826379 	-1.73596 	0.000625162 	-0.112511 	0.00227273 	
1.78	2.14266 	-0.0830275 	-1.73596 	0.000599022 	-0.112563 	0.00225777 	
1.785	2.14352 	-0.083407 	-1.73583 	0.000573252 	-0.112608 	0.00224208 	
1.79	2.14422 	-0.0837435 	-1.73559 	0.000550022 	-0.112648 	0.00222723 	
1.795	2.14282 	-0.0830997 	-1.73812 	0.000611108 	-0.112687 	0.00224905 	
1.8	2.14379 	-0.0834849 	-1.73811 	0.000585211 	-0.112738 	0.00223418 	
1.805	2.14464 	-0.0838601 	-1.73798 	0.000559682 	-0.112783 	0.0022186 	
1.81	2.14533 	-0.0841929 	-1.73775 	0.000536665 	-0.112822 	0.00220387 	
1.815	2.14396 	-0.0835722 	-1.74023 	0.000596479 	-0.112861 	0.00222576 	
1.82	2.14491 	-0.0839524 	-1.74021 	0.000570859 	-0.11291 	0.002211 	
1.825	2.14574 	-0.0843228 	-1.74008 	0.000545604 	-0.112955 	0.00219556 	
1.83	2.14642 	-0.0846515 	-1.73986 	0.00052283 	-0.112992 	0.00218097 	
1.835	2.14507 	-0.0840536 	-1.74228 	0.00058134 	-0.113031 	0.00220289 	
1.84	2.14601 	-0.0844285 	-1.74227 	0.00055603 	-0.113079 	0.00218826 	
1.845	2.14681 	-0.0847937 	-1.74214 	0.000531079 	-0.113123 	0.00217298 	
1.85	2.14748 	-0.0851179 	-1.74192 	0.000508575 	-0.11316 	0.00215855 	
1.855	2.14617 	-0.0845426 	-1.74429 	0.000565749 	-0.113197 	0.00218046 	
1.86	2.14708 	-0.0849117 	-1.74427 	0.000540775 	-0.113245 	0.00216598 	
1.865	2.14787 	-0.0852714 	-1.74414 	0.000516156 	-0.113287 	0.00215088 	
1.87	2.14853 	-0.0855908 	-1.74392 	0.000493947 	-0.113323 	0.00213663 	
1.875	2.14724 	-0.0850378 	-1.74624 	0.000549752 	-0.11336 	0.00215848 	
1.88	2.14813 	-0.0854007 	-1.74622 	0.000525141 	-0.113406 	0.00214417 	
1.885	2.14891 	-0.0857546 	-1.74609 	0.000500881 	-0.113448 	0.00212926 	
1.89	2.14955 	-0.0860688 	-1.74588 	0.000478991 	-0.113483 	0.00211521 	
1.895	2.1483 	-0.0855379 	-1.74814 	0.000533392 	-0.113519 	0.00213696 	
1.9	2.14916 	-0.0858944 	-1.74811 	0.000509171 	-0.113564 	0.00212284 	
1.905	2.14992 	-0.086242 	-1.74799 	0.000485294 	-0.113605 	0.00210815 	
1.91	2.15055 	-0.0865508 	-1.74778 	0.000463746 	-0.11364 	0.00209431 	
1.915	2.14933 	-0.0860418 	-1.74998 	0.000516708 	-0.113675 	0.00211592 	
1.92	2.15017 	-0.0863915 	-1.74996 	0.000492901 	-0.113719 	0.00210199 	
1.925	2.15091 	-0.0867325 	-1.74983 	0.000469431 	-0.113758 	0.00208753 	
1.93	2.15152 	-0.0870356 	-1.74963 	0.000448247 	-0.113792 	0.00207393 	
1.935	2.15034 	-0.0865483 	-1.75177 	0.000499737 	-0.113826 	0.00209534 	
1.94	2.15115 	-0.0868909 	-1.75174 	0.000476367 	-0.113869 	0.00208163 	
1.945	2.15187 	-0.087225 	-1.75162 	0.000453328 	-0.113907 	0.00206742 	
1.95	2.15248 	-0.0875222 	-1.75143 	0.000432528 	-0.113941 	0.00205406 	
1.955	2.15304 	-0.0877946 	-1.75122 	0.000413349 	-0.113972 	0.00204166 	
1.96	2.15149 	-0.0871444 	-1.75381 	0.000480029 	-0.114004 	0.00207123 	
1.965	2.15234 	-0.0874794 	-1.75384 	0.000457277 	-0.114048 	0.00205834 	
1.97	2.15306 	-0.0878092 	-1.75375 	0.000434568 	-0.114087 	0.0020445 	
1.975	2.15364 	-0.0880998 	-1.75356 	0.000414187 	-0.114119 	0.00203138 	
1.98	2.15419 	-0.0883662 	-1.75336 	0.000395395 	-0.114149 	0.00201921 	
1.985	2.15265 	-0.0877348 	-1.7559 	0.000461083 	-0.11418 	0.00204895 	
1.99	2.15348 	-0.0880631 	-1.75593 	0.000438746 	-0.114223 	0.00203626 	
1.995	2.15418 	-0.0883866 	-1.75584 	0.000416436 	-0.11426 	0.00202263 	
2	2.15474 	-0.0886717 	-1.75565 	0.000396411 	-0.114291 	0.00200974 	
2.005	2.15528 	-0.0889332 	-1.75546 	0.000377948 	-0.11432 	0.00199777 	
2.01	2.1538 	-0.0883372 	-1.7579 	0.000441007 	-0.114351 	0.00202682 	
2.015	2.15459 	-0.0886575 	-1.75792 	0.000419165 	-0.114392 	0.00201433 	
2.02	2.15526 	-0.0889731 	-1.75783 	0.000397356 	-0.114428 	0.00200097 	
2.025	2.15581 	-0.0892517 	-1.75765 	0.00037777 	-0.114458 	0.00198836 	
2.03	2.15633 	-0.0895071 	-1.75747 	0.00035971 	-0.114486 	0.00197665 	
2.035	2.15491 	-0.0889471 	-1.75981 	0.000419962 	-0.114515 	0.00200486 	
2.04	2.15567 	-0.0892581 	-1.75982 	0.000398702 	-0.114554 	0.00199263 	
2.045	2.15632 	-0.0895647 	-1.75973 	0.00037748 	-0.114589 	0.0019796 	
2.05	2.15685 	-0.0898356 	-1.75956 	0.000358408 	-0.114618 	0.00196732 	
2.055	2.15735 	-0.090084 	-1.75938 	0.000340824 	-0.114645 	0.00195592 	
2.06	2.156 	-0.0895591 	-1.76161 	0.000398227 	-0.114674 	0.00198323 	
2.065	2.15672 	-0.0898599 	-1.76162 	0.000377619 	-0.114711 	0.00197131 	
2.07	2.15734 	-0.0901565 	-1.76153 	0.000357051 	-0.114744 	0.00195866 	
2.075	2.15785 	-0.0904189 	-1.76137 	0.000338557 	-0.114772 	0.00194675 	
2.08	2.15833 	-0.0906594 	-1.7612 	0.000321505 	-0.114798 	0.0019357 	
2.085	2.15878 	-0.0908798 	-1.76103 	0.000305788 	-0.114823 	0.00192545 	
2.09	2.15718 	-0.0902483 	-1.76355 	0.0003737 	-0.114849 	0.00195896 	
2.095	2.1579 	-0.0905377 	-1.7636 	0.000353942 	-0.114887 	0.00194787 	
2.1	2.15839 	-0.0906572 	-1.76334 	0.000321592 	-0.114902 	0.00195607 	
2.105	2.15888 	-0.0909101 	-1.76318 	0.000303747 	-0.114929 	0.00194458 	
2.11	2.15934 	-0.0911419 	-1.76302 	0.000287292 	-0.114954 	0.00193391 	
2.115	2.15977 	-0.0913544 	-1.76285 	0.000272125 	-0.114977 	0.00192401 	
2.12	2.15823 	-0.0907609 	-1.76526 	0.000336946 	-0.115002 	0.00195652 	
2.125	2.15892 	-0.0910388 	-1.7653 	0.000317929 	-0.115037 	0.00194577 	
2.13	2.1595 	-0.0913157 	-1.76524 	0.000298722 	-0.115068 	0.00193405 	
2.135	2.15997 	-0.0915592 	-1.76509 	0.000281528 	-0.115093 	0.00192298 	
2.14	2.1604 	-0.0917824 	-1.76494 	0.000265673 	-0.115117 	0.00191271 	
2.145	2.16081 	-0.0919871 	-1.76479 	0.000251057 	-0.11514 	0.00190318 	
2.15	2.15938 	-0.091444 	-1.76703 	0.00031139 	-0.115163 	0.00193386 	
2.155	2.16002 	-0.0917086 	-1.76706 	0.000293231 	-0.115196 	0.00192349 	
2.16	2.16056 	-0.0919725 	-1.767 	0.000274901 	-0.115225 	0.00191228 	
2.165	2.161 	-0.0922049 	-1.76686 	0.000258474 	-0.115249 	0.00190171 	
2.17	2.16142 	-0.0924181 	-1.76672 	0.000243325 	-0.115271 	0.00189191 	
2.175	2.16181 	-0.0926135 	-1.76658 	0.000229358 	-0.115293 	0.00188281 	
2.18	2.16217 	-0.0927925 	-1.76644 	0.000216488 	-0.115313 	0.00187438 	
2.185	2.16059 	-0.09219 	-1.76883 	0.000282866 	-0.115335 	0.00190901 	
2.19	2.16121 	-0.0924394 	-1.76889 	0.000265806 	-0.115366 	0.00189948 	
2.195	2.16174 	-0.0926901 	-1.76885 	0.0002484 	-0.115393 	0.00188892 	
2.2	2.16215 	-0.0929098 	-1.76872 	0.000232865 	-0.115416 	0.00187893 	
2.205	2.16253 	-0.0931114 	-1.76859 	0.000218535 	-0.115437 	0.00186966 	
2.21	2.1629 	-0.0932963 	-1.76846 	0.000205323 	-0.115457 	0.00186107 	
2.215	2.16324 	-0.0934657 	-1.76833 	0.000193145 	-0.115475 	0.0018531 	
2.22	2.16179 	-0.092922 	-1.77053 	0.000253989 	-0.115495 	0.00188527 	
2.225	2.16235 	-0.093155 	-1.77057 	0.000238007 	-0.115524 	0.00187623 	
2.23	2.16283 	-0.0933896 	-1.77053 	0.000221701 	-0.115549 	0.0018663 	
2.235	2.16321 	-0.0935956 	-1.77042 	0.000207128 	-0.11557 	0.00185695 	
2.24	2.16357 	-0.0937848 	-1.7703 	0.000193684 	-0.11559 	0.00184827 	
2.245	2.16391 	-0.0939583 	-1.77018 	0.000181286 	-0.115608 	0.00184023 	
2.25	2.16422 	-0.0941174 	-1.77006 	0.000169856 	-0.115625 	0.00183277 	
2.255	2.16452 	-0.0942632 	-1.76994 	0.000159323 	-0.115642 	0.00182585 	
2.26	2.16303 	-0.0937027 	-1.77216 	0.000221893 	-0.115659 	0.00185957 	
2.265	2.16355 	-0.0939161 	-1.77222 	0.000207272 	-0.115686 	0.00185142 	
2.27	2.164 	-0.094133 	-1.77219 	0.000192211 	-0.115709 	0.0018423 	
2.275	2.16434 	-0.0943228 	-1.77209 	0.000178788 	-0.115728 	0.0018337 	
2.28	2.16467 	-0.0944972 	-1.77198 	0.000166402 	-0.115746 	0.00182573 	
2.285	2.16498 	-0.0946573 	-1.77188 	0.000154976 	-0.115762 	0.00181834 	
2.29	2.16526 	-0.0948042 	-1.77178 	0.00014444 	-0.115778 	0.00181148 	
2.295	2.16553 	-0.0949388 	-1.77167 	0.000134727 	-0.115793 	0.00180512 	
2.3	2.16579 	-0.0950621 	-1.77157 	0.000125776 	-0.115807 	0.00179922 	
2.305	2.16602 	-0.095175 	-1.77146 	0.000117529 	-0.11582 	0.00179375 	
2.31	2.16439 	-0.0945583 	-1.7738 	0.000185687 	-0.115835 	0.00183128 	
2.315	2.16488 	-0.094749 	-1.77389 	0.0001727 	-0.115859 	0.00182429 	
2.32	2.16529 	-0.094946 	-1.77388 	0.000159072 	-0.11588 	0.00181614 	
2.325	2.16559 	-0.0951171 	-1.7738 	0.000146998 	-0.115897 	0.00180843 	
2.33	2.16588 	-0.0952744 	-1.77371 	0.000135851 	-0.115912 	0.00180128 	
2.335	2.16615 	-0.095419 	-1.77363 	0.000125565 	-0.115927 	0.00179466 	
2.34	2.1664 	-0.0955518 	-1.77354 	0.000116073 	-0.115941 	0.00178851 	
2.345	2.16664 	-0.0956737 	-1.77346 	0.000107318 	-0.115953 	0.00178281 	
2.35	2.16686 	-0.0957856 	-1.77337 	9.92432e-05 	-0.115966 	0.00177753 	
2.355	2.16707 	-0.0958881 	-1.77329 	9.1799e-05 	-0.115977 	0.00177262 	
2.36	2.16726 	-0.0959821 	-1.7732 	8.49376e-05 	-0.115988 	0.00176808 	
2.365	2.16744 	-0.0960681 	-1.77312 	7.86152e-05 	-0.115998 	0.00176386 	
2.37	2.16762 	-0.0961469 	-1.77303 	7.27915e-05 	-0.116007 	0.00175995 	
2.375	2.16595 	-0.0955141 	-1.77536 	0.000142335 	-0.116019 	0.00179897 	
2.38	2.16637 	-0.0956752 	-1.77547 	0.000131451 	-0.11604 	0.0017933 	
2.385	2.16671 	-0.095845 	-1.77548 	0.000119769 	-0.116057 	0.00178642 	
2.39	2.16697 	-0.0959916 	-1.77542 	0.000109477 	-0.116071 	0.0017799 	
2.395	2.1672 	-0.0961266 	-1.77536 	9.99693e-05 	-0.116084 	0.00177385 	
2.4	2.16743 	-0.096251 	-1.7753 	9.1186e-05 	-0.116096 	0.00176824 	
2.405	2.16763 	-0.0963654 	-1.77524 	8.30735e-05 	-0.116107 	0.00176304 	
2.41	2.16783 	-0.0964708 	-1.77518 	7.55813e-05 	-0.116117 	0.00175822 	
2.415	2.16821 	-0.0968432 	-1.77546 	8.88036e-05 	-0.116155 	0.0017204 	
2.42	2.16838 	-0.0969323 	-1.7754 	8.24159e-05 	-0.116164 	0.00171625 	
2.425	2.16854 	-0.0970142 	-1.77534 	7.65188e-05 	-0.116173 	0.00171241 	
2.43	2.16868 	-0.0970896 	-1.77528 	7.10749e-05 	-0.116181 	0.00170885 	
2.435	2.16882 	-0.0971589 	-1.77523 	6.60493e-05 	-0.116188 	0.00170554 	
2.44	2.16895 	-0.0972225 	-1.77517 	6.14116e-05 	-0.116195 	0.00170248 	
2.445	2.16907 	-0.097281 	-1.77512 	5.71313e-05 	-0.116202 	0.00169964 	
2.45	2.16919 	-0.0973347 	-1.77507 	5.31808e-05 	-0.116208 	0.00169701 	
2.455	2.16929 	-0.0973841 	-1.77502 	4.95358e-05 	-0.116214 	0.00169457 	
2.46	2.16939 	-0.0974294 	-1.77497 	4.61725e-05 	-0.11622 	0.0016923 	
2.465	2.16949 	-0.097471 	-1.77492 	4.30691e-05 	-0.116225 	0.0016902 	
2.47	2.16957 	-0.0975092 	-1.77488 	4.02055e-05 	-0.11623 	0.00168826 	
2.475	2.16965 	-0.0975443 	-1.77483 	3.75628e-05 	-0.116234 	0.00168645 	
2.48	2.16973 	-0.0975766 	-1.77479 	3.51237e-05 	-0.116239 	0.00168478 	
2.485	2.1698 	-0.0976062 	-1.77475 	3.2872e-05 	-0.116243 	0.00168323 	
2.49	2.16987 	-0.0976335 	-1.77471 	3.0793e-05 	-0.116246 	0.00168179 	
2.495	2.16993 	-0.0976585 	-1.77467 	2.88727e-05 	-0.11625 	0.00168046 	
2.5	2.16999 	-0.0976816 	-1.77464 	2.70983e-05 	-0.116253 	0.00167922 	
2.505	2.17004 	-0.0977029 	-1.7746 	2.54579e-05 	-0.116256 	0.00167808 	
2.51	2.17009 	-0.0977225 	-1.77457 	2.39402e-05 	-0.116259 	0.00167702 	
2.515	2.17014 	-0.0977408 	-1.77454 	2.25332e-05 	-0.116262 	0.00167603 	
2.52	2.17018 	-0.0977577 	-1.77451 	2.12266e-05 	-0.116264 	0.00167512 	
2.525	2.17022 	-0.0977733 	-1.77449 	2.00148e-05 	-0.116266 	0.00167427 	
2.53	2.17026 	-0.0977879 	-1.77447 	1.88908e-05 	-0.116268 	0.00167348 	
2.535	2.17029 	-0.0978015 	-1.77444 	1.78444e-05 	-0.11627 	0.00167275 	
2.54	2.17033 	-0.0978141 	-1.77442 	1.68701e-05 	-0.116272 	0.00167207 	
2.545	2.17036 	-0.0978259 	-1.77441 	1.59628e-05 	-0.116274 	0.00167144 	
2.55	2.17039 	-0.0978369 	-1.77439 	1.51163e-05 	-0.116276 	0.00167085 	
2.555	2.17042 	-0.0978473 	-1.77437 	1.43253e-05 	-0.116277 	0.0016703 	
2.56	2.17045 	-0.097857 	-1.77436 	1.35848e-05 	-0.116279 	0.00166979 	
2.565	2.17048 	-0.0978661 	-1.77435 	1.28902e-05 	-0.11628 	0.00166931 	
2.57	2.17051 	-0.0978748 	-1.77434 	1.22371e-05 	-0.116282 	0.00166886 	
2.575	2.17053 	-0.0978829 	-1.77433 	1.16218e-05 	-0.116283 	0.00166844 	
2.58	2.17056 	-0.0978907 	-1.77432 	1.10404e-05 	-0.116285 	0.00166804 	
2.585	2.17059 	-0.0978981 	-1.77431 	1.04897e-05 	-0.116286 	0.00166767 	
2.59	2.17062 	-0.0979052 	-1.7743 	9.96641e-06 	-0.116287 	0.00166731 	
2.595	2.17065 	-0.097912 	-1.7743 	9.46771e-06 	-0.116289 	0.00166698 	
2.6	2.17068 	-0.0979186 	-1.77429 	8.99088e-06 	-0.11629 	0.00166666 	
2.605	2.17071 	-0.0979249 	-1.77429 	8.53341e-06 	-0.116291 	0.00166636 	
2.61	2.17075 	-0.0979311 	-1.77429 	8.093e-06 	-0.116293 	0.00166607 	
2.615	2.17078 	-0.0979371 	-1.77429 	7.66749e-06 	-0.116294 	0.00166579 	
2.62	2.17082 	-0.097943 	-1.77429 	7.2549e-06 	-0.116295 	0.00166553 	
2.625	2.17085 	-0.0979488 	-1.77429 	6.85338e-06 	-0.116297 	0.00166527 	
2.63	2.17089 	-0.0979546 	-1.77429 	6.46124e-06 	-0.116298 	0.00166502 	
2.635	2.17093 	-0.0979602 	-1.77429 	6.07688e-06 	-0.1163 	0.00166478 	
2.64	2.17097 	-0.0979659 	-1.77429 	5.69885e-06 	-0.116301 	0.00166454 	
2.645	2.17101 	-0.0979715 	-1.77429 	5.32579e-06 	-0.116303 	0.00166431 	
2.65	2.17106 	-0.0979771 	-1.7743 	4.95645e-06 	-0.116305 	0.00166409 	
2.655	2.1711 	-0.0979827 	-1.7743 	4.58966e-06 	-0.116306 	0.00166387 	
2.66	2.17115 	-0.0979884 	-1.77431 	4.22434e-06 	-0.116308 	0.00166365 	
2.665	2.1712 	-0.0979941 	-1.77431 	3.85951e-06 	-0.11631 	0.00166343 	
2.67	2.17125 	-0.0979998 	-1.77432 	3.49424e-06 	-0.116312 	0.00166322 	
2.675	2.17131 	-0.0980057 	-1.77433 	3.12673e-06 	-0.116314 	0.001663 	
2.68	2.17136 	-0.0980116 	-1.77434 	2.75513e-06 	-0.116316 	0.00166279 	
2.685	2.17142 	-0.0980176 	-1.77434 	2.38268e-06 	-0.116318 	0.00166258 	
2.69	2.17148 	-0.0980237 	-1.77435 	2.00496e-06 	-0.11632 	0.00166236 	
2.695	2.17154 	-0.09803 	-1.77436 	1.62226e-06 	-0.116322 	0.00166214 	
2.7	2.17161 	-0.0980363 	-1.77437 	1.23603e-06 	-0.116324 	0.00166193 	
2.705	2.17167 	-0.0980428 	-1.77439 	8.44678e-07 	-0.116327 	0.00166171 	
2.71	2.17174 	-0.0980494 	-1.7744 	4.47686e-07 	-0.116329 	0.00166149 	
2.715	2.17181 	-0.0980561 	-1.77441 	4.45957e-08 	-0.116332 	0.00166126 	
2.72	2.17189 	-0.0980629 	-1.77442 	-3.6502e-07 	-0.116334 	0.00166104 	
2.725	2.17196 	-0.0980699 	-1.77444 	-7.81554e-07 	-0.116337 	0.00166081 	
2.73	2.17204 	-0.098077 	-1.77445 	-1.20537e-06 	-0.116339 	0.00166058 	
2.735	2.17212 	-0.0980843 	-1.77446 	-1.6368e-06 	-0.116342 	0.00166034 	
2.74	2.1722 	-0.0980917 	-1.77448 	-2.07616e-06 	-0.116345 	0.00166011 	
2.745	2.17229 	-0.0980993 	-1.7745 	-2.52372e-06 	-0.116348 	0.00165986 	
2.75	2.17237 	-0.0981071 	-1.77451 	-2.97976e-06 	-0.116351 	0.00165962 	
2.755	2.17246 	-0.098115 	-1.77453 	-3.44451e-06 	-0.116354 	0.00165937 	
2.76	2.17255 	-0.0981231 	-1.77455 	-3.91819e-06 	-0.116357 	0.00165911 	
2.765	2.17265 	-0.0981313 	-1.77456 	-4.401e-06 	-0.11636 	0.00165886 	
2.77	2.17274 	-0.0981398 	-1.77458 	-4.89314e-06 	-0.116364 	0.00165859 	
2.775	2.17284 	-0.0981484 	-1.7746 	-5.39477e-06 	-0.116367 	0.00165833 	
2.78	2.17294 	-0.0981571 	-1.77462 	-5.90604e-06 	-0.116371 	0.00165805 	
2.785	2.17305 	-0.0981661 	-1.77464 	-6.4271e-06 	-0.116374 	0.00165778 	
2.79	2.17517 	-0.0975506 	-1.77225 	5.63552e-05 	-0.116377 	0.00169564 	
2.795	2.17526 	-0.0976436 	-1.77235 	5.03485e-05 	-0.116379 	0.00169105 	
2.8	2.17524 	-0.0977454 	-1.77239 	4.37283e-05 	-0.116378 	0.00168662 	
2.805	2.17521 	-0.0978301 	-1.7724 	3.82394e-05 	-0.116376 	0.00168326 	
2.81	2.17519 	-0.0979095 	-1.77241 	3.31007e-05 	-0.116374 	0.00168012 	
2.815	2.17518 	-0.097984 	-1.77242 	2.82856e-05 	-0.116373 	0.00167718 	
2.82	2.17518 	-0.0980539 	-1.77243 	2.37696e-05 	-0.116372 	0.00167443 	
2.825	2.17519 	-0.0981197 	-1.77245 	1.95301e-05 	-0.116372 	0.00167185 	
2.83	2.175 	-0.0978816 	-1.7721 	-6.44312e-06 	-0.116342 	0.00170572 	
2.835	2.17503 	-0.0979397 	-1.77211 	-1.01755e-05 	-0.116343 	0.00170345 	
2.84	2.17507 	-0.0979935 	-1.77213 	-1.36358e-05 	-0.116344 	0.00170135 	
2.845	2.17513 	-0.098044 	-1.77215 	-1.68789e-05 	-0.116345 	0.00169937 	
2.85	2.17519 	-0.0980919 	-1.77217 	-1.99488e-05 	-0.116346 	0.00169751 	
2.855	2.17525 	-0.0981373 	-1.77219 	-2.28532e-05 	-0.116348 	0.00169576 	
2.86	2.1776 	-0.0981219 	-1.76945 	-2.14641e-05 	-0.11635 	0.00169776 	
2.865	2.17767 	-0.0981833 	-1.76955 	-2.50426e-05 	-0.11635 	0.00169556 	
2.87	2.17762 	-0.0982326 	-1.76957 	-2.80693e-05 	-0.116346 	0.00169356 	
2.875	2.17754 	-0.098272 	-1.76956 	-3.05867e-05 	-0.116342 	0.00169182 	
2.88	2.17748 	-0.0983097 	-1.76956 	-3.29833e-05 	-0.116338 	0.00169019 	
2.885	2.17744 	-0.0983456 	-1.76956 	-3.52688e-05 	-0.116335 	0.00168863 	
2.89	2.17742 	-0.0983801 	-1.76956 	-3.7452e-05 	-0.116332 	0.00168716 	
2.895	2.17741 	-0.0984132 	-1.76956 	-3.95413e-05 	-0.116331 	0.00168576 	
2.9	2.17741 	-0.0984451 	-1.76957 	-4.15444e-05 	-0.116329 	0.00168443 	
2.905	2.17743 	-0.0984757 	-1.76958 	-4.34683e-05 	-0.116329 	0.00168315 	
2.91	2.17746 	-0.0985054 	-1.76959 	-4.53196e-05 	-0.116329 	0.00168194 	
2.915	2.1775 	-0.098534 	-1.7696 	-4.71045e-05 	-0.116329 	0.00168078 	
2.92	2.17989 	-0.09856 	-1.76677 	-5.05695e-05 	-0.11633 	0.0016799 	
2.925	2.17995 	-0.0986019 	-1.76687 	-5.28079e-05 	-0.116329 	0.00167856 	
2.93	2.17988 	-0.0986306 	-1.76689 	-5.44472e-05 	-0.116324 	0.00167737 	
2.935	2.17978 	-0.098651 	-1.76688 	-5.57031e-05 	-0.116318 	0.00167633 	
2.94	2.17971 	-0.0986712 	-1.76687 	-5.69404e-05 	-0.116313 	0.00167531 	
2.945	2.17966 	-0.0986912 	-1.76686 	-5.81613e-05 	-0.116309 	0.00167434 	
2.95	2.17963 	-0.098711 	-1.76686 	-5.93677e-05 	-0.116306 	0.00167339 	
2.955	2.17961 	-0.0987307 	-1.76686 	-6.05615e-05 	-0.116303 	0.00167248 	
2.96	2.17961 	-0.0987503 	-1.76686 	-6.17443e-05 	-0.116302 	0.00167159 	
2.965	2.17963 	-0.0987698 	-1.76687 	-6.29176e-05 	-0.116301 	0.00167072 	
2.97	2.17966 	-0.0987892 	-1.76688 	-6.40831e-05 	-0.1163 	0.00166988 	
2.975	2.18212 	-0.0988128 	-1.76395 	-6.76409e-05 	-0.1163 	0.00166893 	
2.98	2.18218 	-0.0988479 	-1.76406 	-6.93803e-05 	-0.116299 	0.00166787 	
2.985	2.1821 	-0.0988694 	-1.76408 	-7.05204e-05 	-0.116293 	0.00166695 	
2.99	2.182 	-0.0988827 	-1.76406 	-7.12989e-05 	-0.116286 	0.00166613 	
2.995	2.18192 	-0.0988965 	-1.76405 	-7.21025e-05 	-0.116281 	0.00166534 	
3	2.18186 	-0.0989106 	-1.76404 	-7.29302e-05 	-0.116277 	0.00166455 	
3.005	2.18182 	-0.0989252 	-1.76404 	-7.37809e-05 	-0.116273 	0.00166378 	
3.01	2.18181 	-0.0989402 	-1.76404 	-7.46537e-05 	-0.11627 	0.00166303 	
3.015	2.18181 	-0.0989556 	-1.76404 	-7.55475e-05 	-0.116268 	0.00166228 	
3.02	2.18183 	-0.0989714 	-1.76405 	-7.64618e-05 	-0.116267 	0.00166154 	
3.025	2.18428 	-0.0989924 	-1.7611 	-7.98496e-05 	-0.116266 	0.00166063 	
3.03	2.18433 	-0.099025 	-1.76121 	-8.14068e-05 	-0.116265 	0.00165965 	
3.035	2.18425 	-0.0990442 	-1.76123 	-8.23816e-05 	-0.116258 	0.00165879 	
3.04	2.18414 	-0.0990553 	-1.76122 	-8.30069e-05 	-0.116251 	0.00165803 	
3.045	2.18406 	-0.0990671 	-1.7612 	-8.36762e-05 	-0.116245 	0.00165728 	
3.05	2.184 	-0.0990797 	-1.7612 	-8.43871e-05 	-0.116241 	0.00165654 	
3.055	2.18397 	-0.099093 	-1.76119 	-8.51371e-05 	-0.116237 	0.0016558 	
3.06	2.18395 	-0.0991068 	-1.7612 	-8.59241e-05 	-0.116234 	0.00165506 	
3.065	2.18396 	-0.0991213 	-1.7612 	-8.67461e-05 	-0.116232 	0.00165433 	
3.07	2.18632 	-0.0991411 	-1.75834 	-8.99786e-05 	-0.11623 	0.00165342 	
3.075	2.18636 	-0.0991723 	-1.75844 	-9.14543e-05 	-0.116228 	0.00165244 	
3.08	2.18627 	-0.0991909 	-1.75846 	-9.23854e-05 	-0.116221 	0.00165158 	
3.085	2.18616 	-0.0992018 	-1.75844 	-9.29881e-05 	-0.116214 	0.00165081 	
3.09	2.18608 	-0.0992137 	-1.75843 	-9.36431e-05 	-0.116208 	0.00165004 	
3.095	2.18603 	-0.0992263 	-1.75843 	-9.43473e-05 	-0.116203 	0.00164928 	
3.1	2.18599 	-0.0992398 	-1.75843 	-9.50977e-05 	-0.116199 	0.00164852 	
3.105	2.18598 	-0.0992539 	-1.75843 	-9.58916e-05 	-0.116196 	0.00164776 	
3.11	2.18599 	-0.0992688 	-1.75844 	-9.67264e-05 	-0.116194 	0.00164701 	
3.115	2.18849 	-0.0992896 	-1.75543 	-0.000100106 	-0.116193 	0.00164604 	
3.12	2.18854 	-0.0993233 	-1.75555 	-0.000101681 	-0.116191 	0.001645 	
3.125	2.18845 	-0.0993431 	-1.75557 	-0.000102665 	-0.116184 	0.00164408 	
3.13	2.18834 	-0.0993545 	-1.75556 	-0.000103289 	-0.116176 	0.00164327 	
3.135	2.18826 	-0.0993669 	-1.75555 	-0.000103971 	-0.11617 	0.00164247 	
3.14	2.1882 	-0.0993801 	-1.75554 	-0.000104706 	-0.116165 	0.00164166 	
3.145	2.18817 	-0.0993942 	-1.75554 	-0.000105491 	-0.116161 	0.00164086 	
3.15	2.18816 	-0.0994091 	-1.75555 	-0.000106323 	-0.116158 	0.00164006 	
3.155	2.1905 	-0.0994297 	-1.7527 	-0.000109548 	-0.116156 	0.00163904 	
3.16	2.19053 	-0.099462 	-1.7528 	-0.00011108 	-0.116153 	0.00163798 	
3.165	2.19044 	-0.0994819 	-1.75283 	-0.000112081 	-0.116145 	0.00163702 	
3.17	2.19033 	-0.0994943 	-1.75281 	-0.000112756 	-0.116138 	0.00163616 	
3.175	2.19025 	-0.0995076 	-1.75281 	-0.00011349 	-0.116131 	0.0016353 	
3.18	2.19019 	-0.0995219 	-1.7528 	-0.000114278 	-0.116126 	0.00163444 	
3.185	2.19016 	-0.099537 	-1.75281 	-0.000115118 	-0.116122 	0.00163359 	
3.19	2.19016 	-0.099553 	-1.75282 	-0.000116007 	-0.116119 	0.00163274 	
3.195	2.19257 	-0.0995749 	-1.74988 	-0.000119361 	-0.116117 	0.00163165 	
3.2	2.19261 	-0.0996094 	-1.75 	-0.000121 	-0.116114 	0.00163052 	
3.205	2.19252 	-0.0996309 	-1.75002 	-0.000122081 	-0.116107 	0.00162949 	
3.21	2.19241 	-0.0996443 	-1.75001 	-0.000122814 	-0.116099 	0.00162857 	
3.215	2.19233 	-0.0996587 	-1.75001 	-0.000123606 	-0.116093 	0.00162766 	
3.22	2.19263 	-0.100148 	-1.75058 	-8.9081e-05 	-0.116135 	0.00156978 	
3.225	2.19261 	-0.100165 	-1.75059 	-9.00062e-05 	-0.116131 	0.00156886 	
3.23	2.1926 	-0.100184 	-1.7506 	-9.10652e-05 	-0.116128 	0.00156791 	
3.235	2.1951 	-0.10021 	-1.74757 	-9.46177e-05 	-0.116126 	0.00156674 	
3.24	2.19515 	-0.100249 	-1.74769 	-9.64891e-05 	-0.116123 	0.00156547 	
3.245	2.19506 	-0.100274 	-1.74773 	-9.77625e-05 	-0.116115 	0.00156434 	
3.25	2.19495 	-0.10029 	-1.74772 	-9.86546e-05 	-0.116107 	0.00156332 	
3.255	2.19486 	-0.100307 	-1.74771 	-9.95993e-05 	-0.116101 	0.0015623 	
3.26	2.19481 	-0.100325 	-1.74772 	-0.000100593 	-0.116095 	0.0015613 	
3.265	2.19479 	-0.100343 	-1.74773 	-0.000101633 	-0.116091 	0.0015603 	
3.27	2.19703 	-0.100368 	-1.74495 	-0.000104902 	-0.116088 	0.00155911 	
3.275	2.19705 	-0.100403 	-1.74505 	-0.000106648 	-0.116084 	0.00155785 	
3.28	2.19696 	-0.100428 	-1.74508 	-0.00010789 	-0.116076 	0.00155669 	
3.285	2.19685 	-0.100444 	-1.74508 	-0.000108807 	-0.116068 	0.00155563 	
3.29	2.19677 	-0.100462 	-1.74508 	-0.000109778 	-0.116062 	0.00155458 	
3.295	2.19672 	-0.10048 	-1.74508 	-0.000110801 	-0.116056 	0.00155354 	
3.3	2.1967 	-0.100499 	-1.7451 	-0.000111872 	-0.116052 	0.00155251 	
3.305	2.19897 	-0.100524 	-1.74229 	-0.000115192 	-0.116049 	0.00155126 	
3.31	2.199 	-0.100561 	-1.7424 	-0.000116993 	-0.116045 	0.00154995 	
3.315	2.1989 	-0.100586 	-1.74243 	-0.000118283 	-0.116037 	0.00154874 	
3.32	2.1988 	-0.100603 	-1.74243 	-0.000119242 	-0.116029 	0.00154764 	
3.325	2.19872 	-0.100622 	-1.74243 	-0.000120255 	-0.116023 	0.00154655 	
3.33	2.19868 	-0.100641 	-1.74244 	-0.00012132 	-0.116017 	0.00154547 	
3.335	2.19866 	-0.100661 	-1.74246 	-0.000122433 	-0.116013 	0.0015444 	
3.34	2.20098 	-0.100687 	-1.73961 	-0.000125831 	-0.11601 	0.00154309 	
3.345	2.201 	-0.100721 	-1.73973 	-0.000127492 	-0.116006 	0.00154179 	
3.35	2.1263 	-0.0373559 	-1.37476 	-0.0085326 	-0.104074 	0.00394364 	
3.355	1.7655 	0.200886 	-0.0847656 	-0.0358652 	-0.0588098 	0.00901454 	
3.36	1.27541 	0.40093 	0.784277 	-0.0481002 	-0.0203229 	0.00346185 	
3.365	1.05509 	0.571496 	1.68339 	-0.0675189 	0.0104176 	0.0073533 	
3.37	0.875728 	0.533292 	2.25155 	-0.0646469 	0.0310737 	0.0143089 	
3.375	0.19045 	0.371929 	3.48886 	-0.0381333 	0.0852852 	0.0229964 	
3.38	0.0534044 	0.428361 	3.71442 	-0.0344683 	0.095129 	0.0171786 	
3.385	-0.504242 	0.707223 	4.84351 	-0.0392307 	0.141289 	0.00371704 	
3.39	-0.736793 	0.571902 	5.27382 	-0.0257748 	0.160295 	0.00776737 	
3.395	-1.12954 	0.376999 	6.2642 	0.00494087 	0.198767 	0.00747966 	
3.4	-1.3054 	0.29359 	6.59285 	0.00926381 	0.21331 	0.0149511 	
3.405	-1.6778 	0.324379 	7.54556 	0.00686639 	0.250084 	0.0251545 	
3.41	-2.06798 	0.211755 	7.9013 	0.0188499 	0.271833 	0.0313468 	
3.415	-2.99657 	0.108042 	9.09675 	0.0368877 	0.332921 	0.0422181 	
3.42	-2.94528 	0.221161 	9.17202 	0.0232574 	0.333207 	0.0415864 	
3.425	-3.57859 	0.435982 	10.1555 	0.00977412 	0.379157 	0.0369233 	
3.43	-3.07389 	0.45067 	9.61675 	-0.000489092 	0.348882 	0.0393833 	
3.435	-2.92857 	0.344941 	9.4077 	0.0110028 	0.338859 	0.036997 	
3.44	-3.35136 	0.116895 	10.4401 	0.0432314 	0.379601 	0.0379219 	
3.445	-3.49795 	0.0321975 	10.3095 	0.0517636 	0.380657 	0.0416261 	
3.45	-4.71952 	-0.176197 	11.767 	0.0823424 	0.458076 	0.0577444 	
3.455	-4.48031 	-0.0445449 	11.4357 	0.0644082 	0.441969 	0.053763 	
3.46	-4.66699 	0.282322 	12.1326 	0.0302985 	0.466483 	0.0492283 	
3.465	-4.50038 	0.423858 	11.9474 	0.0136176 	0.456431 	0.0450308 	
3.47	-4.65363 	0.709303 	12.5339 	-0.0150964 	0.476893 	0.040561 	
3.475	-4.09104 	0.643495 	11.4938 	-0.0154935 	0.431721 	0.0397308 	
3.48	-3.46308 	0.569567 	10.5332 	-0.0188959 	0.386267 	0.0429912 	
3.485	-3.04787 	0.520429 	9.6356 	-0.0175286 	0.349521 	0.0399549 	
3.49	-2.66319 	0.474897 	8.8038 	-0.016261 	0.31547 	0.0371408 	
3.495	-2.25109 	0.429791 	8.03602 	-0.0153703 	0.282207 	0.0346359 	
3.5	-1.75792 	0.382157 	7.33062 	-0.0151141 	0.247966 	0.0325206 	
3.505	-1.41293 	0.343877 	6.6706 	-0.0143051 	0.219671 	0.0303556 	
3.51	-0.983769 	0.302656 	6.06497 	-0.0141195 	0.190092 	0.0285593 	
3.515	-0.757653 	0.273054 	5.49345 	-0.0131386 	0.167707 	0.0265607 	
3.52	-0.540298 	0.245602 	4.96494 	-0.0121936 	0.146961 	0.0247262 	
3.525	-0.338982 	0.220169 	4.47519 	-0.0113174 	0.127738 	0.0230259 	
3.53	-0.108231 	0.194241 	4.02376 	-0.0107502 	0.108575 	0.0215644 	
3.535	0.19406 	0.16548 	3.61026 	-0.0107151 	0.0881183 	0.0204384 	
3.54	0.384601 	0.144072 	3.22266 	-0.0102263 	0.0719295 	0.0192251 	
3.545	0.648204 	0.11914 	2.86767 	-0.0102246 	0.0542398 	0.0182792 	
3.55	0.759098 	0.102991 	2.53249 	-0.00951913 	0.0418043 	0.0170415 	
3.555	0.865573 	0.088008 	2.22093 	-0.00884261 	0.0302796 	0.0159072 	
3.56	0.964125 	0.0741317 	1.93225 	-0.0082152 	0.0196031 	0.0148558 	
3.565	1.09767 	0.0603042 	1.66701 	-0.0073978 	0.00843198 	0.0132207 	
3.57	1.30593 	0.0455388 	1.42572 	-0.00616914 	-0.00447673 	0.0103837 	
3.575	1.41365 	0.0338239 	1.19748 	-0.00550519 	-0.0138625 	0.00908659 	
3.58	1.59627 	0.0210661 	0.990381 	-0.00442559 	-0.0250673 	0.00658454 	
3.585	1.64034 	0.0120806 	0.794003 	-0.00413052 	-0.0316953 	0.00620946 	
3.59	1.68247 	0.00373578 	0.60988 	-0.00384939 	-0.0378376 	0.00586709 	
3.595	1.72139 	-0.00398833 	0.439311 	-0.00358844 	-0.0435256 	0.00554978 	
3.6	1.79953 	-0.0111601 	0.283355 	-0.00275528 	-0.0501038 	0.00400978 	
3.605	1.95618 	-0.0178495 	0.142988 	-0.000801215 	-0.0588168 	9.04387e-05 	
3.61	2.01023 	-0.0254365 	0.0126683 	-0.00155911 	-0.0639044 	0.00116874 	
3.615	2.1674 	-0.0368708 	-0.0896858 	-0.00468239 	-0.0714664 	0.00512706 	
3.62	2.28142 	-0.0461628 	-0.186974 	-0.00685937 	-0.0776265 	0.00789372 	
3.625	2.27679 	-0.0502606 	-0.299105 	-0.00637953 	-0.080404 	0.00742725 	
3.63	2.27237 	-0.0540491 	-0.402952 	-0.00593444 	-0.0829736 	0.00699491 	
3.635	2.30805 	-0.0605991 	-0.496923 	-0.00607002 	-0.0865299 	0.00723923 	
3.64	2.42164 	-0.0727587 	-0.579506 	-0.00727988 	-0.0922051 	0.00872929 	
3.645	2.44832 	-0.0774928 	-0.660513 	-0.00712315 	-0.0951516 	0.0085146 	
3.65	2.5487 	-0.0870985 	-0.7314 	-0.00779965 	-0.100125 	0.00917857 	
3.655	2.52555 	-0.0881999 	-0.800209 	-0.00726283 	-0.101254 	0.0086078 	
3.66	2.5032 	-0.089237 	-0.867265 	-0.00675449 	-0.102299 	0.00808823 	
3.665	2.48236 	-0.090189 	-0.929337 	-0.00628299 	-0.103263 	0.00760668 	
3.67	2.48682 	-0.0930661 	-0.985525 	-0.00626816 	-0.10486 	0.00770325 	
3.675	2.55614 	-0.101212 	-1.03403 	-0.00740959 	-0.10827 	0.0092767 	
3.68	2.60767 	-0.107688 	-1.0797 	-0.00823499 	-0.111053 	0.0104338 	
3.685	2.66697 	-0.114655 	-1.1214 	-0.00919752 	-0.113974 	0.0117576 	
3.69	2.6872 	-0.118069 	-1.15849 	-0.00946451 	-0.115607 	0.0121478 	
3.695	2.65317 	-0.116936 	-1.19913 	-0.00879605 	-0.115599 	0.0113683 	
3.7	2.62151 	-0.115877 	-1.23673 	-0.00817617 	-0.115586 	0.0106459 	
3.705	2.59213 	-0.11489 	-1.27154 	-0.00760141 	-0.115574 	0.00997632 	
3.71	2.56494 	-0.113977 	-1.30381 	-0.00706886 	-0.115564 	0.00935569 	
3.715	2.53975 	-0.113133 	-1.33372 	-0.00657543 	-0.115555 	0.0087804 	
3.72	2.51666 	-0.11264 	-1.3618 	-0.00609625 	-0.115576 	0.00821315 	
3.725	2.49691 	-0.111926 	-1.38425 	-0.00568306 	-0.11557 	0.00771125 	
3.73	2.47697 	-0.11128 	-1.40821 	-0.00529082 	-0.115564 	0.0072531 	
3.735	2.45837 	-0.110674 	-1.43034 	-0.00492699 	-0.115553 	0.00682846 	
3.74	2.4411 	-0.110106 	-1.45082 	-0.00458956 	-0.115543 	0.00643493 	
3.745	2.42512 	-0.109583 	-1.46982 	-0.00427696 	-0.115534 	0.00607012 	
3.75	2.41034 	-0.1091 	-1.48742 	-0.00398738 	-0.115526 	0.00573193 	
3.755	2.39666 	-0.108654 	-1.50375 	-0.00371913 	-0.11552 	0.00541841 	
3.76	2.38598 	-0.108249 	-1.51583 	-0.00347749 	-0.115515 	0.00512317 	
3.765	2.37429 	-0.107889 	-1.52998 	-0.00324772 	-0.11551 	0.00485359 	
3.77	2.36335 	-0.107547 	-1.54302 	-0.00303446 	-0.1155 	0.00460372 	
3.775	2.35319 	-0.107225 	-1.55508 	-0.00283658 	-0.115491 	0.00437218 	
3.78	2.34379 	-0.106929 	-1.56626 	-0.00265333 	-0.115483 	0.0041575 	
3.785	2.33511 	-0.106657 	-1.57663 	-0.00248362 	-0.115476 	0.00395844 	
3.79	2.32708 	-0.106407 	-1.58625 	-0.00232647 	-0.115471 	0.00377388 	
3.795	2.31967 	-0.106177 	-1.59517 	-0.00218095 	-0.115467 	0.00360274 	
3.8	2.31511 	-0.105974 	-1.60019 	-0.00205137 	-0.115464 	0.00344101 	
3.805	2.30882 	-0.105802 	-1.60799 	-0.00192729 	-0.11546 	0.00329355 	
3.81	2.30285 	-0.105633 	-1.61513 	-0.00181191 	-0.115452 	0.00315688 	
3.815	2.29728 	-0.10547 	-1.62172 	-0.00170469 	-0.115443 	0.00303027 	
3.82	2.29214 	-0.105321 	-1.62783 	-0.00160546 	-0.115436 	0.00291284 	
3.825	2.2874 	-0.105185 	-1.6335 	-0.00151362 	-0.11543 	0.00280393 	
3.83	2.28303 	-0.105062 	-1.63876 	-0.00142863 	-0.115425 	0.00270291 	
3.835	2.279 	-0.104949 	-1.64364 	-0.00135 	-0.115421 	0.0026092 	
3.84	2.2776 	-0.104854 	-1.64503 	-0.00128101 	-0.115418 	0.00252036 	
3.845	2.27421 	-0.104782 	-1.64935 	-0.00121445 	-0.115415 	0.00243933 	
3.85	2.27093 	-0.104706 	-1.65327 	-0.00115239 	-0.115406 	0.00236423 	
3.855	2.26785 	-0.10463 	-1.65687 	-0.00109462 	-0.115398 	0.00229468 	
3.86	2.26503 	-0.104561 	-1.66022 	-0.0010412 	-0.115391 	0.00223013 	
3.865	2.26243 	-0.104499 	-1.66333 	-0.000991814 	-0.115385 	0.00217024 	
3.87	2.26005 	-0.104444 	-1.66621 	-0.000946175 	-0.11538 	0.00211465 	
3.875	2.25786 	-0.104396 	-1.66889 	-0.000904005 	-0.115376 	0.00206305 	
3.88	2.25812 	-0.104358 	-1.66837 	-0.000867993 	-0.115374 	0.00201386 	
3.885	2.25629 	-0.10434 	-1.67079 	-0.00083275 	-0.11537 	0.00196896 	
3.89	2.25447 	-0.104315 	-1.67296 	-0.000799755 	-0.115362 	0.00192735 	
3.895	2.25276 	-0.104285 	-1.67494 	-0.00076893 	-0.115354 	0.00188883 	
3.9	2.25119 	-0.104259 	-1.67677 	-0.000740487 	-0.115347 	0.00185306 	
3.905	2.24976 	-0.104238 	-1.67848 	-0.00071425 	-0.115341 	0.00181982 	
3.91	2.24845 	-0.10422 	-1.68008 	-0.000690057 	-0.115337 	0.00178895 	
3.915	2.24727 	-0.104206 	-1.68156 	-0.000667758 	-0.115333 	0.00176025 	
3.92	2.24837 	-0.104201 	-1.68006 	-0.000649671 	-0.11533 	0.00173263 	
3.925	2.2474 	-0.10421 	-1.68144 	-0.000631467 	-0.115327 	0.00170741 	
3.93	2.24637 	-0.104212 	-1.68265 	-0.000614297 	-0.115319 	0.00168403 	
3.935	2.2454 	-0.104207 	-1.68374 	-0.00059816 	-0.115311 	0.0016624 	
3.94	2.24452 	-0.104205 	-1.68476 	-0.000583324 	-0.115305 	0.00164228 	
3.945	2.24372 	-0.104206 	-1.68571 	-0.000569694 	-0.115299 	0.00162356 	
3.95	2.243 	-0.104208 	-1.68659 	-0.000557181 	-0.115295 	0.00160614 	
3.955	2.24236 	-0.104212 	-1.68742 	-0.000545702 	-0.115291 	0.00158991 	
3.96	2.24178 	-0.104219 	-1.68819 	-0.00053518 	-0.115289 	0.00157481 	
3.965	2.24359 	-0.104232 	-1.68588 	-0.000527919 	-0.115287 	0.00155988 	
3.97	2.24315 	-0.104261 	-1.68666 	-0.000519903 	-0.115284 	0.00154628 	
3.975	2.2426 	-0.104278 	-1.68731 	-0.000512137 	-0.115277 	0.00153367 	
3.98	2.24206 	-0.104289 	-1.68788 	-0.000504683 	-0.115269 	0.00152205 	
3.985	2.24158 	-0.1043 	-1.68841 	-0.00049789 	-0.115263 	0.00151121 	
3.99	2.24116 	-0.104313 	-1.6889 	-0.000491708 	-0.115257 	0.0015011 	
3.995	2.24078 	-0.104327 	-1.68937 	-0.000486091 	-0.115253 	0.00149165 	
4	2.24046 	-0.104341 	-1.68981 	-0.000480997 	-0.11525 	0.00148282 	
4.005	2.24017 	-0.104357 	-1.69022 	-0.000476387 	-0.115247 	0.00147458 	
4.01	2.24214 	-0.104379 	-1.68772 	-0.000474348 	-0.115245 	0.00146613 	
4.015	2.24193 	-0.104413 	-1.68818 	-0.000471342 	-0.115242 	0.00145844 	
4.02	2.24162 	-0.104438 	-1.68854 	-0.000468257 	-0.115235 	0.00145131 	
4.025	2.2413 	-0.104455 	-1.68884 	-0.000465167 	-0.115227 	0.00144476 	
4.03	2.24102 	-0.104473 	-1.68912 	-0.000462412 	-0.115221 	0.00143862 	
4.035	2.24079 	-0.104491 	-1.68939 	-0.000459965 	-0.115216 	0.00143287 	
4.04	2.24058 	-0.10451 	-1.68965 	-0.000457802 	-0.115211 	0.00142747 	
4.045	2.24071 	-0.104906 	-1.69033 	-0.00042648 	-0.115246 	0.00137801 	
4.05	2.24057 	-0.104927 	-1.69056 	-0.000424844 	-0.115243 	0.00137324 	
4.055	2.24046 	-0.104948 	-1.69078 	-0.000423498 	-0.115241 	0.00136872 	
4.06	2.24263 	-0.104976 	-1.68804 	-0.000424414 	-0.11524 	0.00136377 	
4.065	2.24257 	-0.105017 	-1.68834 	-0.000424238 	-0.115237 	0.00135925 	
4.07	2.24239 	-0.105046 	-1.68854 	-0.000423762 	-0.11523 	0.00135508 	
4.075	2.24219 	-0.105068 	-1.6887 	-0.000423078 	-0.115223 	0.00135128 	
4.08	2.24202 	-0.10509 	-1.68885 	-0.000422543 	-0.115217 	0.00134769 	
4.085	2.24188 	-0.105112 	-1.68899 	-0.000422145 	-0.115212 	0.00134431 	
4.09	2.24177 	-0.105134 	-1.68913 	-0.000421874 	-0.115207 	0.00134111 	
4.095	2.02649 	0.0846738 	-1.15397 	-0.0176515 	-0.0912375 	-0.000366671 	
4.1	1.39603 	0.640569 	0.413467 	-0.0681007 	-0.0210467 	-0.00537211 	
4.105	1.24078 	0.777347 	0.796666 	-0.0805106 	-0.00395262 	-0.00661794 	
4.11	0.667765 	1.28398 	2.2186 	-0.12655 	0.0594693 	-0.0111231 	
4.115	0.348254 	1.42673 	2.57217 	-0.13218 	0.0791736 	-0.0213122 	
4.12	-0.894901 	2.10466 	4.3586 	-0.172937 	0.17095 	-0.0529099 	
4.125	-1.07094 	2.22235 	4.79378 	-0.188022 	0.191007 	-0.0512923 	
4.13	-1.34001 	2.45821 	5.51737 	-0.212082 	0.223521 	-0.0512747 	
4.135	-1.42074 	2.61664 	5.93644 	-0.226886 	0.240667 	-0.0503501 	
4.14	-1.66137 	2.82421 	6.58027 	-0.248304 	0.269918 	-0.0502629 	
4.145	-1.7123 	2.95344 	6.91825 	-0.260483 	0.283654 	-0.0491755 	
4.15	-1.9399 	3.14483 	7.50209 	-0.279475 	0.310622 	-0.0498482 	
4.155	-1.96065 	3.24563 	7.76678 	-0.289457 	0.321201 	-0.0482886 	
4.16	-2.17396 	3.42163 	8.29698 	-0.30644 	0.346123 	-0.0494304 	
4.165	-2.16623 	3.50002 	8.49167 	-0.314481 	0.353867 	-0.0477084 	
4.17	-2.34186 	3.6499 	8.93943 	-0.329533 	0.375315 	-0.0483657 	
4.175	-2.31342 	3.67979 	9.01532 	-0.333829 	0.378142 	-0.0464823 	
4.18	-2.48708 	3.72103 	9.26375 	-0.341571 	0.39238 	-0.0462817 	
4.185	-2.62089 	3.77528 	9.46588 	-0.347124 	0.403796 	-0.0478104 	
4.19	-2.76472 	3.89785 	9.80405 	-0.357179 	0.420419 	-0.0500104 	
